80 80
86 10 42 8 72 57 29 99 33 13 25 76 84 35 24 99 71 97 98 34 45 33 78 91 45 10 46 15 21 28 94 91 81 94 29 76 29 23 20 73 42 55 29 2 2 97 79 32 63 35 22 82 44 56 39 10 64 95 81 35 59 90 9 75 53 2 20 90 67 45 60 57 98 24 51 27 93 88 90 38 
95 27 94 73 51 87 10 3 1 81 99 50 90 99 68 43 63 76 13 84 44 54 96 16 16 38 67 72 40 56 98 62 75 53 6 98 8 85 65 82 94 99 43 10 56 6 16 60 17 85 40 56 38 83 80 54 8 91 34 69 95 5 3 38 57 21 81 12 81 8 86 95 76 57 36 83 72 13 57 78 
68 24 67 70 51 68 75 17 79 53 97 65 82 88 61 87 41 64 76 34 54 16 63 30 78 39 89 46 19 77 51 39 11 15 92 51 1 44 49 86 33 73 78 21 93 11 87 21 71 43 79 49 31 72 94 16 24 6 92 93 52 2 18 74 90 7 45 89 29 49 80 83 66 74 86 14 94 31 54 40 
36 45 12 3 39 40 85 19 33 95 19 31 95 47 34 3 91 75 89 40 94 23 51 70 72 57 12 31 18 57 92 34 73 83 32 9 23 84 51 43 22 19 26 82 42 21 32 35 49 21 20 22 78 7 56 47 37 99 27 77 71 48 90 82 61 97 24 41 48 71 11 35 100 70 54 80 58 85 6 69 
40 73 69 18 81 43 95 52 45 53 89 69 25 16 93 51 26 54 10 40 1 70 96 77 74 14 25 76 78 52 4 91 88 86 96 74 26 76 75 65 75 51 36 38 28 25 5 98 40 46 42 9 88 51 42 92 45 95 44 34 8 85 36 77 62 41 96 1 53 51 14 1 1 98 90 31 94 89 88 69 
19 95 8 17 36 85 94 42 9 32 100 30 23 100 66 94 77 47 97 75 24 15 34 19 92 79 55 6 9 75 61 98 24 45 25 94 92 45 5 29 58 24 62 56 68 65 18 95 90 38 59 34 23 17 67 12 12 52 18 38 30 1 2 10 63 70 46 38 24 6 36 91 79 42 84 18 60 97 72 24 
9 75 75 81 50 9 53 16 21 55 50 14 81 36 46 18 89 69 54 9 19 44 55 8 55 36 4 37 87 68 69 14 81 46 71 83 30 40 39 3 74 1 3 36 62 2 85 23 98 68 68 29 85 36 37 97 64 34 40 45 3 100 5 85 4 65 6 72 5 66 80 87 22 79 13 20 37 71 71 16 
34 20 37 88 51 62 67 17 78 37 94 91 38 65 33 49 16 72 71 43 40 41 38 20 11 56 98 97 46 66 12 79 85 4 45 38 65 3 37 63 66 26 52 36 87 88 68 5 5 36 91 54 17 22 85 91 80 74 61 9 94 65 74 79 85 25 7 95 97 41 46 71 92 56 80 58 20 47 79 43 
1 50 23 30 41 67 98 31 68 52 84 15 61 94 81 76 13 15 71 39 35 61 1 14 15 60 31 45 74 69 94 39 82 35 56 57 36 35 65 9 5 87 35 88 95 32 16 16 93 34 20 15 89 47 18 6 89 47 36 3 57 34 99 60 69 38 14 87 47 89 78 32 18 51 64 13 13 10 18 36 
94 67 67 31 90 86 19 100 63 3 12 48 49 74 38 64 29 31 52 36 40 90 41 48 31 93 2 91 6 10 85 62 32 25 59 60 86 69 36 86 84 90 58 15 98 70 12 94 75 17 59 82 99 4 62 42 59 38 67 36 32 65 72 8 66 47 76 39 50 83 7 97 90 47 55 49 24 58 81 85 
65 20 55 71 31 96 59 39 17 89 55 76 21 60 92 78 2 98 31 68 72 23 78 100 17 90 69 10 17 23 61 60 1 95 96 9 61 34 58 4 13 25 47 55 73 33 17 64 92 70 69 11 62 80 4 6 97 10 47 73 36 3 28 31 33 22 67 69 35 87 92 40 50 100 8 27 57 70 75 48 
30 81 69 98 53 50 46 61 56 76 19 26 11 87 14 99 54 6 88 85 21 26 1 89 26 46 85 66 15 13 53 1 59 75 41 22 96 29 75 52 15 33 98 73 44 15 11 55 3 81 13 58 5 22 35 32 37 72 5 53 56 53 95 83 65 25 30 39 63 15 69 6 90 3 79 30 6 80 65 78 
65 7 25 53 94 51 50 91 71 64 83 90 63 32 4 43 81 26 11 71 47 8 12 87 95 84 42 27 37 25 84 36 69 69 44 96 17 87 10 23 14 81 12 87 87 45 40 18 83 5 95 2 61 9 98 99 37 50 48 10 49 46 32 88 91 81 20 80 20 6 88 29 46 63 72 73 49 39 20 35 
95 12 25 82 37 20 28 86 18 54 41 37 24 89 30 79 50 81 37 62 73 89 63 45 41 23 21 88 41 10 21 12 84 25 74 23 29 47 11 28 36 23 49 81 14 54 57 45 13 35 11 61 63 14 24 48 71 54 5 86 25 8 76 52 64 47 51 4 10 94 64 49 85 61 80 30 42 89 53 11 
90 36 92 61 100 64 66 54 2 23 48 38 35 34 76 50 93 9 97 64 75 70 11 7 54 50 29 83 100 97 10 91 38 2 62 11 12 21 93 17 95 74 61 26 74 41 70 90 76 69 85 11 38 82 85 2 26 47 70 58 52 31 84 87 58 80 36 24 49 70 15 32 7 28 35 47 13 31 66 44 
61 11 23 12 33 43 26 73 81 86 62 81 32 95 84 91 98 41 62 76 82 98 52 31 90 83 45 12 98 60 28 72 43 44 48 2 15 63 82 96 94 78 45 98 41 45 79 85 48 83 20 6 99 92 31 86 90 13 49 48 42 37 79 27 62 5 32 78 60 57 9 89 34 11 45 65 56 90 96 38 
48 32 23 21 11 42 87 9 52 68 87 92 30 18 99 47 4 58 82 2 64 40 69 7 67 47 67 53 20 88 20 10 80 40 19 88 50 40 61 49 12 75 81 99 15 14 26 60 98 94 34 99 41 28 36 45 53 29 1 49 48 51 91 48 71 85 86 41 65 76 5 95 4 38 39 36 22 87 57 85 
21 28 59 59 28 39 87 35 48 72 20 51 25 41 11 89 96 72 35 75 29 46 76 77 56 37 49 84 48 51 46 28 93 4 60 36 82 95 10 52 4 70 79 72 6 72 36 61 73 33 12 52 33 46 41 60 93 30 82 40 57 70 3 85 81 91 73 48 79 16 100 6 67 93 16 42 17 10 83 78 
66 24 95 97 89 72 73 51 33 49 93 12 84 60 98 41 98 86 68 76 17 25 60 50 79 89 51 1 54 72 25 45 86 31 92 99 29 23 53 97 92 4 19 25 37 89 60 70 99 11 45 67 13 47 100 71 77 79 89 5 83 27 92 54 85 66 48 10 5 1 72 80 78 83 81 15 92 77 72 34 
88 17 39 31 4 8 37 1 93 64 16 24 40 95 75 90 65 65 38 48 92 5 26 25 97 47 81 37 94 95 77 87 11 79 18 42 50 36 100 5 55 21 100 42 33 47 20 22 71 93 71 94 81 41 21 95 49 37 4 54 62 66 78 68 63 99 81 37 27 59 20 93 87 2 95 56 38 8 31 12 
94 40 89 94 86 14 68 90 30 69 20 47 83 64 31 8 81 6 62 20 35 10 41 10 6 36 35 79 4 52 71 10 69 25 65 55 42 29 90 52 32 36 79 10 14 14 53 26 48 57 27 57 93 20 11 40 27 31 38 37 47 6 60 54 77 91 8 52 2 95 14 61 39 7 16 51 83 94 19 31 
95 33 73 77 39 23 89 10 58 67 4 70 57 48 76 72 46 8 57 22 41 22 77 35 35 27 48 92 88 33 60 20 95 44 33 76 35 55 38 81 4 5 17 32 91 7 56 81 47 74 85 67 54 21 22 32 97 20 74 70 99 11 67 79 68 24 71 11 59 53 33 56 64 81 43 92 79 65 92 87 
98 12 97 52 55 5 1 49 95 84 77 35 53 61 86 84 78 36 83 6 11 55 53 77 34 6 30 31 18 55 36 85 61 72 32 6 80 89 75 22 99 95 22 50 61 65 24 99 36 67 100 46 13 2 88 24 3 69 11 46 80 61 98 59 44 31 61 24 85 88 11 27 71 5 58 95 2 60 43 78 
97 33 83 84 6 36 34 18 57 36 100 47 3 19 45 82 100 93 89 62 45 20 84 76 68 43 15 63 25 31 64 63 63 76 29 32 49 99 95 15 78 49 95 60 97 16 2 17 27 87 51 44 58 4 77 25 46 13 8 58 51 17 67 87 78 64 66 71 25 37 84 16 40 26 75 22 43 92 51 14 
69 70 18 54 39 62 82 64 52 99 32 3 70 8 88 71 36 91 55 43 36 97 19 55 17 62 4 86 91 36 32 14 16 25 92 42 26 14 96 26 31 57 68 31 43 45 21 23 72 79 89 54 4 26 30 9 74 30 28 19 62 92 46 46 2 61 9 23 76 85 27 80 23 24 78 92 1 21 19 42 
68 75 96 77 71 74 50 94 74 77 75 2 48 53 47 28 6 14 36 74 66 100 88 36 61 11 6 49 46 81 92 18 52 54 34 45 100 92 24 62 74 28 56 29 10 65 49 69 54 48 75 38 95 87 3 43 77 5 80 77 49 21 8 27 97 17 97 59 74 32 3 7 28 84 67 9 80 23 25 65 
16 50 59 20 80 73 1 88 96 71 12 68 52 88 91 34 20 92 9 81 96 50 46 62 82 24 84 66 60 77 3 2 8 38 55 92 60 90 21 97 37 51 94 27 68 82 27 96 86 32 29 38 90 1 18 96 81 2 67 36 23 27 72 53 90 54 61 86 94 67 6 38 19 63 4 74 79 54 57 56 
1 18 46 22 99 42 96 22 63 49 58 70 11 23 77 83 68 65 11 2 62 40 12 13 51 100 99 40 38 5 78 48 22 57 85 88 90 32 61 87 62 72 84 33 38 70 21 45 96 69 69 1 62 41 99 68 40 33 23 74 68 89 50 94 46 84 3 56 45 32 3 80 8 56 52 5 86 22 64 81 
68 87 34 11 14 9 37 85 89 11 99 36 64 13 85 5 18 58 87 9 69 4 21 29 25 61 54 79 11 85 25 21 29 67 34 22 58 79 2 85 95 56 36 1 89 33 57 82 29 67 61 94 89 12 20 100 34 25 63 62 35 17 82 85 64 85 35 88 55 93 79 31 50 70 23 60 77 57 97 15 
13 23 79 24 49 21 13 98 49 62 37 76 53 27 67 84 7 43 32 28 85 91 60 22 43 30 34 16 32 46 92 81 51 67 28 73 16 97 23 69 80 61 16 55 30 76 74 14 37 69 55 24 50 16 46 97 56 89 26 85 30 12 88 49 68 66 29 82 75 9 79 96 35 91 20 50 1 78 52 63 
76 17 64 24 71 11 46 35 68 78 35 100 16 18 90 76 36 12 36 54 33 27 17 2 14 94 56 25 71 94 8 7 93 69 56 39 89 23 74 52 54 3 86 6 5 78 59 7 72 26 35 58 17 22 82 48 13 90 12 55 16 43 10 11 3 34 57 43 67 98 55 5 81 49 80 62 83 59 14 77 
37 53 44 24 74 68 27 36 25 77 58 34 82 90 79 31 65 45 27 74 86 86 21 90 15 74 7 43 6 80 33 10 37 67 14 50 72 38 13 4 37 28 49 67 84 54 97 9 83 65 60 37 49 36 10 41 15 15 36 37 100 8 51 19 27 67 32 95 97 10 8 34 31 91 20 75 10 6 3 77 
8 79 81 99 79 2 70 31 37 86 20 44 63 67 60 6 2 78 13 84 59 60 88 41 84 94 91 89 17 67 95 58 35 4 50 89 20 35 56 73 31 75 94 81 60 27 13 62 7 54 8 3 85 69 36 84 71 40 64 60 31 11 25 62 5 79 58 5 34 92 31 19 43 50 78 79 31 14 16 67 
29 73 100 7 24 17 46 59 59 8 24 48 50 63 8 89 4 72 29 4 6 29 65 60 14 53 72 80 81 3 36 91 2 41 5 10 46 86 15 100 11 54 39 30 42 99 13 28 62 76 21 10 40 4 37 24 79 3 60 43 90 22 98 92 5 91 71 94 39 60 52 83 88 11 58 96 44 48 68 55 
57 14 23 11 60 78 33 82 72 97 10 41 5 49 83 16 63 81 80 3 13 25 71 20 44 87 16 50 67 89 59 39 10 30 58 57 11 10 47 40 18 6 71 59 45 15 32 1 44 96 46 45 98 69 97 65 27 69 29 11 87 54 30 35 89 100 82 66 58 64 82 46 41 80 76 98 99 2 42 73 
65 48 16 93 44 79 58 7 84 19 95 10 55 25 83 89 6 23 83 15 87 6 46 86 57 44 39 72 26 44 67 44 84 76 69 83 21 46 95 79 53 76 97 94 90 36 76 33 20 26 82 49 2 99 57 85 80 100 60 9 56 25 23 20 8 45 19 16 22 61 53 50 72 55 98 23 80 74 27 92 
32 62 34 76 31 13 42 8 17 28 20 53 88 82 78 93 87 47 10 57 56 18 87 28 70 48 47 73 88 76 10 77 92 11 25 67 19 16 32 56 73 82 81 59 93 4 64 44 17 99 21 35 56 13 59 60 75 24 73 31 41 31 59 90 94 80 75 58 34 79 68 73 47 94 92 97 11 31 65 45 
40 46 64 42 72 41 39 35 6 27 90 100 42 80 64 21 76 1 37 49 61 74 1 40 32 72 80 54 53 53 26 55 43 60 82 36 78 100 4 78 83 80 94 97 61 14 74 50 23 35 95 4 9 75 85 78 18 2 59 27 100 14 51 23 58 38 51 37 65 90 39 53 15 81 62 52 40 79 94 45 
65 67 68 50 4 58 86 45 90 45 23 29 4 8 98 87 61 5 81 30 47 12 39 65 12 4 57 11 89 68 88 63 77 10 7 81 96 99 75 40 27 39 50 88 85 82 86 74 77 11 15 65 56 70 4 57 75 1 23 32 91 28 79 51 79 3 96 52 51 77 34 2 6 99 2 43 37 33 91 100 
72 35 28 55 45 66 43 10 3 100 86 89 99 60 47 45 36 12 50 83 59 72 48 6 97 16 20 51 21 10 45 71 60 81 27 77 89 8 73 47 89 4 58 67 34 11 27 69 60 29 20 58 28 65 15 68 66 57 33 79 70 14 41 80 100 78 54 72 82 2 18 26 22 97 30 69 89 84 16 38 
8 74 87 27 88 40 38 43 75 68 49 11 88 97 28 12 96 84 81 45 37 57 12 49 86 34 78 10 27 32 67 53 80 91 67 1 87 81 28 25 80 68 59 45 47 63 12 37 96 84 16 67 89 84 93 52 60 50 60 17 83 59 91 7 23 54 7 57 97 76 3 47 33 56 39 91 90 69 58 18 
96 87 98 70 93 96 10 14 20 55 18 36 59 22 56 81 30 59 89 34 6 11 91 81 81 5 46 75 33 20 89 5 36 30 97 52 25 5 19 50 34 38 75 23 30 28 89 44 39 34 24 39 25 76 27 37 68 66 21 35 59 75 86 38 100 77 21 75 80 27 83 17 68 62 38 49 40 38 74 57 
31 29 60 40 85 62 53 66 30 65 86 27 23 44 86 45 19 17 5 64 74 78 74 9 82 67 98 1 4 61 54 66 36 22 76 68 37 62 20 58 2 8 48 16 48 90 85 45 68 68 21 9 42 78 71 60 34 71 25 76 6 61 27 10 27 20 83 21 52 69 85 39 11 74 96 85 32 25 38 42 
70 73 71 64 42 46 61 42 73 66 76 90 3 51 53 14 22 52 26 61 22 81 14 78 82 19 100 29 39 15 56 35 91 100 92 47 51 3 39 67 46 23 89 69 19 97 46 94 86 77 83 11 59 93 82 81 34 78 17 57 4 75 8 6 41 47 53 39 64 73 8 86 96 89 83 56 51 16 80 54 
28 80 64 60 94 4 70 92 82 60 81 94 35 74 23 31 79 37 55 87 1 79 78 90 59 87 64 6 65 78 87 87 3 71 11 62 82 16 67 98 34 52 15 77 7 30 84 72 6 18 33 1 98 49 67 6 68 16 17 89 97 1 54 77 10 89 2 34 93 29 70 21 97 16 21 59 66 16 35 81 
71 67 54 54 13 10 1 4 50 54 12 88 55 58 29 94 96 98 44 57 23 48 85 23 70 93 83 4 32 54 76 99 66 86 18 86 26 91 15 90 29 52 1 2 15 73 17 99 51 87 80 76 84 77 24 7 50 98 72 93 89 18 67 57 30 4 59 97 34 24 51 10 23 41 18 43 25 20 80 43 
10 76 83 100 9 24 8 13 27 25 38 20 97 34 23 74 46 77 42 56 57 39 56 50 46 26 82 37 3 27 38 63 56 8 61 3 54 95 66 21 88 43 15 93 82 79 18 58 43 88 65 91 33 73 90 34 6 90 92 23 36 70 70 88 14 52 53 22 93 2 33 49 14 97 21 35 44 81 85 6 
96 44 60 97 23 59 18 25 8 93 33 57 84 81 10 34 57 7 33 58 20 55 54 57 83 10 54 81 51 23 13 5 24 82 92 33 6 35 11 26 53 69 70 5 76 39 54 7 2 96 6 78 50 67 81 40 67 81 98 81 42 35 50 30 92 62 56 21 83 40 51 78 33 32 53 52 9 78 51 3 
11 69 10 10 20 53 73 34 33 85 18 1 26 100 2 46 10 75 84 48 75 14 28 62 41 70 13 93 54 83 13 6 92 3 17 48 84 29 98 15 45 76 62 18 83 56 31 6 33 34 37 65 21 99 36 97 61 48 64 37 50 89 5 88 99 1 31 50 18 12 31 97 60 80 61 25 62 87 58 54 
63 81 11 86 83 38 80 42 75 9 5 11 8 83 54 12 29 93 88 38 19 21 55 33 32 5 29 28 83 32 63 20 46 85 35 91 43 76 73 95 59 70 15 53 6 5 40 28 28 35 59 97 4 78 62 16 10 31 62 49 38 81 83 25 73 40 69 21 3 59 34 93 83 28 57 14 98 45 6 79 
83 11 45 78 10 3 50 76 38 17 40 21 86 76 10 80 80 67 7 84 84 36 91 11 16 54 77 63 2 46 49 91 29 30 83 94 93 22 25 84 56 97 26 94 59 9 99 84 50 15 77 51 29 56 79 65 19 96 5 79 10 1 26 86 46 27 40 24 31 59 3 50 99 85 64 30 59 26 58 24 
11 57 37 57 1 71 42 8 49 79 51 57 85 55 50 68 59 67 16 9 23 42 4 22 96 66 81 6 57 21 56 77 35 94 79 1 82 32 30 33 60 3 9 6 57 6 94 36 38 38 47 56 86 99 60 87 73 7 90 13 95 42 19 9 39 55 30 46 77 95 4 73 99 48 57 50 29 2 87 75 
99 56 98 34 59 60 8 73 50 48 83 56 85 90 29 76 88 94 46 19 9 15 28 99 10 68 54 25 73 42 17 60 3 63 68 79 100 56 94 44 45 7 36 54 10 14 30 22 89 90 20 13 21 49 79 21 31 93 44 82 33 79 28 54 56 28 90 88 90 21 71 7 68 78 10 40 23 17 18 81 
98 51 73 81 78 57 38 88 97 31 52 87 21 15 24 10 10 46 30 23 27 90 100 4 25 33 44 61 48 53 53 73 12 11 63 44 66 99 96 89 37 67 86 18 21 5 66 70 62 41 83 12 31 99 51 18 20 18 66 78 77 28 47 12 77 30 79 85 87 37 50 51 76 61 37 69 87 56 72 65 
54 60 82 45 42 85 100 72 48 58 81 68 76 97 75 97 83 95 42 51 69 35 6 40 33 50 79 47 42 25 19 15 73 78 90 76 21 89 33 27 3 53 80 18 77 71 66 17 64 20 9 55 56 58 78 63 24 49 69 74 82 21 42 30 52 97 3 24 48 51 41 82 73 81 37 33 86 8 8 53 
2 44 65 71 14 73 88 63 59 47 47 84 69 6 31 6 70 46 49 72 25 14 25 77 41 94 7 29 77 21 48 70 22 35 33 40 29 48 64 25 45 12 36 28 41 91 38 32 50 80 91 66 72 22 93 90 85 24 30 40 96 74 90 26 94 85 64 65 9 53 44 71 82 87 39 69 2 42 70 83 
60 79 24 18 31 20 61 37 80 78 27 9 58 80 94 68 37 14 45 15 79 59 72 63 67 92 45 84 27 74 93 26 16 53 74 1 64 56 53 77 94 38 2 97 49 6 81 28 11 68 95 20 87 40 1 2 92 25 26 66 63 53 29 13 75 34 3 56 54 79 1 3 92 64 42 77 24 71 28 32 
23 21 66 78 100 71 92 28 44 58 34 20 25 98 61 90 44 86 3 85 3 39 43 51 34 94 18 38 11 43 70 93 26 71 42 48 6 27 13 19 5 40 7 66 1 81 27 88 72 94 100 55 34 88 27 94 74 39 83 80 6 44 100 11 18 45 41 54 13 85 40 94 53 99 63 38 47 22 24 29 
54 74 53 97 90 80 9 44 64 91 71 21 76 47 68 80 41 94 12 85 49 26 57 11 62 38 5 83 91 95 6 23 31 67 53 7 34 69 50 53 50 14 3 89 58 75 84 78 84 99 39 92 64 31 56 64 99 35 17 64 29 25 87 71 89 39 26 44 51 12 22 12 71 52 78 30 60 5 13 75 
80 65 37 92 25 81 36 90 29 47 67 56 31 89 36 60 59 84 27 31 45 68 2 51 65 24 82 100 61 63 79 30 9 23 55 66 23 60 5 62 11 6 6 51 33 15 81 69 18 24 48 56 40 95 78 39 63 26 80 73 7 29 65 89 94 34 74 57 66 55 77 94 98 22 68 51 44 82 8 65 
88 4 10 69 80 57 43 82 92 30 24 34 19 33 11 89 6 81 8 75 85 52 76 39 40 80 67 76 43 22 62 4 36 100 69 87 31 14 100 29 74 86 44 84 84 57 13 55 59 78 5 91 31 39 33 88 83 43 3 58 80 17 43 30 74 11 14 89 79 33 57 66 28 19 58 37 62 35 28 3 
13 62 45 43 73 8 85 71 66 49 59 42 73 2 10 78 61 63 67 19 29 78 32 17 66 31 62 21 83 52 68 35 74 99 39 31 2 50 81 59 26 14 98 90 12 63 82 71 100 10 80 84 6 18 52 46 95 100 38 79 46 45 5 44 93 80 34 19 30 57 73 59 92 30 68 76 57 37 32 20 
38 32 41 56 58 21 48 57 21 83 50 68 21 1 67 13 65 23 7 38 88 26 24 20 92 66 99 88 39 13 93 28 70 35 70 72 51 58 62 92 41 10 44 58 50 61 41 11 33 73 70 78 29 53 4 28 47 65 4 30 57 32 57 85 36 53 19 30 72 1 43 33 51 91 50 33 42 15 72 99 
82 1 67 98 23 35 91 9 74 52 79 17 84 87 72 70 18 45 73 95 28 25 47 99 38 10 80 93 79 8 62 25 46 6 74 19 63 73 69 29 84 22 3 81 60 20 43 51 48 96 51 95 47 5 38 51 89 29 29 50 13 34 71 28 1 10 100 25 63 67 32 91 86 52 37 66 97 27 35 86 
99 20 3 22 76 17 90 87 83 85 74 31 64 38 17 35 70 67 89 65 54 20 82 37 81 92 25 31 77 55 69 21 93 56 13 32 84 40 81 44 95 94 78 77 26 18 75 61 21 52 15 53 92 36 27 52 69 70 95 50 51 3 25 93 96 70 97 46 60 54 100 98 97 47 82 43 59 24 80 12 
68 71 86 66 48 22 84 54 42 92 56 9 43 20 41 25 17 54 6 47 12 41 42 67 55 11 14 98 98 56 22 83 69 53 44 45 18 84 78 6 90 38 1 9 45 8 12 32 14 27 21 84 69 84 10 4 29 30 82 25 45 66 50 55 27 56 60 96 15 32 40 5 96 65 6 65 20 20 90 16 
87 34 57 69 80 68 17 4 77 27 79 21 72 59 72 3 93 64 43 87 75 76 11 91 39 8 29 7 2 61 88 70 85 48 61 78 17 79 81 98 50 97 79 98 25 90 53 86 61 87 31 54 51 29 40 41 95 77 11 78 94 87 73 74 98 68 16 54 68 4 29 60 96 16 39 80 17 65 14 56 
70 62 96 92 20 3 81 71 32 60 76 34 71 5 72 98 66 17 33 98 44 34 95 100 57 33 1 7 31 45 37 52 7 52 42 64 76 14 99 37 18 21 31 49 77 76 69 1 69 49 59 82 75 59 23 69 72 75 87 33 23 38 59 3 1 48 9 95 36 80 65 33 11 100 65 6 27 10 6 32 
38 41 74 36 14 73 62 55 73 48 3 25 17 6 78 26 27 66 65 75 36 17 57 93 68 14 51 5 5 69 84 28 44 98 89 59 30 68 71 86 90 30 38 64 9 63 45 29 9 49 15 58 33 47 64 91 40 56 44 61 67 68 60 14 8 53 48 10 16 41 15 31 45 78 64 46 63 73 74 6 
11 67 94 62 2 91 80 37 74 98 82 100 39 72 49 7 92 61 30 15 83 89 69 94 59 27 36 81 17 53 33 43 46 16 71 68 42 71 8 83 12 84 86 65 16 98 26 10 7 10 44 62 65 10 13 23 45 85 89 92 75 71 50 14 70 19 49 23 69 12 58 18 90 39 60 10 65 16 21 17 
7 8 33 5 13 6 39 100 14 40 45 18 14 47 10 81 86 25 60 37 21 41 48 72 41 63 90 7 22 45 23 11 92 95 75 61 100 78 41 51 71 54 6 9 81 50 57 98 42 11 74 83 57 85 5 12 94 31 44 38 94 57 79 63 8 34 76 11 20 30 27 36 15 68 58 32 93 5 89 4 
31 79 89 100 55 74 62 46 70 97 77 2 59 76 93 34 44 16 79 99 86 66 7 58 43 97 70 68 38 85 67 29 90 58 39 91 13 38 62 20 88 90 21 10 63 77 29 73 38 59 58 36 32 94 4 58 46 33 93 9 72 16 6 95 5 4 90 20 51 9 54 19 63 16 96 89 25 86 6 19 
71 6 21 95 12 21 45 16 10 48 60 64 25 76 81 7 3 98 40 20 7 23 94 68 2 58 1 79 33 81 2 100 68 28 7 12 100 58 67 49 17 85 89 56 93 93 24 65 58 50 21 84 42 13 49 29 11 74 20 35 45 92 54 34 3 22 89 90 91 15 14 17 44 68 80 20 47 47 24 53 
91 96 96 71 34 18 91 5 90 2 19 23 90 1 55 25 91 12 72 94 1 5 37 15 63 96 15 6 24 71 29 49 67 96 63 3 86 76 2 38 32 52 46 27 67 40 56 69 97 48 96 54 65 43 97 81 41 45 59 80 34 49 44 15 95 39 52 67 16 27 69 9 28 15 35 43 46 93 67 50 
27 6 31 63 38 46 61 89 43 65 61 19 56 15 33 7 31 41 24 13 66 13 89 36 65 54 99 81 65 96 55 40 34 90 81 78 96 29 5 53 25 87 52 16 41 56 17 66 75 43 77 56 97 77 67 79 22 13 36 66 36 38 45 4 18 29 84 23 36 14 10 27 41 15 45 77 8 10 74 24 
75 12 37 76 91 65 14 35 76 9 25 37 38 56 19 90 22 81 8 82 75 19 69 2 41 32 38 24 48 68 41 2 21 45 67 15 49 22 50 41 98 39 31 46 22 42 19 41 35 28 57 5 48 68 81 11 69 95 8 90 22 70 13 11 50 62 59 79 94 97 4 73 56 72 98 60 9 37 42 85 
92 80 65 7 15 85 50 23 63 40 20 24 60 10 42 48 44 11 41 41 67 39 9 46 12 59 56 59 90 36 45 40 71 72 1 65 51 94 94 49 60 78 17 90 65 33 38 1 31 66 72 34 32 100 11 13 22 23 16 38 26 84 41 15 99 69 66 21 56 23 32 35 88 97 29 64 7 33 69 49 
83 28 45 58 71 32 59 69 40 66 71 7 51 77 3 5 46 57 93 82 47 100 96 71 74 61 64 36 30 59 60 56 19 26 84 77 89 90 14 45 14 66 1 88 65 64 60 96 27 55 49 18 62 55 23 83 37 13 17 13 44 10 96 79 1 12 47 16 8 29 40 12 87 77 63 18 41 45 100 64 
3 3 33 63 62 20 58 36 95 70 65 12 34 38 17 61 38 68 26 69 73 7 14 80 98 31 1 48 23 72 68 72 80 72 78 15 24 28 56 35 58 25 66 68 51 43 23 35 85 1 44 89 47 82 17 100 81 34 41 44 23 47 67 72 11 55 48 37 48 15 78 25 34 51 62 27 20 80 70 25 
40 44 56 97 17 16 40 58 65 72 90 84 24 26 57 7 92 76 41 55 54 15 92 87 23 94 78 50 33 55 74 41 48 58 54 76 85 70 80 83 75 4 40 62 81 15 58 7 65 83 89 60 82 67 76 44 25 78 21 12 55 25 7 83 98 30 57 74 79 8 44 41 31 69 65 85 18 70 46 92 
42
