80 65
9 14 19 60 61 43 61 71 73 5 39 13 98 47 87 33 19 29 15 84 25 75 90 65 92 36 31 7 8 2 70 83 17 67 48 37 63 34 74 61 59 28 48 61 24 47 28 94 50 61 5 66 94 47 99 24 13 27 96 73 79 27 95 19 53 
94 31 10 96 30 87 10 41 28 24 58 73 24 75 78 71 96 95 41 21 78 68 8 1 69 93 84 92 48 14 90 76 36 65 13 17 63 46 84 35 23 44 24 27 29 68 30 89 16 74 100 48 25 71 26 94 93 66 92 91 16 73 60 95 63 
85 45 7 67 4 88 53 6 66 92 39 65 9 83 60 27 65 98 41 48 89 30 28 7 39 61 88 36 74 80 59 70 54 67 65 76 22 65 1 50 33 9 33 86 52 59 83 64 27 55 84 6 14 5 31 95 21 70 68 62 79 94 66 80 70 
7 10 27 69 100 81 100 68 37 2 96 14 71 1 86 46 53 81 61 44 81 28 17 3 14 83 99 7 32 58 40 64 54 82 57 23 12 90 82 81 51 10 53 67 18 5 81 47 41 59 79 83 24 39 12 59 98 58 6 33 14 24 26 100 64 
42 5 67 64 21 96 60 40 92 66 40 90 30 62 83 31 63 22 47 39 78 92 46 45 88 92 92 49 95 41 74 55 71 14 95 56 63 19 80 7 52 94 23 66 57 70 42 97 58 59 55 71 58 49 3 90 37 18 76 35 49 11 14 10 70 
25 7 27 97 4 97 71 64 49 62 13 11 70 45 80 30 58 38 3 83 49 54 83 39 97 35 60 11 92 83 75 59 82 10 55 4 83 48 62 74 95 59 87 64 56 44 83 87 88 32 59 55 36 2 87 1 92 77 99 49 66 75 61 81 32 
22 57 56 61 56 26 97 47 78 36 31 48 26 75 55 22 82 99 70 29 36 79 98 20 68 19 77 41 18 44 97 20 65 89 23 22 25 23 20 70 37 93 75 92 10 87 82 32 42 26 20 26 28 52 76 46 30 73 55 50 72 62 91 98 71 
48 69 26 43 26 98 83 13 83 3 60 48 15 33 92 70 78 93 100 30 11 51 91 45 4 87 55 29 18 63 13 80 66 54 10 79 24 57 55 43 18 67 52 23 19 98 79 37 35 70 100 79 76 10 24 52 47 23 44 17 79 38 20 39 19 
33 87 86 17 95 8 18 1 65 95 54 23 84 71 18 15 30 54 94 80 9 68 48 21 59 32 94 77 58 70 3 19 57 46 100 23 78 14 89 22 40 40 90 16 20 47 96 75 45 63 77 73 76 95 88 37 35 58 51 7 87 20 34 17 72 
53 40 71 43 96 65 62 80 67 14 50 54 88 64 11 85 8 14 15 8 31 83 96 38 90 13 27 9 25 4 3 18 52 7 4 99 32 13 90 18 81 43 41 56 76 20 59 12 44 72 83 73 52 5 86 98 22 36 61 28 45 90 9 32 62 
84 82 24 48 56 64 35 15 24 69 14 95 74 92 86 3 2 67 9 86 80 85 92 75 11 97 68 38 80 1 45 77 39 76 65 24 76 33 53 27 40 79 38 30 38 25 61 96 36 71 25 13 96 60 42 96 61 87 75 66 66 90 85 72 22 
73 41 89 14 31 43 3 3 79 58 70 38 9 86 8 91 13 99 65 95 66 16 58 41 44 12 92 52 20 73 95 65 72 41 26 66 84 19 55 62 42 25 1 3 36 8 1 67 26 81 23 80 49 26 62 39 50 66 80 46 80 28 71 84 88 
25 68 88 8 42 20 96 5 9 16 71 36 65 15 44 56 89 23 9 42 29 34 78 48 43 97 67 92 62 3 76 50 21 100 94 6 18 65 18 68 100 5 91 80 94 63 87 64 14 50 100 70 29 27 10 45 68 9 39 22 84 69 23 100 30 
60 55 69 96 80 73 95 10 61 15 76 25 39 44 23 15 42 27 44 75 22 23 13 87 87 96 74 97 25 89 95 22 34 98 81 73 85 39 16 71 81 5 71 85 11 45 23 23 88 24 65 60 25 36 89 68 100 78 88 99 2 19 4 37 65 
12 12 90 22 28 24 34 59 32 53 95 24 3 66 39 28 81 23 22 69 2 71 97 22 35 47 86 10 44 14 86 41 39 22 35 65 84 75 71 95 74 47 72 99 14 70 33 55 46 99 48 13 7 24 81 25 23 70 47 32 76 21 50 8 84 
59 39 10 82 91 75 88 15 18 28 36 56 63 46 13 26 60 66 43 67 77 48 85 6 18 66 30 10 41 81 58 5 61 80 82 33 56 59 38 49 70 70 9 92 93 90 96 84 64 51 73 35 20 47 80 57 89 23 42 23 98 100 38 21 57 
81 33 79 20 54 49 77 47 2 68 64 16 48 51 42 58 24 41 93 10 44 87 55 20 95 84 77 34 100 47 8 61 9 38 95 95 16 25 8 30 22 43 1 7 71 78 81 77 51 14 59 68 29 87 89 88 51 46 15 4 42 32 98 79 77 
4 89 59 18 72 59 40 22 37 12 52 81 25 36 46 42 83 82 78 11 61 54 9 58 95 63 77 59 95 83 5 45 60 2 54 52 98 55 39 92 31 90 52 72 95 5 78 53 68 44 87 18 92 54 38 78 77 30 36 55 89 13 23 16 63 
7 84 35 10 27 24 15 84 10 23 6 41 39 77 87 14 60 9 1 66 99 68 66 12 9 79 2 16 95 4 40 98 11 20 100 20 16 35 71 29 31 93 18 67 49 34 90 93 77 19 28 69 9 32 74 98 73 16 45 33 92 10 11 74 53 
94 3 40 70 49 35 77 94 6 10 29 5 31 54 4 77 59 90 88 11 3 51 9 81 73 96 46 29 93 69 29 4 4 18 83 44 82 77 16 22 20 57 36 33 37 18 72 73 33 97 12 40 91 39 94 73 89 41 14 85 90 99 25 71 11 
41 66 3 90 61 8 24 4 4 47 17 11 63 48 10 9 81 34 37 46 75 82 72 17 33 48 98 31 32 54 90 42 88 3 17 68 48 95 88 46 64 72 99 2 18 11 69 20 91 45 54 58 94 76 84 25 98 8 64 34 43 32 32 87 95 
15 67 49 95 94 86 45 24 74 79 46 57 67 60 64 100 40 48 54 22 56 98 95 31 9 38 5 54 1 99 98 19 20 38 6 52 98 74 13 37 67 15 70 97 45 29 100 98 14 86 3 85 80 85 22 98 14 30 40 31 31 29 93 36 40 
26 51 66 78 90 79 30 18 22 90 5 5 53 54 99 65 41 9 2 80 1 16 33 42 12 23 86 20 90 56 44 99 34 34 79 79 55 84 100 42 74 9 87 31 42 15 34 91 95 20 86 66 81 100 43 58 8 30 76 89 84 31 60 21 71 
46 28 25 72 85 11 9 3 22 1 34 40 35 56 93 37 19 48 25 47 12 5 83 6 22 4 88 45 29 21 31 57 15 45 16 28 50 100 38 96 10 44 51 21 32 37 72 64 29 93 21 1 5 65 89 47 52 16 93 41 23 86 59 18 11 
59 29 92 65 76 3 1 45 64 47 96 87 71 33 81 14 22 92 29 44 40 97 33 61 6 6 71 53 33 32 86 38 92 15 16 26 14 26 23 88 50 13 6 45 72 80 2 74 29 55 99 8 18 81 22 78 13 57 69 20 61 82 5 45 62 
6 35 45 62 82 23 89 39 66 24 15 72 19 47 52 7 2 63 93 56 69 30 25 19 1 100 90 89 42 23 16 84 6 67 50 38 98 23 85 11 50 59 71 27 60 44 26 41 4 54 5 83 36 31 7 55 21 64 95 55 44 99 76 66 98 
13 79 30 52 100 6 94 36 50 51 11 12 29 15 13 5 90 68 96 12 58 24 93 25 91 27 21 26 96 87 13 42 55 88 96 73 90 68 59 20 69 54 18 86 48 77 100 29 70 17 64 77 100 60 54 48 45 47 65 23 89 52 25 74 60 
43 66 44 86 77 23 26 23 48 64 94 50 9 75 74 78 3 26 64 5 93 3 53 24 75 87 75 57 14 95 4 77 29 38 96 42 27 50 5 50 61 84 53 97 48 5 15 77 91 91 55 78 86 50 28 57 100 9 22 90 51 16 23 37 41 
82 14 64 4 46 33 21 88 34 76 56 67 53 6 17 57 39 87 83 93 50 88 8 71 71 5 84 85 71 96 55 89 37 33 22 80 65 13 40 86 90 83 2 82 77 75 29 96 20 45 40 56 4 74 70 4 35 68 44 73 43 65 29 98 14 
43 39 17 6 75 45 76 47 92 18 46 31 26 26 13 53 68 28 8 58 55 74 77 81 56 80 13 7 48 39 6 92 80 98 67 13 77 3 45 23 24 96 51 63 43 4 29 30 46 85 69 5 25 79 32 12 15 14 43 34 40 47 67 23 37 
41 69 73 100 19 42 55 1 33 27 18 82 45 79 10 21 3 48 79 6 80 78 50 94 72 38 93 14 100 46 27 55 64 54 23 54 28 82 100 46 37 47 36 80 8 12 26 84 37 46 64 46 4 84 37 41 91 12 44 17 26 25 95 29 26 
40 41 76 97 42 35 86 22 18 51 47 41 89 78 81 95 50 87 19 9 87 35 9 13 21 45 74 37 99 90 2 39 33 52 27 27 65 59 48 10 90 93 72 69 89 38 8 46 36 20 25 89 84 29 49 90 56 50 86 27 76 42 72 75 32 
28 98 53 56 89 59 31 50 87 19 5 2 49 13 16 71 82 93 68 40 21 16 80 51 5 32 73 79 55 89 64 21 83 5 40 87 64 50 23 25 55 30 42 33 22 94 87 11 36 76 4 82 35 67 51 76 55 65 35 45 100 50 94 75 78 
88 89 90 43 52 32 81 13 23 56 100 40 2 2 99 91 56 89 100 14 57 77 41 39 18 56 26 20 9 9 58 21 19 31 65 5 99 11 22 71 90 6 38 57 40 59 68 100 39 45 50 25 47 40 96 89 97 61 86 29 68 13 23 62 91 
31 73 50 25 21 92 37 5 34 93 95 62 16 42 63 59 29 51 49 97 30 30 36 87 59 4 10 82 67 11 98 27 87 42 97 67 31 74 12 13 64 27 48 73 87 30 24 76 30 88 94 69 46 69 5 48 40 75 17 57 89 54 72 76 29 
62 86 62 19 90 94 40 5 14 80 30 45 35 73 78 70 7 84 26 93 80 14 18 79 4 73 51 56 71 71 12 22 87 78 51 69 100 75 85 47 44 25 41 20 46 46 78 5 21 64 34 84 69 80 10 32 14 74 73 2 72 28 38 61 36 
54 73 74 7 44 25 62 21 88 68 100 40 22 15 21 4 100 60 42 80 13 15 39 40 84 85 19 55 21 82 75 91 14 73 33 47 83 15 8 62 44 20 32 86 28 57 39 97 80 72 96 97 19 1 23 32 37 98 57 7 74 99 26 100 79 
92 56 100 72 85 22 98 37 63 20 40 35 97 13 3 8 39 82 43 99 10 89 53 39 77 25 3 55 70 10 74 92 79 57 82 83 41 26 76 83 11 24 49 60 54 28 91 12 34 45 80 50 62 24 80 67 38 86 11 79 3 52 87 15 78 
61 51 86 67 26 54 69 29 65 47 63 75 4 92 39 29 39 7 63 55 100 5 65 46 66 83 4 32 14 77 29 41 100 1 47 23 7 6 49 36 19 57 52 32 91 1 56 99 23 66 25 61 69 35 50 23 45 64 36 20 89 49 37 16 12 
67 23 45 40 21 51 2 23 94 80 25 76 80 51 21 65 36 20 30 70 89 8 37 62 85 25 53 3 70 62 56 45 22 71 47 78 100 71 48 68 59 44 80 74 53 33 71 43 34 25 90 20 100 97 10 13 69 66 46 13 69 48 14 54 80 
42 17 57 59 76 45 6 43 88 49 36 7 29 29 40 17 13 41 22 17 43 16 55 26 99 39 13 43 57 46 2 91 80 23 94 28 3 19 44 26 98 11 45 94 88 76 47 82 52 65 62 2 45 80 98 55 11 100 26 51 74 8 59 46 26 
7 93 50 61 46 50 77 10 73 16 32 80 95 64 63 6 17 5 30 69 79 13 46 33 23 9 17 3 57 4 76 18 88 35 85 27 51 48 55 2 66 99 99 92 69 99 36 34 29 4 93 55 40 29 77 42 29 53 26 68 55 23 49 87 62 
89 4 50 16 19 8 98 49 75 42 36 84 67 14 91 12 92 93 9 43 31 13 59 64 80 32 13 62 11 72 59 2 5 94 47 69 3 71 69 7 57 68 41 27 90 49 25 50 84 50 12 20 62 12 51 2 45 50 5 41 68 94 58 57 14 
54 9 93 98 70 28 53 94 50 57 86 100 32 83 6 79 95 13 53 25 18 32 43 38 58 29 57 5 99 100 52 32 100 93 21 59 19 35 25 64 24 55 53 35 94 4 18 60 76 30 76 79 65 59 14 79 1 89 75 40 14 99 89 57 59 
30 40 100 23 98 87 80 91 25 18 41 4 23 3 91 52 53 76 40 77 35 69 23 87 13 63 97 1 63 47 71 74 20 84 91 73 66 32 89 16 79 75 73 72 73 52 19 98 42 90 85 65 9 87 56 87 46 91 10 65 95 82 37 1 33 
43 62 52 35 77 67 28 49 19 93 46 78 33 75 2 28 7 44 31 75 74 98 37 55 29 20 47 95 25 1 11 8 57 99 31 47 68 26 19 85 46 71 11 61 93 71 68 12 68 10 65 70 64 1 37 28 48 75 30 56 84 94 89 58 16 
46 68 88 75 11 47 61 55 84 93 39 52 4 11 63 65 30 46 81 16 51 50 70 24 33 32 68 45 27 34 62 64 6 14 91 96 97 32 68 45 17 59 23 8 51 63 24 41 10 44 37 16 66 6 11 32 57 15 16 69 95 58 73 96 39 
6 34 57 94 59 19 17 65 11 20 37 76 69 6 92 16 14 12 77 97 96 97 47 19 75 80 94 77 88 12 56 62 71 38 7 45 78 48 74 28 93 35 90 21 87 91 65 67 5 28 38 27 75 97 50 1 52 35 35 33 64 71 44 53 25 
72 24 24 2 8 20 15 87 64 94 13 89 30 59 45 52 49 66 73 65 100 19 88 21 52 82 6 43 13 8 43 73 48 13 40 8 72 61 43 13 1 55 64 65 48 22 86 79 87 52 85 50 14 37 78 99 98 5 23 93 69 49 24 10 27 
3 34 36 34 5 37 33 35 53 65 13 35 57 86 100 98 15 44 78 69 86 74 39 33 46 93 97 44 20 46 19 11 53 78 94 9 60 28 46 51 46 93 50 56 17 97 18 83 100 66 60 14 52 87 36 14 27 7 52 11 24 16 72 51 46 
80 49 31 37 57 89 26 68 4 4 44 6 32 25 90 81 98 75 18 21 35 24 93 46 42 70 12 16 98 31 39 92 78 37 55 48 72 41 36 30 41 19 3 81 57 1 11 55 21 62 72 81 47 72 17 75 53 75 62 4 14 46 17 29 44 
53 57 6 29 18 51 18 28 53 6 50 1 18 83 48 48 26 86 21 56 94 30 67 82 7 45 46 46 57 70 19 85 59 32 28 92 75 37 98 70 75 99 72 46 33 90 11 26 35 91 31 5 38 68 48 52 20 16 53 32 92 28 53 36 82 
96 29 31 7 53 9 59 73 95 57 36 95 58 23 34 23 38 6 44 95 66 22 68 81 99 86 67 68 66 47 68 12 84 28 26 48 55 68 66 45 80 69 71 42 63 89 83 85 98 38 32 92 52 68 20 71 90 58 5 94 7 45 85 1 54 
46 64 70 96 69 46 6 9 21 7 98 22 39 18 83 62 24 35 96 49 45 79 86 55 35 59 64 15 16 23 67 82 3 40 86 20 83 38 81 8 79 61 81 99 33 16 42 44 61 26 13 77 84 99 36 27 32 97 63 5 56 51 94 66 22 
57 46 71 54 62 15 72 61 5 93 5 54 89 51 75 47 86 91 51 97 18 45 15 18 47 66 31 89 70 26 22 28 24 39 85 8 22 61 68 34 72 30 93 14 78 62 7 83 6 11 79 69 56 49 95 12 93 34 97 64 14 74 89 48 62 
96 95 43 4 90 33 19 50 72 64 50 61 93 14 71 83 99 68 65 16 2 12 85 80 21 51 56 52 11 25 8 94 84 29 37 79 86 73 89 86 92 64 27 45 24 88 15 21 17 18 22 83 69 85 60 7 67 84 68 83 76 7 39 56 10 
9 41 96 47 65 66 84 50 82 35 72 2 44 18 33 66 24 59 26 29 99 11 33 3 37 30 41 72 35 71 90 21 54 85 93 84 58 25 8 96 55 92 17 35 14 89 40 87 77 66 97 78 14 63 74 48 92 96 90 64 28 36 44 1 77 
76 86 24 68 94 76 69 65 42 86 97 54 36 71 60 64 14 28 23 58 95 5 9 78 50 31 83 24 69 75 75 89 96 76 7 84 50 68 97 37 55 20 25 38 67 61 4 67 49 38 86 27 35 58 85 69 100 93 23 84 5 51 6 93 5 
46 87 65 22 19 96 43 28 92 20 60 95 55 77 62 93 25 3 91 64 21 62 86 81 41 43 87 81 42 97 88 37 63 32 38 93 23 72 1 86 7 49 35 32 5 75 22 45 74 25 90 13 44 14 92 55 72 66 34 35 31 89 70 6 74 
25 4 94 32 20 74 77 3 40 99 92 70 35 14 81 48 16 31 66 31 8 99 11 17 77 45 9 5 64 29 99 13 62 31 11 54 26 69 79 52 87 8 93 18 31 2 52 96 55 95 58 46 96 61 63 37 28 62 43 61 39 50 83 94 54 
60 78 57 60 40 95 57 48 38 50 24 78 43 87 49 33 31 76 9 21 80 54 28 33 44 82 3 75 15 100 14 24 100 85 65 87 84 56 57 45 84 84 71 30 91 93 22 58 60 59 99 15 1 51 18 71 74 70 44 68 100 68 53 12 31 
69 63 56 46 16 19 64 64 15 51 77 96 50 9 50 72 95 54 98 16 49 69 85 53 53 3 56 76 81 75 70 5 21 89 9 14 60 47 53 14 65 62 53 100 16 92 44 28 27 67 81 63 70 74 82 4 79 8 14 9 13 25 65 41 84 
43 75 24 98 77 29 92 59 10 26 44 28 32 88 59 47 91 62 22 61 60 33 69 99 94 58 63 11 31 77 32 51 80 72 55 64 75 67 75 20 11 7 63 96 74 46 66 1 36 30 21 96 87 73 11 63 5 41 95 99 6 2 39 67 15 
7 31 22 44 11 62 78 86 44 86 8 46 93 21 83 70 61 33 77 46 1 13 24 92 57 57 80 44 48 93 30 19 78 24 61 16 67 70 59 65 25 39 30 59 22 66 42 18 21 76 32 64 80 77 36 13 37 97 31 21 38 98 88 23 70 
49 97 59 4 38 95 86 76 43 2 6 36 14 76 64 66 13 13 97 38 29 56 36 54 59 6 98 10 25 41 13 57 67 73 71 58 24 16 94 63 14 41 64 55 47 38 50 40 54 2 37 65 11 40 35 16 82 37 17 13 17 39 35 4 84 
56 85 26 9 55 44 90 63 44 91 13 17 28 74 76 51 7 7 17 88 47 92 73 99 31 4 14 88 88 91 63 51 43 66 70 91 49 97 3 96 79 30 55 49 1 94 96 4 60 64 14 45 39 97 14 40 73 67 92 20 40 44 75 67 56 
12 18 90 32 21 82 17 95 6 44 36 62 24 12 58 23 96 39 87 76 50 66 30 22 98 40 68 3 11 73 72 43 52 60 46 43 93 52 22 16 25 55 42 69 37 25 2 81 27 39 38 24 54 96 88 17 69 64 56 34 68 76 55 80 52 
50 20 22 98 71 3 42 79 77 1 30 64 23 72 49 10 27 45 47 24 9 31 72 39 87 78 42 51 93 48 67 6 7 92 8 30 42 49 51 40 13 17 4 92 86 48 67 33 77 73 11 82 49 67 76 46 44 98 89 51 22 29 35 44 14 
63 46 87 2 43 95 65 81 66 5 67 82 57 1 17 30 9 85 56 1 4 97 14 85 52 87 19 51 23 37 28 17 55 78 78 30 63 6 92 13 92 94 94 66 68 45 16 89 58 40 84 88 42 78 46 72 45 100 61 55 97 55 52 28 9 
51 19 43 84 90 43 54 11 87 35 84 99 17 14 23 48 46 10 70 78 39 32 84 53 43 45 100 66 96 45 20 87 12 34 97 74 31 22 63 10 51 7 73 12 65 31 63 26 77 88 49 4 77 42 12 21 84 92 41 90 96 65 34 72 9 
55 89 99 88 17 15 43 3 90 54 13 61 18 4 59 7 77 65 7 66 30 63 66 42 84 20 72 16 7 72 66 94 20 52 17 99 97 97 37 12 17 43 54 4 61 8 35 12 46 97 70 55 32 55 74 87 61 71 63 43 96 1 91 18 77 
60 83 75 16 11 89 100 83 39 35 21 77 98 62 71 71 62 69 69 67 23 3 40 18 14 59 91 91 52 92 34 82 25 50 7 9 73 66 40 36 36 97 64 15 63 68 61 36 18 79 14 38 15 79 75 11 61 99 2 83 21 32 97 96 100 
61 62 95 13 6 55 87 11 28 12 58 54 2 65 33 62 68 67 30 92 100 18 52 12 71 42 97 67 94 65 91 74 58 80 74 75 16 22 2 36 63 71 23 88 34 65 61 28 99 84 9 31 33 44 11 54 5 6 90 13 82 95 44 78 78 
83 32 17 73 67 4 68 81 73 58 46 51 44 27 91 31 100 28 22 18 81 17 66 78 14 53 46 22 48 43 81 53 66 35 11 27 71 75 55 5 77 43 71 65 88 47 63 19 21 18 69 62 11 55 14 11 13 7 19 57 84 82 90 8 1 
33 44 96 62 56 33 5 68 95 73 4 85 45 98 13 35 97 91 43 62 69 56 73 77 8 46 54 66 61 52 67 38 58 15 69 23 44 27 97 58 59 23 19 22 49 87 57 4 62 19 12 20 60 35 75 6 45 7 96 59 91 54 46 2 25 
40 5 88 94 52 40 86 15 59 81 90 100 61 91 66 97 100 88 17 88 85 76 27 39 46 91 29 90 20 60 94 34 45 33 42 20 12 39 16 76 81 81 82 44 88 52 37 65 94 59 40 70 31 78 92 44 70 63 43 82 14 16 95 64 75 
53 22 93 100 47 40 87 53 29 89 34 79 70 9 15 76 87 26 81 83 30 82 47 51 60 71 2 41 18 58 80 85 36 15 40 96 58 76 28 6 57 8 33 80 71 50 75 35 1 65 53 44 26 4 68 26 48 82 89 41 65 17 29 47 22 
62 50 72 14 70 7 30 17 34 11 78 77 6 59 73 2 96 78 3 5 90 58 93 14 51 93 97 50 78 39 44 22 54 67 87 2 91 71 84 81 66 46 100 5 98 64 7 61 12 3 41 51 100 4 17 65 49 70 29 64 28 23 75 16 34 
92 92 55 39 94 89 41 3 22 10 66 24 67 67 20 58 34 24 94 20 24 26 28 53 84 96 90 28 76 53 57 96 87 22 48 37 88 29 10 46 33 12 69 60 30 99 89 27 37 12 10 63 67 12 53 40 9 97 10 15 76 6 66 87 68 
7 6 37 94 53 22 99 81 49 16 56 98 61 51 67 31 50 17 67 19 31 6 88 23 69 99 5 84 74 35 5 12 61 96 16 86 75 29 65 74 3 5 40 97 26 58 77 98 74 83 99 96 3 76 77 14 89 27 88 42 11 26 97 52 90 
23
