35 50
92 51 37 79 78 2 100 82 5 18 48 62 87 97 29 11 54 80 70 65 27 11 53 6 88 80 91 5 70 60 98 2 13 94 59 8 63 76 39 83 10 40 86 20 94 67 28 37 13 48 
55 58 27 72 38 43 40 34 39 84 87 83 99 89 85 37 18 13 100 58 53 19 58 49 12 56 92 15 8 16 93 19 10 87 42 98 100 13 99 41 17 47 98 35 63 34 79 28 92 78 
38 74 3 69 95 56 10 85 95 95 77 81 100 100 14 37 40 11 86 39 18 46 86 88 11 46 62 88 81 85 12 40 12 93 72 49 28 90 69 30 57 57 22 48 52 71 99 52 75 79 
70 76 12 13 9 10 72 36 45 84 93 98 60 99 47 29 73 6 30 2 76 22 67 46 3 17 81 80 47 34 93 15 51 13 60 28 51 22 68 25 38 36 28 25 70 9 59 43 44 19 
38 62 22 98 57 3 61 68 33 48 92 41 28 75 57 71 6 96 77 41 23 23 43 43 15 96 26 84 51 41 51 1 52 61 98 7 97 62 11 67 68 63 22 92 3 63 41 4 58 44 
56 93 3 41 39 86 96 11 65 94 16 72 85 98 38 10 99 1 95 54 44 61 62 86 72 60 30 28 82 99 87 18 55 11 9 81 80 29 28 40 77 69 35 34 63 87 23 41 19 43 
99 7 30 80 3 47 32 79 11 63 87 76 29 84 47 35 85 42 99 19 82 23 99 95 79 68 32 80 1 5 54 3 96 41 12 37 93 46 43 39 36 8 90 87 85 30 3 16 12 19 
4 84 41 72 25 17 8 60 62 21 29 75 3 59 11 73 14 29 49 56 97 89 85 46 49 17 18 62 97 8 9 100 80 37 5 68 96 37 71 43 50 86 27 43 64 96 9 15 33 33 
2 16 37 34 25 8 51 84 56 9 5 78 38 71 89 73 86 61 8 14 5 94 22 85 81 21 40 6 95 76 44 11 97 38 60 39 14 69 9 41 92 18 3 96 95 12 68 70 12 73 
6 68 39 36 28 60 40 43 33 93 11 57 99 8 92 5 11 26 99 49 61 69 81 58 70 43 19 98 33 89 23 98 88 73 87 36 46 86 17 63 47 63 40 56 24 51 61 68 90 74 
16 14 74 86 43 16 86 7 87 100 74 73 75 96 3 64 56 8 80 71 89 53 88 35 3 68 26 48 90 50 45 20 88 74 39 41 63 2 32 83 13 85 59 49 35 100 53 31 39 11 
60 57 98 8 64 32 60 81 84 94 81 43 80 61 31 86 77 16 90 45 92 75 53 12 33 24 88 15 89 23 20 48 44 16 48 42 83 87 10 78 57 64 49 12 46 48 46 51 32 27 
35 95 51 94 1 40 16 93 31 12 15 49 71 70 16 55 10 89 56 40 92 39 78 16 22 89 49 93 26 17 76 20 75 20 94 59 90 19 6 29 74 35 86 71 53 69 85 14 17 6 
95 39 84 40 58 90 45 78 44 65 51 76 8 77 51 11 10 97 91 98 77 89 43 99 11 14 17 87 90 63 66 66 13 40 100 49 85 12 74 53 41 89 92 65 54 11 67 79 89 42 
15 19 79 15 78 87 47 57 3 8 92 9 19 65 27 7 98 32 23 88 80 58 97 51 8 67 64 68 91 55 20 39 14 20 40 29 31 54 4 39 39 64 83 88 1 20 53 11 72 50 
11 7 50 9 24 93 46 10 17 27 57 88 97 35 74 34 63 37 71 25 45 56 42 29 79 71 3 66 8 31 55 58 67 43 83 90 84 14 44 68 19 1 62 52 14 91 26 90 29 29 
78 96 82 61 20 25 23 62 78 60 14 54 21 8 85 49 92 57 92 72 29 59 100 33 65 36 67 71 36 11 94 75 49 30 80 66 68 18 84 96 44 78 91 75 80 46 34 64 5 34 
13 82 15 48 19 2 92 54 52 49 11 17 92 30 92 65 56 41 71 20 60 42 83 19 62 97 85 14 61 10 63 19 64 19 7 44 60 17 33 37 69 8 96 23 33 32 33 6 77 13 
3 89 72 3 41 98 53 30 24 49 90 89 23 76 14 13 98 2 34 22 39 38 18 36 75 37 3 100 8 30 64 67 28 26 70 11 28 55 89 92 27 84 20 88 54 44 83 53 71 21 
79 92 28 30 1 30 72 65 65 38 69 84 86 46 96 79 31 36 18 46 98 11 62 47 27 76 40 28 43 87 98 47 59 37 81 6 21 96 50 8 59 31 82 84 68 51 49 42 57 77 
49 51 9 19 36 60 65 6 79 7 18 18 38 71 66 97 44 80 84 47 10 62 1 47 28 18 83 40 18 52 76 66 24 67 53 58 95 42 63 12 83 26 82 9 43 29 15 48 25 85 
96 3 92 16 84 38 100 44 57 29 21 94 45 70 8 15 63 78 24 7 27 12 78 5 63 81 50 2 52 96 98 75 65 92 78 59 77 38 6 88 66 93 66 95 45 88 33 33 72 36 
49 63 39 7 4 31 37 11 87 17 46 81 1 26 2 51 85 71 27 64 69 51 41 64 52 31 86 50 92 81 17 98 31 15 59 80 16 63 36 36 71 45 96 77 34 32 17 24 71 29 
54 16 25 100 62 31 65 21 3 21 44 39 33 36 74 63 23 96 81 30 39 48 9 3 23 88 64 7 23 63 34 6 60 76 23 75 59 43 79 30 57 98 12 6 60 31 19 1 42 6 
82 30 80 100 95 55 80 53 20 88 34 27 9 69 18 9 29 83 18 3 61 68 38 10 81 5 39 72 46 21 6 41 16 33 44 1 13 9 42 44 95 30 68 85 72 81 82 64 21 6 
74 77 62 90 60 21 4 74 10 55 75 6 80 15 92 79 66 18 36 16 12 64 47 8 40 11 36 1 80 72 90 93 12 84 26 98 64 25 95 77 17 85 66 39 6 25 35 77 33 76 
27 76 21 50 98 20 72 88 55 82 17 46 45 63 72 4 85 37 20 51 31 93 5 73 15 96 3 53 84 8 85 57 37 33 25 73 34 82 82 8 21 73 75 84 5 8 42 73 59 99 
21 61 57 25 21 40 59 48 65 61 92 23 13 3 6 75 7 33 5 31 93 69 66 18 13 64 5 89 65 86 58 21 89 47 79 96 12 12 75 61 64 95 24 42 58 11 63 38 76 68 
24 24 30 77 60 56 65 49 93 35 34 94 81 85 72 37 69 46 29 26 77 99 50 83 63 57 14 39 28 100 69 44 71 38 17 48 11 23 42 83 34 50 92 9 17 18 44 91 60 40 
22 25 19 18 45 37 2 29 27 98 7 87 49 63 85 73 82 3 70 48 34 96 2 4 37 98 41 92 6 99 53 60 44 60 94 72 52 51 51 91 93 63 97 70 4 58 75 45 53 73 
23 58 5 97 90 39 15 86 21 27 86 88 10 9 49 90 35 7 49 3 32 44 61 62 83 63 50 97 10 93 59 95 97 71 95 80 2 68 26 58 11 85 38 16 59 12 93 81 12 69 
90 52 82 60 31 82 41 28 30 77 24 77 34 15 58 6 22 21 57 74 20 54 56 74 42 73 91 12 34 8 36 95 7 41 53 84 54 70 34 71 13 32 16 75 9 86 11 73 82 80 
88 9 1 74 89 49 6 84 62 73 31 54 56 19 5 95 10 27 34 27 15 43 94 27 48 86 20 70 99 78 44 98 43 96 22 74 32 9 63 3 90 81 43 9 61 72 71 23 32 73 
25 15 26 43 96 59 46 31 3 35 5 24 57 99 83 31 87 70 97 99 73 21 60 39 34 70 77 76 65 16 12 77 33 53 98 11 66 59 2 50 96 59 51 8 44 93 83 75 56 35 
84 8 25 59 18 74 67 44 72 54 23 48 57 61 16 17 50 36 80 90 69 3 38 27 99 23 6 68 32 64 35 97 82 72 30 72 77 30 7 43 50 19 61 76 89 21 84 41 93 49 
27
