20 20
13 54 2 47 59 92 71 52 66 64 85 75 64 23 4 69 100 95 86 85 
8 80 40 24 4 54 10 31 76 71 33 12 89 45 60 8 46 78 25 33 
56 51 87 97 97 85 1 44 90 59 87 83 17 36 92 99 43 15 72 62 
27 37 44 73 36 1 78 24 100 68 31 54 58 55 43 21 97 50 40 34 
77 13 35 12 100 22 97 64 55 90 40 95 59 65 59 3 71 84 100 12 
41 48 57 43 45 22 15 45 85 8 100 16 78 21 94 89 64 65 30 79 
88 2 70 99 56 61 38 88 58 14 63 32 15 35 34 46 89 4 4 61 
58 29 71 34 60 8 19 70 44 25 29 27 91 85 57 38 77 11 56 85 
17 68 89 92 96 81 59 31 65 61 51 55 89 67 59 7 41 54 53 63 
2 95 97 11 13 76 36 73 58 86 98 20 16 81 92 45 81 72 91 85 
50 63 34 10 28 58 85 19 91 98 28 16 25 2 2 53 7 23 80 58 
14 39 68 89 76 46 73 88 98 25 54 17 20 85 71 4 1 21 81 27 
33 36 67 25 27 3 75 97 26 81 2 44 33 4 81 60 71 13 25 63 
99 89 38 55 55 11 19 9 11 60 97 60 40 25 80 30 50 92 10 7 
26 13 54 77 82 2 68 70 24 92 26 61 63 48 93 47 37 32 74 95 
38 57 93 15 37 76 66 18 60 91 68 65 63 90 25 98 4 33 72 26 
12 48 47 13 95 17 37 63 47 49 72 25 37 82 47 58 100 59 14 20 
51 58 71 76 95 89 47 42 17 80 51 7 61 6 46 99 28 45 49 91 
69 69 87 58 42 85 48 29 58 2 2 13 44 83 6 65 82 98 87 42 
18 12 77 61 51 47 69 44 21 14 74 43 89 6 33 48 61 99 100 36 
18
