20 20
100 25 31 32 85 93 25 61 20 83 19 99 30 27 19 98 56 70 73 95 
34 69 10 25 86 7 51 2 83 56 70 36 60 52 12 41 19 67 91 57 
54 87 36 76 57 37 47 59 13 7 81 77 89 74 87 17 66 19 58 34 
74 86 59 34 30 41 56 32 97 10 66 13 90 16 80 81 22 48 49 93 
60 22 29 99 18 16 12 37 32 100 10 59 73 88 63 78 100 76 71 80 
76 54 98 18 64 98 76 90 1 83 15 87 21 77 5 30 53 93 51 57 
33 31 88 23 4 21 62 13 79 43 72 99 12 9 22 77 86 13 12 72 
17 88 67 93 41 30 2 77 19 75 55 63 87 41 33 64 37 70 71 47 
98 28 82 40 54 60 54 8 35 92 31 81 37 37 60 25 86 47 22 88 
39 13 55 55 83 13 42 6 87 46 37 52 5 20 31 95 48 69 92 43 
59 18 34 63 73 29 84 65 40 91 76 48 31 32 68 48 80 80 70 64 
14 89 40 65 73 10 58 95 32 76 19 29 77 25 81 52 83 93 60 55 
9 28 79 83 8 34 91 70 8 27 31 42 24 64 92 87 91 89 10 9 
44 95 99 26 80 100 89 71 71 80 41 3 19 26 59 57 78 98 5 64 
67 91 95 33 67 61 39 82 71 51 41 46 14 20 80 9 28 79 32 31 
84 70 15 81 18 54 47 73 44 78 75 86 26 61 92 18 40 100 60 80 
45 91 13 54 67 17 91 65 50 51 45 36 18 71 100 24 70 82 86 72 
6 7 46 6 27 75 8 67 84 25 64 72 63 4 95 19 27 34 46 99 
47 58 16 74 9 16 50 33 64 83 23 38 58 94 49 10 80 26 88 42 
85 7 97 17 99 89 67 68 9 90 40 26 91 92 95 25 44 62 51 72 
17
