30 25
18 86 61 96 37 33 86 76 82 87 96 23 43 89 17 20 18 57 67 25 78 48 8 52 30 
83 16 50 71 17 58 75 54 31 30 45 48 4 20 36 39 73 98 67 4 99 26 64 68 84 
63 10 14 23 1 25 9 81 45 29 71 19 49 77 89 26 43 77 58 11 31 29 12 84 32 
43 51 13 15 16 99 38 25 99 48 96 13 66 61 58 25 57 41 12 95 87 6 26 61 21 
5 73 90 53 74 20 95 59 28 88 60 96 9 54 21 72 70 52 64 7 50 72 38 69 54 
97 97 41 70 99 10 58 80 95 15 31 31 47 99 31 87 21 34 6 81 83 89 60 28 67 
19 13 75 47 84 6 90 16 50 52 32 27 91 22 37 73 68 14 21 94 82 71 88 49 4 
19 80 89 40 48 27 6 89 70 64 68 83 7 38 49 44 9 22 7 72 96 84 89 58 78 
15 55 98 96 99 47 34 88 56 49 53 70 29 21 28 94 80 87 77 14 96 17 65 76 55 
50 94 16 88 18 37 26 18 88 24 24 94 28 81 42 37 58 77 14 57 57 37 27 18 18 
25 71 66 78 93 96 30 79 66 71 75 22 5 88 65 15 56 74 57 45 100 85 40 21 32 
17 89 45 64 36 8 39 10 22 60 29 5 87 25 34 68 98 26 51 3 22 28 20 11 66 
79 92 38 1 59 58 10 70 61 4 98 17 10 95 34 13 100 8 72 45 4 66 52 89 84 
47 23 9 8 55 25 22 59 100 41 47 75 6 70 13 69 46 77 91 17 91 18 94 12 90 
61 41 12 44 38 86 45 38 98 59 40 34 56 67 3 38 48 58 49 11 45 40 63 69 83 
5 57 99 5 13 32 90 34 23 80 46 17 83 66 43 8 9 93 33 81 26 26 17 93 46 
28 38 35 95 56 62 44 34 89 54 59 21 3 63 49 17 17 69 52 24 62 70 78 20 68 
96 98 26 49 85 6 98 38 62 12 75 13 100 31 79 6 54 61 72 77 100 59 22 18 21 
73 7 4 15 78 84 98 28 26 94 3 29 14 80 90 75 18 26 62 51 64 67 32 64 15 
20 12 35 11 19 60 25 83 80 21 63 24 14 50 100 3 63 26 76 37 33 78 82 66 49 
86 69 4 53 25 10 45 20 75 39 49 60 4 17 54 43 2 90 77 54 23 45 88 62 63 
92 90 74 79 2 38 93 25 99 62 18 77 83 95 29 40 22 11 77 91 50 30 48 91 59 
44 72 50 63 60 25 68 81 86 97 50 67 87 62 80 73 91 67 10 39 29 8 90 32 32 
78 48 88 24 97 91 23 75 65 95 16 18 87 2 88 30 74 35 26 36 9 6 15 89 36 
82 98 32 16 16 59 41 46 83 11 18 46 63 24 68 53 56 29 82 85 34 96 26 52 58 
39 79 40 20 36 3 84 81 42 8 16 14 30 63 43 86 11 67 1 27 93 65 86 64 94 
93 55 41 25 69 55 26 81 81 11 93 36 21 99 29 19 83 70 91 12 17 6 33 96 94 
19 58 49 53 39 82 66 10 38 7 38 54 84 30 42 74 31 56 4 79 94 82 42 3 45 
61 9 19 48 78 87 95 10 90 3 66 14 7 62 14 75 26 34 67 15 43 26 64 61 97 
20 57 8 26 85 33 7 45 67 80 60 63 20 33 34 17 51 82 38 67 65 7 8 97 53 
19
