20 20
44 42 15 37 13 19 64 4 57 28 37 84 86 67 76 22 11 35 27 93 
20 49 81 25 53 15 44 48 59 66 6 78 19 56 30 66 60 74 73 41 
83 2 12 39 7 40 42 12 78 81 49 29 100 92 1 35 3 41 97 26 
27 83 66 51 15 86 12 55 21 61 34 17 95 29 87 49 90 44 50 72 
99 40 13 66 36 96 15 66 92 7 77 70 53 23 23 43 56 1 87 69 
5 59 29 76 92 47 32 8 86 68 44 66 88 5 73 11 59 53 72 94 
80 51 60 92 84 65 65 25 90 68 88 11 16 21 21 73 44 44 78 97 
91 32 4 24 74 72 91 13 97 32 2 8 97 63 80 93 15 16 12 34 
82 60 56 23 51 81 58 81 92 59 9 86 47 81 41 38 10 35 38 59 
70 78 18 9 45 82 25 64 84 8 15 70 21 48 40 87 6 46 67 83 
48 83 71 37 41 85 97 64 68 94 89 73 95 12 15 14 93 2 45 84 
75 1 60 96 12 6 97 22 70 2 63 77 90 61 67 97 4 42 51 25 
41 48 32 22 84 33 73 54 84 65 46 22 19 82 65 40 85 10 90 89 
27 10 39 78 72 86 55 5 13 78 11 4 40 99 60 10 45 16 53 75 
28 66 92 35 91 63 81 95 86 36 92 86 58 8 74 11 15 5 55 87 
93 42 20 52 100 48 72 78 80 11 99 34 9 54 5 69 11 83 93 17 
83 63 84 50 38 11 28 18 11 14 41 60 10 12 53 81 74 1 80 10 
88 47 38 5 77 26 64 60 44 8 15 26 66 71 52 58 38 10 45 53 
23 64 48 29 78 93 18 68 34 63 98 27 62 29 80 75 55 32 7 34 
2 31 98 5 44 41 92 26 24 72 51 86 82 55 67 89 55 15 56 56 
14
