100 95
60 1 98 30 16 1 92 19 66 74 26 53 76 90 94 4 58 3 62 21 42 88 59 93 73 40 86 88 72 33 64 85 61 91 71 38 54 99 29 43 64 52 68 97 65 34 50 69 17 75 45 26 48 13 92 70 44 69 79 100 89 24 37 93 65 28 13 62 99 99 90 52 10 95 56 63 7 56 38 30 33 52 55 81 54 89 67 64 41 48 8 18 98 78 36 
11 24 49 45 88 23 40 8 96 92 30 59 75 54 2 31 40 19 88 95 82 79 9 85 72 90 94 95 50 76 70 79 16 63 73 100 72 47 19 3 69 25 15 6 75 61 26 41 50 64 17 81 96 98 26 38 37 44 57 30 25 2 84 23 83 85 2 27 41 44 91 87 14 49 42 94 27 81 93 21 6 36 58 42 61 33 47 7 48 83 20 64 91 59 11 
65 79 70 22 87 94 40 68 60 15 31 36 81 15 72 72 61 49 76 13 23 84 61 38 59 38 11 99 13 17 27 52 38 69 73 99 56 98 11 20 9 5 66 53 91 43 92 42 90 15 4 65 82 44 10 23 53 86 61 43 59 93 91 13 19 10 28 84 25 91 85 75 14 59 74 84 12 35 100 89 79 37 16 82 90 88 57 86 38 17 92 32 45 28 37 
11 20 58 43 11 98 81 41 20 40 99 2 51 93 36 58 8 33 40 84 13 35 35 34 64 48 100 89 82 79 52 52 67 93 63 5 95 93 48 12 98 44 94 24 10 52 11 29 100 2 47 58 91 15 74 23 57 10 50 63 38 36 15 23 12 31 68 75 36 41 40 80 10 71 54 39 49 68 46 78 74 69 76 62 32 47 65 57 19 38 27 54 81 50 89 
43 86 63 15 92 16 91 77 79 16 55 39 75 90 84 46 69 49 62 40 99 33 58 36 21 64 37 36 27 24 23 63 1 35 60 39 72 99 2 49 95 33 18 52 86 86 9 38 71 50 43 47 48 75 90 88 52 62 97 29 73 11 19 49 92 12 29 71 7 32 48 15 66 35 74 40 49 25 13 67 53 10 16 1 64 22 100 91 38 43 2 1 9 22 68 
78 11 80 20 36 65 46 18 5 81 56 24 97 73 26 32 100 86 70 23 100 79 21 60 85 19 93 21 95 82 67 62 3 54 9 17 58 92 53 15 21 79 87 57 64 91 42 68 25 41 79 46 39 1 2 52 81 86 57 16 96 62 90 58 94 18 77 48 52 9 51 56 33 55 75 53 23 61 57 82 47 93 92 5 6 15 76 77 61 83 36 34 37 47 67 
77 46 5 68 78 30 14 16 71 83 50 27 81 5 70 90 5 96 17 75 59 88 83 38 46 74 4 92 14 95 61 10 4 70 14 77 9 1 82 11 5 82 61 6 98 86 30 93 27 19 90 1 7 64 42 67 87 44 95 41 83 93 56 58 88 99 49 4 87 66 64 80 16 12 35 35 50 84 81 47 4 84 91 47 86 9 8 23 41 63 54 60 56 99 8 
89 42 87 13 59 91 24 89 49 79 25 69 93 74 66 89 71 58 80 99 4 74 94 71 50 62 92 30 82 40 26 23 9 44 8 13 57 44 69 61 30 79 43 14 18 94 44 46 14 72 15 96 66 86 86 100 74 20 64 23 99 27 33 30 60 35 55 57 24 6 88 61 15 18 60 71 4 23 72 71 57 94 18 66 36 76 45 38 3 97 82 86 59 2 23 
87 15 20 43 52 92 77 67 46 78 12 39 94 6 65 53 9 16 37 40 93 27 39 28 7 31 92 20 23 70 38 47 78 80 69 7 10 100 93 84 50 79 88 13 87 33 12 34 33 38 78 49 63 57 8 88 4 31 14 21 89 96 94 99 12 95 15 100 42 98 34 14 86 59 91 85 7 55 44 6 41 4 57 37 64 53 53 72 2 62 90 99 91 61 22 
17 28 32 55 100 63 41 15 27 39 41 78 30 60 97 31 8 58 28 78 12 86 49 87 21 53 63 59 38 89 43 62 89 87 95 52 100 87 93 93 88 73 32 20 93 7 45 33 22 36 55 10 7 20 89 60 75 84 58 73 93 92 83 41 44 82 22 31 17 32 24 61 58 29 23 2 87 59 41 98 77 54 66 86 71 59 22 60 66 99 53 1 89 61 75 
78 57 27 84 81 87 16 14 53 93 25 85 25 99 77 83 62 46 15 70 3 77 95 7 15 23 76 36 25 20 10 73 79 51 66 83 57 67 58 51 42 44 52 73 1 82 77 31 52 47 53 14 21 16 26 9 94 69 75 80 39 53 4 90 40 91 69 57 77 34 80 28 41 57 83 26 58 63 23 100 84 45 24 75 65 100 48 3 3 25 27 38 53 23 60 
95 46 90 32 73 21 84 5 50 99 74 63 65 38 38 33 62 61 49 13 63 25 61 61 70 86 4 43 48 92 35 45 14 71 4 78 34 37 34 58 25 6 33 15 92 97 74 75 50 77 14 31 21 52 51 64 100 29 16 9 31 92 68 78 33 78 36 57 73 35 24 65 73 93 66 39 95 5 5 71 52 16 41 17 25 66 45 59 89 54 67 89 88 6 66 
31 95 19 33 44 59 87 10 53 20 26 100 12 43 45 40 91 16 47 73 34 83 45 34 51 42 25 57 22 5 99 48 27 1 35 89 41 92 33 71 52 99 13 59 87 88 15 56 59 44 33 2 72 38 37 32 43 73 42 81 24 52 52 100 39 9 55 42 79 3 75 6 93 53 100 62 92 65 28 100 50 1 22 65 51 64 49 74 44 2 48 30 88 78 59 
80 94 36 100 75 12 60 79 33 8 30 72 21 35 91 9 89 91 7 53 41 12 67 56 13 60 58 21 92 83 20 27 17 69 55 78 17 23 61 76 93 31 89 53 46 97 67 98 13 59 38 55 59 28 88 94 23 2 76 80 47 55 92 80 8 92 99 86 43 20 37 60 44 98 94 8 41 39 77 50 29 85 33 43 89 94 100 65 100 81 2 84 73 27 96 
52 22 44 57 10 73 39 52 88 66 45 18 38 6 94 86 34 67 50 83 25 49 35 8 35 59 10 86 29 41 98 13 95 98 58 78 26 70 42 3 85 61 12 42 85 36 77 43 30 25 86 40 95 2 100 51 34 35 3 88 51 21 43 10 72 46 16 65 98 45 18 20 37 47 39 55 29 21 75 81 36 72 78 15 36 55 67 99 54 83 76 77 25 73 14 
33 62 44 54 84 81 55 80 66 93 67 66 54 90 46 55 14 62 49 62 73 23 61 39 58 54 80 48 26 66 58 41 15 58 42 58 54 16 99 72 37 70 81 39 41 27 93 58 39 33 65 25 40 18 20 46 63 55 23 36 21 27 27 27 69 67 62 68 55 36 23 61 60 45 71 1 31 38 38 2 36 86 1 7 99 71 74 43 84 43 26 62 50 99 31 
56 91 7 92 72 23 60 20 41 96 62 39 100 41 58 53 83 69 76 7 97 90 23 13 15 25 68 29 48 14 15 13 85 62 15 95 12 52 100 26 34 40 27 6 82 1 65 3 72 84 68 4 39 12 3 71 70 19 44 87 17 19 45 13 50 42 40 100 81 96 54 22 88 18 12 15 98 45 73 51 18 8 43 84 25 20 30 29 45 36 49 79 96 79 97 
65 62 79 43 10 24 63 9 37 78 89 51 29 100 17 36 56 46 53 96 8 1 30 12 10 2 76 26 2 11 16 22 100 9 98 1 97 37 23 44 44 4 47 44 32 38 67 47 69 57 15 36 7 65 11 44 86 31 73 79 74 90 61 5 43 56 11 7 1 66 100 24 59 93 15 54 25 69 56 38 38 28 69 86 85 63 95 13 72 48 93 80 35 65 50 
75 15 43 12 63 36 12 78 4 46 1 53 8 33 48 49 80 7 14 76 83 14 98 69 93 29 94 36 63 43 65 31 96 32 89 76 91 84 26 99 28 15 6 50 97 100 31 21 85 15 47 78 77 35 19 77 48 63 40 34 26 76 25 56 74 6 88 64 22 98 9 61 30 18 18 31 77 91 79 55 100 96 33 1 35 63 30 24 31 26 79 52 31 35 79 
86 51 42 11 16 4 2 15 23 32 56 69 51 67 89 52 40 14 79 58 54 35 82 86 69 84 15 35 88 5 39 63 92 12 43 6 57 98 89 50 97 46 72 20 1 51 100 11 75 55 88 81 27 70 44 93 32 37 72 56 72 38 29 16 48 78 6 95 96 79 22 71 58 72 58 57 1 76 49 21 65 89 44 40 94 48 73 9 89 11 85 17 68 86 64 
77 41 10 25 81 22 37 37 87 35 99 46 95 7 53 81 46 24 22 63 49 13 90 65 43 74 14 86 19 72 66 26 87 63 9 86 39 8 75 37 58 17 7 20 73 7 59 63 54 74 99 53 99 22 32 83 56 80 46 54 92 13 61 15 88 14 12 73 25 11 11 99 94 50 62 3 58 20 34 80 13 44 2 22 56 44 22 64 60 56 92 12 91 53 18 
52 25 2 100 64 67 70 76 65 61 37 22 68 43 100 80 39 92 70 56 70 63 85 26 11 20 10 30 28 95 86 49 81 43 43 88 35 73 5 15 53 72 40 32 31 47 34 66 67 63 98 21 95 42 32 19 2 52 8 24 18 14 40 27 61 89 61 33 52 26 22 89 48 94 79 27 53 18 40 24 11 100 80 98 88 88 57 95 80 21 73 29 40 82 76 
91 76 13 88 31 82 87 8 71 6 44 31 31 41 27 69 49 39 77 77 28 35 75 12 58 64 48 87 89 99 61 86 46 28 64 63 15 84 91 33 48 53 93 31 58 49 75 7 3 37 69 57 89 21 53 35 28 40 3 87 36 45 37 96 57 40 96 33 61 13 52 49 24 86 61 72 8 73 86 70 8 15 55 96 100 21 47 44 41 63 6 72 91 73 25 
66 57 56 60 53 79 19 59 92 12 72 22 5 74 57 14 10 53 100 14 78 17 10 62 42 42 62 33 95 65 25 66 86 39 38 12 85 22 49 79 82 45 49 99 38 35 89 39 7 91 41 27 95 37 56 76 13 95 35 7 70 58 86 28 81 64 71 9 2 81 42 54 18 65 25 67 38 60 2 64 79 37 7 77 46 95 22 45 26 75 48 5 66 59 87 
4 8 55 59 10 81 85 37 4 85 31 76 55 28 9 76 23 75 72 88 46 40 65 68 3 31 72 40 56 12 45 6 14 57 99 25 73 8 3 63 25 51 14 51 42 91 27 35 75 74 41 92 21 90 61 48 57 60 91 19 39 93 83 63 6 52 47 16 60 77 43 49 88 65 2 70 57 66 53 48 4 92 51 51 89 19 35 11 95 32 50 65 85 53 30 
26 54 46 16 96 34 91 52 17 43 59 94 21 83 52 10 30 23 76 76 14 39 60 79 3 78 43 82 26 77 93 30 8 57 30 84 50 59 59 16 83 16 49 4 62 53 3 14 42 70 5 52 51 60 50 23 64 45 77 32 21 50 74 17 67 42 23 96 84 2 98 60 62 9 33 62 24 53 33 68 89 10 93 80 54 44 36 36 28 11 97 61 41 89 11 
15 5 63 81 59 24 30 34 48 61 100 92 9 7 19 12 65 21 35 83 24 34 86 71 28 29 69 51 43 45 32 80 35 71 100 90 44 17 12 100 84 85 45 89 2 81 39 70 87 36 63 56 13 22 79 19 46 90 87 70 68 64 67 14 79 60 58 69 88 29 19 37 9 30 75 72 12 85 54 93 5 73 39 21 40 70 21 48 77 34 10 65 38 97 37 
3 38 9 72 72 91 47 23 94 6 93 100 70 23 31 54 26 77 21 33 23 62 50 9 37 47 79 60 34 68 17 32 96 90 4 100 83 16 78 98 28 94 63 3 96 35 1 83 71 54 11 44 39 1 55 42 72 21 35 34 55 91 64 96 99 4 74 28 21 92 50 19 1 32 23 46 43 59 45 35 88 73 20 97 77 40 97 23 44 2 11 9 89 51 51 
25 75 37 94 70 36 10 11 63 88 20 55 68 90 23 84 56 95 61 72 41 81 29 9 53 56 35 8 35 80 7 58 66 48 37 85 65 13 27 28 9 68 95 34 83 98 67 12 44 68 34 34 55 25 82 45 38 16 100 26 40 56 32 38 17 95 39 12 77 67 63 92 36 29 34 30 82 10 47 91 48 40 98 19 43 17 75 78 82 41 19 58 28 27 13 
13 28 55 67 86 1 48 2 9 27 65 52 10 33 53 31 52 69 2 47 87 35 98 50 3 94 56 53 92 81 84 50 77 100 23 35 64 54 39 93 10 65 82 5 35 81 35 4 100 60 5 63 41 88 42 13 33 82 93 100 12 57 5 59 92 88 52 46 46 82 54 47 44 34 90 85 61 45 49 60 7 23 54 20 30 87 56 32 4 56 92 100 98 88 46 
70 93 94 53 92 81 57 40 42 80 20 8 26 41 25 69 13 17 15 14 79 49 42 77 41 69 30 2 28 25 87 50 25 81 76 94 54 60 79 80 18 10 13 63 100 22 93 53 88 43 42 9 90 38 89 78 37 5 16 77 3 62 40 40 81 33 42 3 2 21 71 85 79 42 100 90 17 47 100 41 23 71 64 18 93 82 92 65 83 7 30 82 80 74 12 
23 11 91 50 63 95 46 86 3 94 8 73 31 29 53 74 57 72 55 89 80 16 11 42 74 4 91 88 88 52 23 42 89 100 72 12 16 81 65 2 12 96 59 24 37 24 73 18 6 2 19 81 91 77 2 54 77 90 93 9 74 54 63 48 9 46 58 90 63 97 49 24 25 82 66 48 66 30 37 12 77 96 58 52 4 82 76 72 76 94 69 14 27 59 47 
22 40 64 7 98 61 69 18 83 85 12 21 41 84 14 68 13 42 48 39 67 31 29 98 65 7 34 96 22 43 78 21 37 18 81 44 2 26 14 37 38 70 11 36 99 63 84 86 55 56 69 96 43 43 1 81 30 40 93 72 58 23 62 26 37 66 39 64 19 31 34 14 72 91 69 42 22 87 84 4 48 54 82 36 47 65 72 81 90 76 15 13 45 79 2 
100 46 87 94 34 18 8 25 4 98 91 37 94 9 45 98 33 77 59 24 36 99 83 5 2 94 49 12 58 11 28 25 75 65 66 15 91 19 44 67 8 52 45 35 62 63 33 51 77 7 72 48 42 70 41 53 90 18 27 58 65 83 97 1 80 69 74 87 41 94 88 33 70 100 63 41 42 88 57 5 38 76 78 20 70 83 38 56 40 64 11 90 11 89 20 
36 36 11 63 7 61 66 44 84 82 31 86 2 45 87 29 61 10 2 48 19 10 11 33 45 88 63 32 11 96 62 38 77 63 21 67 87 99 11 74 69 79 63 88 27 7 69 71 60 85 76 31 40 17 81 43 38 20 68 57 87 38 33 1 8 74 4 4 54 73 54 98 26 42 40 76 90 81 41 10 83 50 68 63 91 20 71 42 45 63 63 84 48 77 36 
66 55 78 44 74 47 71 75 95 84 99 33 91 27 41 12 83 47 86 24 59 93 18 8 61 62 92 56 45 89 73 7 98 79 80 100 62 20 51 2 100 60 21 39 5 40 83 95 34 11 69 66 20 83 78 73 91 76 26 83 4 68 5 83 72 85 79 7 33 43 43 17 7 59 25 80 23 94 21 2 15 72 73 93 28 12 41 99 80 62 31 5 58 9 74 
3 66 13 70 77 35 97 44 52 68 77 74 9 85 20 91 47 86 65 65 82 49 43 14 69 31 85 16 12 36 97 100 6 70 43 44 100 2 78 25 93 92 97 75 100 62 11 48 47 14 66 7 84 31 56 78 17 10 99 38 17 2 83 23 35 81 97 85 41 47 98 25 75 46 93 83 58 56 24 69 19 74 89 59 27 5 42 83 32 36 45 97 63 51 82 
6 33 2 31 76 41 68 80 54 85 55 27 94 12 7 82 50 83 49 87 73 18 84 8 48 51 89 57 38 18 10 73 30 45 45 44 91 20 45 63 93 63 2 50 54 19 82 69 8 58 31 53 98 37 65 74 64 63 5 54 54 76 42 98 96 17 31 73 4 73 41 100 92 98 27 2 51 62 84 37 78 67 19 17 80 44 28 76 91 11 79 47 82 59 40 
64 27 98 87 94 79 70 3 57 72 35 28 13 20 50 50 99 20 35 18 51 56 72 35 62 62 87 63 35 2 14 31 44 64 36 49 21 81 61 57 16 24 65 63 2 40 20 46 32 10 85 43 63 62 35 31 95 77 36 67 4 44 17 73 70 71 84 59 9 65 70 17 70 10 34 44 75 37 33 74 80 46 46 17 3 28 19 43 51 8 54 59 33 78 67 
61 44 31 93 70 50 85 99 76 29 62 40 44 30 80 81 67 48 46 46 70 57 80 90 84 22 97 88 65 88 25 93 18 27 47 19 39 77 89 25 11 16 82 30 92 51 86 77 93 6 50 15 38 52 38 88 45 13 56 37 68 23 45 49 2 47 43 17 34 60 21 3 83 68 42 6 76 15 15 65 50 89 15 84 69 55 18 32 3 42 69 54 10 84 50 
14 5 95 63 44 29 11 18 64 33 36 86 17 41 83 73 13 70 95 20 87 15 69 32 15 18 42 87 39 89 2 91 98 50 28 71 59 7 78 16 16 89 84 26 67 90 10 13 18 19 86 67 58 38 39 86 9 31 62 35 47 64 1 69 32 93 63 51 23 58 50 43 42 57 93 45 12 84 37 31 100 95 90 73 34 6 48 83 61 68 61 5 82 48 92 
29 78 24 85 9 99 79 54 24 4 29 55 99 56 42 96 70 9 27 95 79 52 97 17 19 95 35 16 63 3 14 76 59 22 64 41 69 49 77 57 79 39 79 78 9 59 39 5 16 20 80 58 46 53 96 8 87 12 23 16 41 18 92 41 95 78 69 42 78 38 65 64 23 60 64 83 72 29 12 74 3 35 49 96 54 77 94 21 76 88 5 63 45 87 72 
68 18 87 26 66 2 35 64 20 67 58 23 6 51 27 50 2 9 82 64 92 5 66 93 94 67 78 37 76 49 21 98 22 54 13 55 50 25 7 4 8 17 100 79 95 82 67 5 76 58 15 86 93 19 66 100 6 41 12 59 86 99 84 75 61 73 52 10 99 56 23 22 52 73 30 37 16 70 11 85 71 18 16 10 11 38 20 31 75 70 96 91 39 10 91 
64 32 93 22 76 81 20 56 63 13 33 68 85 44 91 75 54 53 3 94 65 19 24 78 10 56 25 14 38 94 67 8 85 67 74 69 73 28 65 78 79 92 89 10 93 72 90 27 37 76 72 83 9 56 60 87 69 46 69 26 87 25 28 53 15 93 24 67 53 35 58 64 31 28 27 29 16 6 84 85 14 85 32 43 36 27 48 97 46 77 62 69 9 20 17 
95 89 21 95 15 99 64 87 91 87 2 30 76 91 66 59 20 24 11 30 63 71 97 11 62 91 25 60 54 56 81 33 57 100 53 86 39 30 37 59 35 24 30 75 76 35 84 73 54 64 76 64 57 75 98 92 34 56 2 12 73 64 23 42 9 99 81 38 91 95 43 5 77 24 71 36 33 51 10 51 59 90 90 73 66 38 25 54 69 5 58 65 92 51 76 
81 77 94 85 41 51 77 34 71 96 81 19 82 26 25 6 93 62 12 54 43 56 84 38 82 22 9 86 59 52 19 85 57 36 52 34 27 24 93 27 27 76 93 11 75 12 24 46 65 38 2 56 6 23 71 59 79 53 47 14 32 73 51 8 50 14 97 86 77 42 90 2 62 1 68 21 75 22 98 22 7 15 88 73 39 85 89 77 71 21 3 12 14 52 16 
17 8 89 11 89 14 64 49 3 87 55 20 62 37 66 81 38 25 74 55 74 63 92 60 42 1 87 74 87 32 61 62 97 48 92 33 79 7 76 87 40 30 27 74 87 9 29 89 12 99 45 47 13 45 15 40 70 35 14 59 87 10 48 22 50 59 6 61 82 72 89 48 83 42 4 60 86 37 75 21 76 79 12 66 36 98 56 18 41 58 67 70 97 64 40 
11 90 2 62 51 12 69 42 13 70 93 77 16 92 61 41 58 76 83 8 71 77 80 41 15 99 76 11 23 43 8 38 28 44 5 48 16 72 3 100 95 3 75 38 89 72 17 44 65 73 1 20 79 58 95 23 84 50 16 15 45 89 49 21 54 56 69 99 26 56 25 55 39 44 99 80 32 36 35 75 91 42 93 85 65 93 89 82 13 67 22 47 67 37 92 
45 52 82 63 3 11 45 31 24 23 24 96 98 9 32 42 2 64 72 90 92 61 82 58 25 21 86 63 78 32 30 35 41 69 93 28 1 58 10 63 52 59 34 17 88 89 47 60 72 98 63 91 82 59 16 41 85 61 6 24 80 87 50 72 17 35 73 74 84 10 11 7 11 90 33 36 49 50 6 5 5 89 34 69 47 7 74 21 21 18 91 13 28 90 17 
93 59 61 21 84 95 71 96 96 99 93 41 44 80 77 74 89 99 15 16 64 30 11 24 28 19 10 70 58 96 4 91 82 28 43 50 7 28 99 4 7 39 78 42 54 82 63 55 19 31 38 52 87 28 34 24 39 92 88 35 7 61 3 69 20 63 58 87 67 29 14 61 63 83 86 87 99 58 9 92 99 50 2 2 21 86 100 21 72 79 36 41 28 2 66 
89 83 77 68 72 55 97 90 85 31 8 94 88 33 13 25 68 27 84 34 39 19 3 86 51 93 47 71 9 9 99 80 29 40 62 16 60 32 80 62 79 24 19 8 23 28 51 28 4 96 40 44 50 1 30 32 37 15 87 41 24 59 34 42 3 58 85 28 21 33 79 21 39 3 46 70 32 80 81 41 59 94 96 25 35 62 67 31 94 92 18 29 33 7 90 
55 68 98 92 13 38 60 46 15 47 70 46 53 22 3 12 97 34 6 12 53 10 64 69 38 24 26 86 50 48 3 51 30 15 18 3 63 8 86 86 52 75 74 3 64 61 31 53 36 66 12 20 85 5 40 39 63 19 65 63 51 47 17 4 86 79 68 15 53 41 55 53 97 86 11 28 42 83 18 18 7 33 85 32 63 62 95 34 74 61 1 48 14 70 38 
36 51 31 97 3 40 64 80 56 72 30 20 57 58 86 41 19 65 51 95 36 10 39 3 61 98 20 70 65 51 21 77 38 58 83 46 16 65 15 47 51 57 46 86 54 19 31 95 72 73 76 9 94 35 6 7 80 20 54 57 67 9 70 64 100 51 83 54 83 52 49 9 50 92 63 41 8 60 44 95 94 4 3 86 48 25 51 23 3 82 11 88 32 67 48 
52 15 80 23 55 6 5 32 91 14 71 98 59 37 53 14 78 4 35 65 82 14 54 71 36 90 83 29 38 64 37 52 10 77 2 29 76 67 14 46 88 57 49 58 61 84 2 96 100 20 56 35 49 87 77 81 100 57 81 34 26 95 63 44 31 81 85 69 41 21 50 87 67 43 37 40 15 17 41 7 38 65 59 25 33 35 31 8 42 70 92 41 15 84 23 
49 27 25 100 50 70 3 69 64 62 89 5 27 32 35 40 30 90 61 49 86 77 6 38 94 58 44 90 55 15 14 28 54 29 8 32 16 77 22 6 1 80 62 80 94 70 58 1 9 72 33 34 7 16 22 2 94 13 49 4 69 81 96 20 14 91 30 67 53 72 65 83 35 97 83 48 4 29 38 58 56 23 8 35 18 84 85 8 79 44 6 26 66 12 70 
75 44 85 92 5 83 61 94 1 20 60 22 50 9 59 49 79 45 99 13 76 87 8 70 26 33 59 86 100 17 54 97 1 28 5 100 49 70 42 50 48 20 86 1 89 49 52 94 63 12 81 77 92 20 11 29 8 52 34 12 33 83 98 71 42 9 64 56 13 14 13 49 90 15 62 96 21 56 46 3 44 62 66 31 25 64 13 93 89 50 16 60 85 13 79 
7 70 97 95 69 17 58 64 83 80 100 46 32 65 48 26 31 87 60 73 8 23 4 26 68 87 52 25 56 79 47 80 50 93 65 54 46 90 79 82 22 52 83 66 86 93 33 19 60 91 36 42 41 45 65 59 35 2 99 47 78 91 12 25 70 51 50 14 98 68 98 48 11 22 85 20 87 38 10 1 99 87 84 33 66 55 10 18 55 18 44 41 56 57 24 
89 65 17 55 70 35 94 73 39 73 90 43 77 15 90 64 91 83 40 65 24 21 27 41 1 63 100 56 36 71 72 91 87 58 97 44 38 70 22 99 28 8 39 8 76 3 96 70 53 75 46 99 17 43 42 100 3 71 98 18 31 56 86 7 82 99 28 48 52 17 11 14 82 90 35 43 25 34 62 94 99 62 36 73 32 74 87 67 16 69 44 24 95 95 9 
55 82 64 82 59 68 94 27 92 65 72 25 27 5 44 50 89 83 60 71 39 10 54 59 63 23 21 51 87 69 25 9 10 41 58 63 36 63 17 48 47 33 83 40 53 65 19 82 97 6 11 48 10 12 27 64 44 7 69 18 31 61 32 9 33 56 10 9 100 33 5 55 33 42 27 94 27 26 96 37 51 14 82 94 66 19 39 12 11 43 33 25 93 53 56 
93 76 71 77 87 37 94 79 39 42 40 87 85 69 77 67 52 71 100 68 72 50 33 35 23 98 4 7 34 27 95 88 2 79 76 41 2 97 83 62 100 5 70 21 90 15 80 73 20 67 99 90 73 68 77 63 25 82 55 63 92 100 7 69 34 71 5 12 88 94 58 77 44 92 73 64 73 13 66 6 94 38 93 97 27 92 93 74 55 79 59 48 27 92 82 
93 44 71 38 26 14 6 96 50 85 14 83 27 79 25 36 10 85 71 11 62 91 56 43 18 54 41 73 89 51 97 81 5 48 86 100 46 80 75 95 7 45 18 31 99 35 29 62 83 60 45 25 87 58 59 11 49 74 62 51 86 57 26 35 4 16 12 60 61 20 7 73 77 56 93 41 43 52 16 85 72 44 25 52 100 53 66 100 19 75 75 40 17 24 100 
47 36 78 37 35 87 1 73 69 90 53 64 35 2 23 90 19 76 22 65 56 53 35 2 34 86 22 50 83 37 10 57 89 1 23 33 87 67 22 6 42 78 84 98 28 94 26 71 46 45 35 12 46 29 93 60 56 6 90 97 20 76 59 48 4 53 94 66 20 68 14 5 70 74 1 100 33 11 18 91 19 82 82 97 76 34 52 94 30 39 62 67 84 43 97 
37 6 92 96 87 86 88 44 33 53 12 66 12 55 26 43 98 60 41 19 42 44 1 68 25 43 45 28 46 5 21 30 5 77 75 88 38 83 47 9 15 12 30 48 19 97 86 24 53 65 28 62 61 96 92 30 35 98 87 85 63 8 72 52 44 71 8 91 52 53 95 40 43 85 64 23 41 55 15 70 32 96 98 84 52 22 93 61 72 20 27 41 85 11 32 
34 62 13 47 79 47 83 6 99 71 33 55 77 41 23 13 70 23 88 62 14 6 55 18 14 48 56 31 7 16 32 15 36 80 97 4 88 32 7 82 84 17 38 42 2 17 89 57 97 29 45 79 40 1 78 7 78 38 71 67 6 1 79 12 95 34 87 37 10 6 1 52 23 64 100 70 99 10 36 1 9 70 43 61 10 4 16 25 73 82 50 1 67 24 60 
89 34 72 19 61 94 56 91 71 78 59 40 82 74 98 41 76 43 75 26 71 27 73 40 67 52 84 2 4 27 8 75 91 59 59 97 39 49 59 44 19 43 13 1 23 45 97 80 88 22 91 9 23 52 54 66 52 1 12 52 49 31 15 21 38 58 72 98 86 40 79 74 6 47 1 43 42 35 65 21 21 49 78 80 85 4 80 56 27 40 98 48 6 31 45 
89 25 1 3 67 70 90 71 42 65 49 62 50 86 76 95 29 35 12 8 93 75 62 76 18 64 20 38 57 53 88 38 67 27 42 58 21 10 80 78 51 57 43 98 23 6 7 24 64 65 81 70 75 61 61 56 3 62 25 91 66 63 70 74 37 93 17 56 46 76 50 33 52 71 55 77 86 54 75 25 80 26 8 66 23 65 92 20 10 48 73 82 84 16 54 
70 78 49 47 32 100 89 96 58 41 21 42 30 82 84 36 9 29 7 31 11 3 59 7 61 81 74 14 98 40 90 23 84 61 99 32 32 8 24 73 62 57 47 98 52 75 50 52 29 55 73 66 36 54 68 15 58 4 20 31 94 81 66 69 11 56 21 58 20 69 5 94 47 87 16 45 3 48 10 94 75 100 68 15 84 83 68 81 80 14 90 39 83 77 27 
91 88 26 72 93 72 51 8 28 100 62 23 42 5 5 21 39 78 1 12 63 14 68 85 30 86 89 17 88 48 17 56 98 87 31 85 86 76 91 62 3 99 59 88 79 46 71 44 76 6 88 99 76 98 56 100 45 23 54 61 58 32 11 40 3 23 24 68 72 38 98 47 7 12 99 59 77 78 91 39 97 67 90 3 5 21 68 41 63 28 77 5 64 44 89 
65 31 48 55 8 67 77 51 94 81 93 50 8 93 16 29 69 5 7 27 72 81 85 91 91 85 26 75 62 52 56 100 20 11 54 70 66 69 23 100 85 28 89 25 37 15 40 72 99 8 14 19 33 20 4 84 85 63 32 7 71 4 5 16 95 83 71 7 82 60 24 62 55 8 33 80 71 64 92 24 96 26 11 78 86 20 5 78 6 13 48 78 97 30 91 
27 82 93 68 4 71 5 40 28 89 36 49 21 64 95 82 12 25 82 64 11 12 62 32 73 92 5 69 40 31 78 80 44 75 95 55 91 25 51 45 59 26 89 48 94 96 94 81 82 57 11 75 23 64 11 41 37 30 67 75 88 91 24 100 100 67 52 79 94 12 29 28 83 55 98 32 93 74 81 24 1 62 53 86 13 75 12 3 13 62 87 38 64 22 80 
45 45 56 32 26 34 78 51 93 3 15 55 91 59 29 8 11 56 13 57 80 74 54 95 2 10 77 8 16 55 96 90 70 52 40 14 24 29 44 14 54 88 100 8 5 74 23 61 7 54 83 79 76 97 85 72 37 9 20 34 60 93 9 31 97 13 18 83 36 91 8 95 44 80 52 62 41 69 41 57 40 22 48 84 34 65 30 39 20 63 84 24 7 55 88 
12 11 41 92 33 67 27 46 57 6 91 68 83 59 20 95 49 1 9 84 45 52 59 27 72 79 92 16 97 84 64 81 75 61 69 64 65 60 39 8 44 100 3 93 91 3 45 26 18 46 82 71 40 68 55 90 34 55 89 13 27 8 88 68 96 60 50 38 87 97 27 23 82 99 67 27 67 10 12 98 83 97 31 87 58 58 23 11 67 2 17 24 49 82 41 
52 82 86 59 21 16 98 83 95 82 90 6 20 48 4 30 5 92 36 63 16 95 39 30 57 98 90 7 51 53 3 80 64 75 80 88 19 77 25 95 5 36 74 14 72 29 99 56 64 27 13 9 39 54 65 36 73 36 1 63 46 89 52 10 61 47 46 53 42 2 77 49 11 21 65 52 38 63 99 93 22 4 40 17 43 47 30 98 80 72 33 58 12 65 3 
80 26 6 56 88 100 32 91 24 46 94 94 55 21 62 94 86 51 70 93 58 12 91 67 69 75 82 97 36 5 44 16 84 71 90 41 47 6 14 46 93 22 96 3 27 79 93 66 27 49 6 13 21 35 15 47 95 32 23 19 10 32 49 42 63 32 71 100 7 73 4 58 27 26 51 49 40 18 83 85 56 41 25 5 17 2 53 82 19 1 35 37 65 52 61 
21 2 72 55 94 62 15 66 82 92 21 67 5 41 99 17 10 53 80 73 36 76 3 48 23 80 11 42 5 55 74 18 82 31 82 79 49 29 51 71 14 48 49 32 55 43 31 36 88 48 43 30 40 50 31 49 57 10 64 50 90 5 61 16 41 26 77 13 54 43 98 99 86 50 26 19 99 31 79 41 58 14 36 8 14 9 81 15 13 38 41 46 74 11 25 
8 6 9 3 60 64 62 77 36 71 50 45 84 51 61 55 90 46 70 89 50 18 46 47 12 59 88 98 4 53 37 32 7 73 44 27 58 97 61 8 77 82 95 77 64 38 58 25 97 66 80 61 35 77 73 27 14 100 78 70 78 37 20 98 82 26 46 46 73 33 38 15 26 69 26 68 81 2 19 6 37 23 52 37 73 80 21 20 3 83 25 65 4 48 66 
90 60 39 69 83 10 20 11 22 92 22 80 43 37 98 9 68 41 11 43 26 6 81 44 26 66 92 36 71 2 25 50 30 27 76 18 88 100 66 17 55 93 70 91 99 20 97 65 30 97 12 52 68 12 95 13 47 3 50 18 50 77 19 21 86 25 87 39 37 13 47 14 43 57 82 85 14 98 82 95 65 52 98 24 27 98 6 23 87 18 19 71 43 12 98 
94 83 54 15 25 31 48 1 81 15 16 63 86 42 24 51 74 95 11 29 50 93 6 56 87 51 23 2 90 65 78 39 57 94 74 90 15 1 39 29 16 1 13 61 12 10 32 16 51 97 37 55 66 83 10 57 39 45 40 40 67 9 24 38 68 45 1 30 93 1 50 99 39 33 97 61 77 25 41 4 43 95 49 15 53 42 19 81 32 78 96 11 88 45 86 
3 55 13 9 44 87 14 80 39 87 47 26 86 90 70 51 54 40 69 26 36 38 39 70 65 42 59 29 35 34 17 80 55 15 28 30 30 72 49 62 46 22 76 64 1 55 5 44 21 98 48 3 36 93 73 38 11 63 99 81 69 83 50 6 32 19 70 53 74 67 41 59 77 23 59 85 8 72 64 88 73 47 13 75 20 35 67 28 85 10 13 6 11 8 42 
46 82 3 70 27 50 37 51 67 54 91 34 69 47 35 60 32 92 85 98 93 84 27 70 79 16 18 13 63 97 74 68 66 71 79 13 56 25 92 70 18 65 45 42 6 1 36 82 6 74 83 86 66 11 75 60 61 98 43 16 18 2 46 80 14 78 25 33 5 51 88 10 73 60 26 23 90 88 60 95 26 30 80 13 61 75 35 40 79 89 62 40 49 39 82 
8 21 93 91 18 93 71 26 15 28 54 97 22 28 67 87 41 89 85 85 68 3 37 3 40 69 9 71 3 37 63 35 56 1 25 97 5 100 17 52 52 12 26 38 83 30 37 94 40 75 77 80 88 75 50 24 16 1 46 85 26 74 65 55 6 50 93 34 84 63 10 57 16 84 18 51 53 17 32 52 85 48 58 15 65 17 53 87 51 78 48 43 33 58 76 
84 17 48 33 62 97 76 59 77 28 40 38 58 80 16 31 29 49 53 96 10 40 29 76 27 55 35 31 1 45 96 68 64 24 57 92 13 37 90 63 96 36 6 56 2 13 63 46 85 79 18 71 58 8 65 37 22 64 40 71 37 90 3 49 28 38 22 35 88 48 18 11 40 14 41 7 46 3 1 33 80 2 56 78 19 14 41 43 99 40 94 11 49 93 1 
69 6 47 72 36 58 26 25 79 82 64 38 91 71 4 81 85 65 17 60 26 25 55 27 93 27 74 31 58 55 83 19 14 25 16 16 89 67 19 38 34 40 13 22 71 83 70 62 33 89 3 8 37 79 79 54 70 22 80 17 81 94 91 95 11 5 86 48 96 25 26 41 30 78 15 50 74 4 56 11 49 94 15 59 49 53 85 9 49 45 100 51 14 24 48 
76 26 62 75 44 79 16 99 75 12 4 50 14 91 78 19 2 43 21 82 56 13 90 27 37 95 2 5 67 57 24 86 14 65 7 77 64 69 93 38 38 13 71 27 38 77 70 20 18 65 2 14 25 94 3 6 41 60 46 90 28 70 95 42 71 69 47 63 50 13 79 99 89 56 80 78 77 53 65 18 49 2 67 94 75 71 76 77 82 87 72 76 32 82 55 
51 17 24 84 80 26 74 67 86 41 52 75 64 20 1 67 75 93 82 41 83 95 37 61 47 79 5 23 11 11 82 45 51 26 50 15 53 100 26 22 56 68 1 46 71 90 69 1 56 56 72 43 19 60 100 84 74 9 35 87 73 27 24 26 81 86 8 34 82 62 58 77 19 99 93 27 15 42 69 13 25 51 77 90 14 28 81 39 66 5 87 97 61 77 29 
77 83 87 99 27 44 86 74 38 34 24 6 100 33 63 76 70 48 100 42 91 59 37 15 90 85 59 57 30 5 90 77 100 99 31 62 78 93 27 92 79 13 87 9 89 94 74 31 56 96 32 50 52 23 10 52 72 43 23 35 10 58 27 16 17 73 26 74 65 60 24 43 45 20 93 58 68 89 27 36 79 36 83 24 75 47 52 56 91 5 3 94 6 4 84 
57 68 52 87 54 64 50 98 72 51 69 4 98 51 40 10 60 65 42 100 27 56 52 51 4 23 85 65 2 32 49 88 75 17 81 38 58 42 48 56 40 84 26 39 65 100 92 40 34 61 85 34 58 88 35 79 88 12 52 32 12 47 29 98 9 44 10 11 80 64 12 82 20 100 9 75 82 23 17 70 56 36 41 46 58 56 69 88 14 76 23 86 68 57 3 
9 61 53 90 45 56 89 81 48 99 24 89 47 63 72 16 84 84 76 86 5 6 44 4 15 100 1 69 65 3 10 61 46 99 67 72 87 59 74 67 7 80 55 86 48 10 45 14 99 42 89 96 86 20 29 66 79 83 44 13 67 37 4 16 68 54 28 9 93 1 69 59 93 78 58 72 30 13 85 64 66 20 5 53 73 57 85 58 83 8 32 26 46 82 77 
9 66 20 1 58 26 35 19 24 26 24 70 73 100 52 79 45 67 69 71 36 58 13 80 60 12 38 62 36 14 37 17 8 65 59 69 74 55 50 65 4 8 62 1 63 25 98 62 63 19 5 57 28 42 23 77 27 32 50 3 17 42 91 54 5 22 92 36 15 59 77 43 19 21 49 27 70 28 8 13 49 69 10 52 12 30 63 35 92 95 34 93 98 58 22 
65 23 26 7 26 43 25 85 86 65 33 57 98 73 93 30 55 63 99 26 66 75 38 44 10 65 34 92 39 58 48 97 72 8 2 55 86 16 47 81 21 14 93 74 30 2 59 100 59 90 24 64 28 4 90 19 50 31 65 45 21 30 54 71 42 33 3 53 79 100 27 12 69 16 35 99 15 40 23 43 39 42 90 94 88 86 15 81 1 52 87 24 88 95 80 
90 87 99 20 79 90 57 74 65 48 95 74 46 9 20 40 74 56 57 78 55 18 14 53 59 2 67 82 75 59 89 84 88 67 33 72 77 27 55 5 64 71 54 7 45 44 27 25 97 14 100 99 46 8 77 50 24 90 92 15 59 23 97 83 87 83 87 14 55 14 60 47 74 47 71 16 37 19 97 48 4 66 64 100 33 70 69 60 83 95 19 32 51 42 56 
52 1 84 42 33 85 98 42 32 97 78 2 65 78 4 20 37 77 6 65 58 43 34 87 46 84 44 16 65 39 44 55 24 29 64 4 49 3 45 72 1 77 65 79 100 41 40 35 80 88 77 49 84 71 52 25 77 16 57 28 25 25 32 36 90 64 63 6 13 8 44 21 3 94 100 10 50 9 37 33 21 94 64 87 23 72 97 82 30 2 53 77 9 27 75 
90 97 83 64 7 12 64 100 64 95 69 74 80 29 80 77 58 63 47 1 77 52 69 62 57 92 9 42 62 96 75 15 62 53 56 97 95 63 100 41 75 41 61 71 51 30 69 11 3 64 83 65 43 79 45 58 52 56 39 33 56 47 14 63 46 21 40 37 81 17 8 16 33 13 69 72 60 32 100 60 15 44 29 78 37 47 51 19 70 22 37 28 11 6 2 
2 89 23 82 5 4 58 42 92 15 92 31 52 22 96 17 17 91 78 3 8 35 31 98 98 14 100 85 25 56 1 13 83 89 38 16 66 31 3 25 58 1 64 23 81 29 64 73 44 82 100 8 68 42 39 65 69 91 6 3 18 95 41 34 29 98 4 69 31 54 1 40 23 73 26 60 25 47 64 37 73 87 100 39 18 89 13 93 26 7 65 51 95 8 19 
66 33 15 16 53 57 92 33 35 16 15 81 98 47 23 5 93 8 58 29 80 61 32 24 87 83 73 10 30 41 54 10 23 58 95 28 71 45 90 16 23 86 10 40 30 2 76 77 38 22 1 92 2 46 56 81 17 75 98 80 77 35 66 73 36 38 42 50 16 42 20 97 81 4 46 23 89 43 3 57 82 59 69 55 68 69 70 21 15 56 95 23 70 50 56 
49 47 75 12 51 68 40 82 56 48 59 10 57 48 17 80 1 52 32 71 41 27 68 13 18 80 3 77 96 25 59 10 63 14 45 13 57 97 78 99 7 29 61 92 75 17 66 55 51 86 25 65 29 19 29 47 75 73 10 59 61 98 24 92 20 7 92 5 53 63 36 25 96 94 42 82 21 46 29 58 28 39 94 60 58 73 83 62 31 20 93 58 91 84 8 
44 10 13 29 98 80 13 45 36 2 74 52 73 45 25 39 90 40 77 63 20 25 7 5 74 56 11 88 93 65 16 67 81 6 31 43 55 40 85 77 39 36 66 63 60 5 82 24 34 75 81 26 56 82 27 17 28 52 99 53 84 68 67 50 97 63 75 89 90 88 5 50 64 45 32 67 38 67 83 8 44 4 49 51 34 42 29 85 92 58 2 64 51 98 49 
5 63 19 72 92 68 42 88 30 70 5 96 74 4 5 36 11 55 82 88 71 69 74 97 20 64 40 2 17 19 55 12 74 25 94 63 47 7 74 38 26 41 26 48 18 57 100 85 46 77 47 24 95 32 5 6 80 65 1 46 30 11 51 47 94 7 93 5 23 75 16 50 92 88 51 39 51 97 42 16 24 96 18 93 97 39 20 19 67 45 76 42 42 53 4 
82 97 7 3 68 54 93 57 5 28 49 57 87 46 27 28 51 49 76 98 48 24 64 63 88 30 81 31 66 9 74 40 86 11 4 91 34 48 32 43 76 80 88 52 74 97 50 63 54 23 55 73 54 94 27 34 53 60 74 67 56 12 3 93 66 59 48 10 3 82 17 79 22 38 96 78 45 16 71 60 25 41 50 11 92 95 4 91 46 96 54 17 13 47 71 
4 68 60 70 96 86 3 21 27 94 39 90 9 8 37 96 39 6 93 54 65 55 82 21 52 84 22 77 46 4 34 9 24 76 26 77 66 10 30 72 8 30 63 15 52 38 16 34 29 77 67 37 66 52 86 54 89 78 66 24 53 59 12 53 9 16 69 50 20 13 50 48 1 58 37 40 47 71 25 95 67 56 44 43 34 4 3 33 35 23 4 5 70 73 42 
35
