62 57
96 33 66 25 15 27 18 49 23 22 37 58 27 85 14 64 51 26 21 19 9 58 82 28 77 38 55 76 83 11 97 25 59 86 38 3 45 26 85 90 26 35 31 97 35 62 48 61 64 67 68 24 66 7 7 67 40 
47 71 98 14 3 45 45 97 64 71 82 53 59 52 90 98 60 38 38 59 42 87 36 24 35 10 90 64 46 35 64 35 32 43 28 63 50 81 48 83 15 45 46 85 50 79 30 83 8 42 97 14 79 40 21 35 38 
27 1 69 97 11 41 14 41 30 63 40 80 76 86 3 57 90 32 79 70 52 25 89 9 32 98 52 23 93 34 16 57 49 3 37 28 10 56 94 36 97 2 90 15 81 90 57 79 88 40 60 31 81 21 89 12 95 
69 64 18 9 74 100 39 59 96 12 52 32 95 52 5 7 56 99 72 21 76 59 41 72 24 42 96 5 99 20 88 22 51 80 7 26 21 31 4 92 40 30 25 3 80 34 52 27 43 94 65 97 41 38 72 28 98 
29 69 90 71 83 28 5 90 72 22 60 41 71 41 33 52 13 51 77 65 47 4 24 88 37 2 90 68 36 72 93 32 14 2 26 82 41 43 37 40 46 97 3 81 94 12 21 7 73 79 34 37 62 6 68 24 32 
86 53 19 10 11 54 56 78 89 33 11 25 65 12 62 51 56 22 71 90 45 43 37 11 2 80 16 15 26 28 91 22 17 18 42 30 30 51 56 92 74 54 69 26 46 29 28 74 22 64 24 59 42 42 34 19 60 
48 54 7 51 78 39 88 88 95 65 81 39 77 77 16 41 62 99 2 57 83 13 40 11 50 37 20 74 8 45 75 37 98 37 100 87 90 25 49 88 68 2 62 19 73 21 99 25 53 79 74 91 76 5 15 35 79 
87 3 81 86 77 48 62 15 81 24 63 42 12 66 4 99 46 86 22 34 47 79 1 53 17 26 61 8 96 3 3 24 36 52 76 70 94 95 11 13 40 70 25 8 73 38 14 24 77 79 70 7 75 83 93 12 57 
8 99 82 88 45 15 37 29 27 40 9 17 62 4 31 95 95 43 68 88 1 95 61 54 82 54 89 79 26 69 8 73 33 60 2 89 26 72 47 92 100 26 100 26 86 7 34 64 18 6 3 44 32 16 98 22 50 
37 29 94 15 42 45 73 79 16 74 15 65 65 58 36 59 55 93 59 92 30 15 97 24 20 93 38 47 45 5 5 53 52 28 10 43 70 53 98 86 62 5 93 23 85 50 52 4 21 89 11 92 30 93 74 61 17 
21 73 2 42 26 15 73 1 39 76 94 58 90 22 59 12 5 53 100 14 82 18 51 87 43 35 90 9 13 11 42 45 73 59 88 64 81 42 7 58 65 1 40 55 40 51 70 1 85 36 33 32 87 90 29 87 58 
42 77 13 48 57 43 74 35 17 41 63 67 61 67 66 61 48 43 55 12 24 49 84 55 91 1 14 77 11 81 23 91 100 35 35 96 91 5 94 95 73 31 86 60 30 79 40 36 39 52 99 44 13 97 35 29 72 
19 30 38 4 64 71 50 36 34 12 81 27 31 16 42 62 69 76 9 89 80 63 46 57 8 71 100 23 73 50 24 44 43 45 35 76 50 74 93 35 32 27 57 12 91 70 67 25 6 71 41 61 25 90 4 38 39 
2 69 92 4 46 56 78 68 20 8 16 25 47 32 38 78 8 1 23 18 7 63 15 31 5 61 53 82 46 69 78 62 67 67 90 79 59 42 53 28 10 73 97 87 75 30 45 9 29 18 74 8 99 23 88 71 5 
49 53 31 26 56 32 85 89 39 20 52 44 4 57 95 67 25 74 51 14 100 14 51 8 40 8 22 38 45 11 95 96 61 32 69 96 29 12 3 33 53 19 41 78 62 83 81 36 33 85 43 89 8 62 20 10 24 
4 85 34 23 57 9 96 30 46 5 91 4 86 2 11 7 55 29 60 40 35 36 62 45 52 6 96 72 60 19 44 56 71 86 21 59 8 58 21 67 31 62 17 50 82 54 80 22 30 60 6 61 24 52 79 82 76 
95 1 59 41 43 65 45 53 78 50 52 54 26 79 59 8 79 51 87 85 23 43 48 78 45 53 53 67 56 21 46 46 81 41 90 92 74 72 31 26 78 96 3 91 37 77 68 79 7 40 84 38 61 47 62 68 58 
61 43 90 18 15 13 31 46 23 38 62 83 12 76 97 67 51 17 25 53 14 33 30 13 100 66 42 10 85 65 98 38 7 61 28 43 85 35 81 90 24 25 55 31 74 73 10 91 28 98 69 77 87 72 30 75 19 
6 54 98 96 88 2 85 90 36 23 78 49 42 33 23 91 27 33 68 95 38 38 58 62 54 42 48 86 77 29 89 54 29 93 47 63 84 46 68 29 2 23 9 20 40 5 73 42 69 16 33 56 15 88 42 7 92 
74 48 98 17 63 62 34 14 31 62 15 38 28 16 63 92 87 60 8 11 95 79 66 31 83 53 83 75 1 80 36 22 1 94 4 38 47 17 57 88 1 44 26 57 80 23 52 42 79 94 17 16 89 95 21 42 69 
45 49 15 48 74 45 55 67 44 81 62 82 90 91 33 92 76 17 76 65 49 76 90 72 13 47 88 51 89 34 83 68 15 71 58 36 90 49 4 24 95 2 90 50 30 75 81 52 36 51 59 82 14 35 73 48 59 
92 42 32 45 7 86 31 58 11 55 4 56 84 85 31 84 35 95 17 3 19 15 87 87 40 92 59 8 49 33 94 13 43 65 63 58 7 37 69 59 78 82 22 67 4 12 56 86 42 30 31 87 1 70 60 84 38 
92 59 79 60 10 7 94 86 23 57 38 76 71 47 90 23 43 94 80 87 3 75 14 81 25 22 74 73 33 91 68 46 100 78 42 29 48 92 60 1 58 14 11 21 76 92 13 46 67 58 17 27 78 70 22 6 83 
5 70 53 42 60 72 11 83 44 77 36 92 61 11 64 89 13 15 25 91 85 81 91 11 82 64 43 56 32 2 66 88 75 97 33 88 3 16 24 37 18 26 85 89 33 81 48 11 16 2 37 5 67 32 47 59 70 
70 70 61 61 86 6 97 14 89 74 11 14 10 21 83 94 97 96 87 35 49 18 94 71 39 79 63 37 97 47 19 56 50 67 17 62 43 63 46 82 95 5 4 47 54 85 69 99 59 13 34 5 27 38 89 5 7 
41 56 50 94 73 27 10 82 10 48 51 84 75 45 26 77 30 12 11 34 44 69 92 49 98 83 84 70 64 19 30 100 86 31 22 31 48 47 31 8 98 81 49 56 69 84 72 12 18 32 74 29 69 84 65 65 34 
86 24 72 49 85 40 29 45 85 23 3 43 68 53 33 49 45 87 48 73 26 31 92 14 9 61 4 79 42 44 71 25 97 84 64 42 66 13 14 20 65 83 98 75 4 44 29 1 70 1 86 6 13 97 21 28 45 
57 14 37 97 86 93 94 73 31 17 85 16 8 94 85 72 90 88 3 100 2 29 14 88 39 36 85 62 47 18 43 90 2 4 52 29 83 23 85 70 38 43 18 67 67 20 80 58 89 39 34 23 59 31 65 32 53 
2 21 69 39 17 13 45 96 7 78 45 58 17 63 47 89 89 74 25 18 56 21 25 83 3 19 70 81 99 56 37 4 29 20 3 15 64 61 65 95 45 14 80 67 93 11 66 74 45 83 75 67 82 90 28 33 21 
57 61 65 58 4 38 63 99 86 12 100 20 80 56 16 30 4 94 99 36 36 88 91 38 70 77 6 92 41 73 57 26 88 47 42 99 52 75 4 34 14 20 2 62 34 74 29 62 39 73 77 93 62 77 45 34 54 
70 9 91 98 19 32 36 1 2 75 77 58 85 15 96 98 29 11 78 58 28 65 30 53 32 56 75 35 97 50 39 51 67 32 3 55 74 93 61 28 27 61 10 4 11 85 84 26 14 100 72 56 78 14 14 28 9 
22 58 20 17 27 98 71 57 16 61 77 100 31 98 47 52 28 81 91 95 17 37 80 30 25 61 2 36 20 81 88 73 96 82 4 4 6 93 20 9 83 17 100 9 97 37 82 30 39 37 40 80 19 34 40 7 25 
76 43 65 88 88 6 15 32 50 94 28 24 49 99 66 37 32 28 64 98 51 2 44 88 89 92 13 5 92 79 52 22 65 92 79 79 80 97 56 16 31 15 60 26 27 6 47 68 86 36 83 99 7 20 1 2 10 
10 42 1 68 67 47 19 85 38 46 13 92 23 41 67 57 16 74 64 27 31 50 45 69 72 31 25 60 97 37 42 42 76 13 37 56 67 54 5 10 34 83 66 49 92 45 36 22 63 45 98 90 62 48 22 87 51 
28 56 52 36 11 1 85 93 79 53 91 40 8 49 30 8 60 75 62 55 65 7 89 45 47 98 94 82 90 37 61 60 43 32 16 89 12 5 8 82 91 96 47 41 23 4 44 56 98 32 35 11 29 99 80 69 60 
39 58 67 4 7 24 56 100 48 74 49 54 13 42 88 3 21 36 20 89 6 70 46 69 87 59 2 88 61 83 64 62 5 39 92 91 36 23 65 70 60 36 59 78 15 82 75 69 92 11 23 70 74 37 15 98 50 
13 17 22 76 52 78 35 88 32 24 31 8 22 85 80 81 2 3 52 38 86 25 47 78 60 91 11 8 89 70 61 87 66 90 36 60 1 81 60 88 74 28 80 91 95 85 5 80 61 14 68 37 79 43 93 58 16 
61 31 93 85 89 84 21 78 98 62 62 13 61 22 11 38 62 72 35 34 2 74 85 90 67 48 2 48 54 69 19 45 64 25 95 96 22 47 35 95 68 60 62 30 29 5 73 38 80 15 74 42 45 66 83 57 85 
38 57 44 1 36 54 57 26 66 65 9 85 80 68 54 67 15 76 62 13 98 97 26 33 94 24 38 92 13 17 17 36 13 57 83 51 56 65 97 71 3 35 23 69 65 19 80 11 38 50 81 66 89 14 94 66 73 
83 54 92 98 89 16 30 73 90 45 89 93 62 53 16 61 20 55 32 36 42 88 61 69 64 24 56 68 62 72 17 90 34 35 66 54 57 87 27 43 78 72 20 15 63 49 74 43 19 30 4 77 50 81 21 71 30 
91 75 27 88 30 24 60 42 44 2 69 40 54 29 78 75 73 71 88 93 50 53 27 12 93 84 27 16 52 43 37 95 47 34 60 45 77 17 75 53 54 60 78 11 28 85 58 67 20 87 81 85 58 57 69 64 100 
44 72 67 83 23 85 35 21 65 60 97 60 22 4 97 53 72 72 4 12 89 88 75 47 36 66 80 16 84 100 21 21 23 53 90 45 2 59 63 6 19 25 13 66 61 93 89 45 37 91 9 95 80 2 50 56 4 
14 27 5 30 29 12 41 32 61 30 97 66 31 23 58 68 53 70 22 50 62 23 46 26 27 76 57 42 60 78 10 98 99 82 46 82 41 49 59 52 39 90 89 49 99 90 99 6 43 55 91 2 10 78 87 81 24 
8 66 5 47 78 38 47 97 9 97 26 97 29 87 36 81 28 58 26 87 75 14 43 96 60 78 24 12 17 12 13 76 72 79 44 76 99 30 98 85 82 59 43 36 27 53 3 34 63 31 22 45 19 51 15 16 86 
26 20 19 82 81 5 32 89 44 79 87 26 44 19 41 80 67 7 71 7 97 47 96 71 24 4 53 99 25 73 6 42 17 86 58 1 67 7 90 37 96 77 45 75 100 98 44 90 99 89 95 9 74 29 15 85 44 
85 13 21 11 92 72 46 72 17 36 85 56 43 99 56 59 47 43 96 81 46 78 9 71 56 74 62 53 83 92 97 83 24 56 27 52 65 22 22 52 100 31 25 49 6 60 39 48 46 99 71 36 90 25 40 37 68 
54 74 18 12 80 56 25 25 39 90 53 8 65 1 56 21 3 97 62 59 28 40 65 77 59 15 78 80 69 94 91 83 55 37 65 88 82 69 43 38 47 16 84 54 10 25 22 59 86 61 24 35 7 71 2 85 95 
75 83 86 98 90 66 53 74 26 5 55 54 100 98 56 90 46 77 58 71 41 27 87 89 55 78 38 52 99 40 63 6 32 92 98 98 55 35 24 86 99 65 27 3 72 40 19 4 50 30 96 62 5 89 77 100 6 
82 41 73 51 49 49 17 100 9 27 60 24 7 39 41 95 83 89 88 65 9 13 53 34 5 64 96 80 62 93 84 19 6 90 27 11 88 25 80 24 2 2 74 40 33 36 67 38 13 95 18 19 33 69 27 35 28 
76 91 39 42 96 80 84 36 99 27 22 6 20 73 85 5 76 33 52 2 50 66 34 22 69 56 28 31 62 42 23 88 70 65 60 61 42 6 74 72 53 34 84 39 7 100 93 14 19 31 19 43 7 20 71 91 7 
14 47 9 13 43 3 40 1 39 30 94 82 55 43 27 8 63 53 13 4 94 94 90 23 64 6 23 32 85 22 17 75 58 87 62 89 97 10 100 47 34 44 50 62 97 30 30 88 79 47 45 77 12 64 58 1 29 
89 48 44 94 41 9 7 4 18 76 1 3 12 51 4 72 5 82 25 80 56 20 90 100 38 38 33 38 15 7 83 24 47 63 57 58 65 91 11 20 67 24 6 82 12 39 90 78 24 80 8 25 23 56 81 94 57 
85 29 85 89 90 24 51 71 53 82 62 14 100 63 25 19 70 8 84 44 74 44 79 18 72 42 33 20 5 96 81 93 70 64 89 62 23 95 11 57 41 24 71 91 88 9 90 17 65 53 84 76 30 22 2 14 26 
57 80 14 52 42 33 94 64 83 16 43 89 90 8 12 91 82 23 81 22 66 39 62 51 35 87 7 45 3 77 45 49 74 20 59 95 97 74 63 28 78 54 73 33 22 46 47 3 53 36 54 81 22 44 12 58 92 
20 71 22 86 34 54 88 12 81 88 46 9 79 64 10 83 23 27 62 26 33 83 18 28 100 60 59 34 33 84 4 7 39 33 26 90 6 90 28 85 70 20 31 95 75 16 51 81 66 12 52 56 76 48 17 93 87 
34 64 31 82 52 99 10 26 92 89 54 26 10 93 3 69 55 91 42 38 98 77 98 54 68 39 85 86 80 18 29 42 92 19 10 21 47 39 74 91 79 4 37 31 80 47 68 37 77 78 11 100 45 6 6 83 68 
25 9 73 22 78 15 86 34 60 40 29 60 12 20 68 58 30 21 57 72 92 82 11 51 63 28 41 51 44 21 77 17 75 42 51 25 96 21 20 43 36 61 39 38 92 12 20 27 89 4 43 68 69 39 3 27 26 
95 94 68 86 8 86 54 19 21 34 50 6 16 19 85 13 80 35 87 44 60 34 15 69 8 29 55 59 28 100 36 64 79 44 5 15 73 88 49 50 100 37 65 84 63 35 6 69 79 50 69 21 21 27 85 20 72 
58 31 82 37 70 93 88 20 26 29 5 69 84 8 27 56 79 43 45 19 97 39 95 6 73 7 67 94 39 32 56 60 71 99 96 45 53 96 22 29 27 65 18 96 7 67 70 86 79 70 40 39 9 97 100 83 42 
78 13 25 38 85 56 51 15 72 100 29 68 24 5 86 88 96 5 96 10 95 66 5 57 34 63 71 55 77 3 98 46 19 80 7 20 5 64 48 36 69 29 61 11 41 89 41 98 62 7 60 79 95 65 51 35 37 
45 59 91 58 38 14 26 25 77 77 6 85 86 73 81 18 60 7 53 93 42 15 100 62 53 21 22 2 81 81 38 83 57 44 54 3 56 60 76 48 4 15 43 52 93 68 1 55 7 29 42 7 43 100 88 51 61 
59 75 85 91 72 91 87 7 59 54 55 18 40 41 98 49 50 6 66 20 96 47 23 25 85 3 96 88 57 6 45 39 99 1 44 38 23 20 72 45 35 80 45 1 23 15 44 88 53 96 19 66 40 70 73 7 28 
42
