20 20
29 49 48 76 72 4 38 22 95 67 47 70 75 59 81 57 84 41 95 36 
80 32 18 68 79 86 53 39 82 100 46 67 8 95 69 69 51 71 83 94 
67 61 53 53 57 11 33 9 100 69 68 87 54 60 49 27 33 78 27 4 
19 26 1 67 71 80 86 76 45 61 62 50 37 41 54 42 96 17 84 14 
88 24 4 70 9 83 94 71 64 92 94 50 65 8 89 87 17 93 87 18 
3 98 37 95 73 27 88 10 99 99 90 47 68 94 77 50 100 61 95 87 
34 20 53 69 9 81 18 57 37 69 85 50 35 28 76 44 78 35 69 13 
89 53 61 43 50 12 88 22 45 75 91 65 41 50 82 32 56 48 49 67 
8 88 20 60 17 17 43 18 100 74 88 91 100 44 58 94 31 55 67 15 
28 26 25 7 25 65 34 96 22 86 94 62 100 78 59 68 90 50 9 46 
20 51 10 66 82 5 93 50 100 49 67 92 95 34 42 21 65 45 40 100 
39 38 14 46 67 8 95 27 56 35 41 65 62 67 80 45 98 43 31 18 
31 60 71 46 56 43 87 22 77 62 8 66 52 21 27 80 57 95 47 24 
84 98 13 19 87 18 18 14 27 34 87 64 92 4 86 6 87 13 7 34 
19 86 19 97 22 21 96 84 4 1 62 78 6 87 97 63 97 97 21 45 
59 22 29 11 35 39 47 32 26 27 51 90 85 82 34 81 21 92 42 36 
32 33 12 39 17 68 68 56 31 91 61 91 1 24 74 42 4 71 16 16 
78 88 71 27 9 9 90 89 39 63 33 70 54 43 98 94 79 30 2 66 
68 81 89 88 72 28 93 94 32 50 78 85 8 18 16 95 67 23 99 72 
76 29 90 80 72 29 45 58 13 80 76 69 26 46 30 57 7 89 9 64 
15
