20 20
48 35 47 2 22 84 88 14 90 37 79 73 76 57 43 36 24 1 52 49 
55 50 30 33 68 97 34 60 31 50 1 59 95 4 85 67 43 13 16 100 
40 46 63 14 49 12 72 99 42 96 19 85 4 37 7 95 16 30 69 60 
71 53 90 61 49 34 43 93 64 14 92 49 42 74 27 78 23 31 31 47 
68 18 74 36 20 3 9 33 69 18 4 100 93 95 25 45 87 41 80 8 
15 80 65 50 19 65 73 4 93 30 81 24 5 26 98 44 100 74 48 34 
53 22 38 8 33 98 1 30 92 76 50 17 9 17 55 40 47 49 47 62 
87 87 4 76 65 16 66 29 24 86 4 39 51 95 14 42 62 48 37 37 
53 33 100 4 44 46 54 9 65 48 39 46 67 44 1 48 68 25 50 85 
56 94 26 36 3 76 23 84 81 94 67 89 71 42 75 25 99 2 21 99 
66 71 87 77 26 10 95 88 42 30 17 83 41 64 37 69 7 94 97 45 
27 50 50 9 51 75 15 16 37 34 88 2 3 18 74 4 90 55 27 47 
23 46 29 73 7 76 27 31 20 69 17 59 67 95 64 22 8 40 55 89 
1 4 57 63 86 76 25 100 21 13 62 75 53 26 44 78 67 25 57 68 
56 7 9 91 1 70 6 56 65 86 24 31 21 88 99 78 83 22 14 67 
9 84 81 24 84 63 14 1 15 21 61 76 86 6 41 28 65 81 94 39 
51 1 48 7 6 79 55 94 19 23 60 32 80 32 89 51 75 90 88 19 
27 86 40 4 40 51 31 87 24 100 67 100 4 11 48 58 51 81 39 11 
79 33 24 49 92 83 8 9 92 78 9 86 64 58 66 51 6 16 38 11 
77 59 84 73 69 82 39 2 31 12 34 80 2 97 16 99 36 29 83 57 
18
