20 20
43 86 79 50 34 82 73 14 48 97 40 53 85 76 12 30 44 7 68 23 
6 32 64 16 15 32 26 22 94 28 25 85 88 65 60 44 16 69 15 74 
61 98 81 12 45 23 37 46 76 17 52 24 34 30 42 13 60 81 86 13 
59 98 3 97 17 81 38 51 15 78 91 18 72 85 17 77 63 23 60 14 
80 54 98 58 43 22 35 96 83 52 37 86 34 24 14 30 30 26 99 94 
76 35 65 52 49 78 87 20 46 100 39 10 76 6 81 89 88 70 83 50 
43 37 81 30 8 41 66 14 16 34 57 27 12 84 1 89 96 92 3 99 
14 49 82 70 75 6 2 12 87 54 27 67 42 24 95 19 83 54 20 37 
54 86 52 37 99 93 66 51 59 39 56 53 4 34 52 84 73 32 91 56 
24 74 9 47 17 96 33 9 78 36 87 46 12 7 51 46 75 46 29 67 
20 23 14 4 65 90 60 2 58 7 2 83 44 52 74 99 49 33 24 38 
24 33 30 43 46 69 47 6 46 50 60 74 4 46 19 58 60 23 71 34 
6 100 16 88 60 30 66 38 52 7 77 30 66 60 65 90 2 88 59 4 
78 33 29 17 70 4 92 3 68 7 99 43 82 26 41 99 44 70 34 89 
85 88 73 87 65 4 57 8 16 26 34 58 3 41 11 49 21 90 30 10 
79 90 13 54 42 44 12 76 38 54 26 83 43 41 73 97 93 20 26 73 
10 90 45 21 18 42 79 30 97 91 5 32 100 87 31 48 27 58 91 11 
43 84 93 59 59 25 14 30 40 36 39 20 98 33 91 76 83 23 10 29 
75 88 68 5 50 85 24 63 72 18 64 31 27 83 86 64 8 96 9 39 
5 46 19 43 83 51 98 41 22 92 82 21 75 60 45 50 63 41 12 96 
9
