20 20
22 59 66 79 23 54 14 28 34 71 25 81 97 33 28 3 47 95 62 28 
78 72 9 43 12 79 42 89 17 13 10 28 47 47 92 49 2 39 79 28 
41 52 72 61 72 48 8 37 28 12 47 16 88 99 84 33 5 28 70 44 
57 49 51 78 15 77 68 61 18 58 72 43 80 97 39 26 79 92 4 69 
96 40 44 46 12 94 72 53 77 18 24 5 4 42 58 71 63 24 1 26 
67 84 88 31 81 35 6 62 99 63 29 54 59 100 98 22 5 14 93 90 
2 1 97 26 74 46 46 66 19 5 21 89 11 7 22 57 11 91 30 43 
27 24 48 3 13 59 77 82 84 35 68 40 91 24 59 45 92 89 79 77 
95 86 86 27 74 40 72 96 75 83 45 21 74 12 78 85 42 29 77 92 
31 54 21 4 95 29 57 83 1 65 76 78 98 75 81 51 45 15 37 29 
20 26 61 35 63 34 87 29 21 67 23 56 92 88 75 94 4 53 15 44 
57 41 4 1 21 28 17 3 77 85 16 46 29 29 63 5 32 64 93 19 
12 75 62 7 78 77 58 27 48 28 31 13 30 53 84 34 46 43 32 61 
88 22 12 43 27 98 16 33 32 51 68 98 67 1 72 13 62 77 96 30 
94 82 83 62 3 9 88 25 45 68 90 31 58 19 28 26 76 33 59 5 
30 10 35 66 27 37 54 74 83 66 20 37 49 38 23 40 74 85 40 77 
78 91 82 56 33 91 70 7 77 30 7 90 5 30 68 83 23 23 38 23 
42 45 59 89 59 14 81 85 55 29 14 53 95 51 25 11 22 71 43 8 
71 80 54 38 52 69 93 65 74 41 79 25 7 30 47 35 10 25 63 12 
73 59 36 74 35 26 62 2 98 13 57 56 38 70 69 85 79 53 86 85 
16
