90 100
97 68 66 84 31 61 81 14 93 20 94 77 71 79 74 6 87 84 68 42 67 48 83 71 23 9 74 12 84 45 10 25 28 36 71 42 38 74 2 41 64 71 41 18 64 12 84 16 66 56 60 30 65 67 25 92 55 53 2 96 46 28 30 36 37 28 79 45 25 41 73 77 82 49 6 58 29 74 51 100 85 82 1 61 71 94 76 87 3 97 13 75 1 58 94 31 83 85 90 29 
51 96 39 89 62 71 65 18 50 13 15 1 52 41 80 25 27 88 11 68 8 74 49 1 91 86 48 75 74 78 36 92 95 72 54 80 15 33 75 29 79 33 75 54 20 43 23 79 99 7 12 84 2 91 36 38 31 14 94 20 62 100 81 95 57 2 79 94 48 4 81 40 40 87 88 80 91 20 86 42 71 11 70 22 15 31 82 66 2 99 94 9 42 75 24 65 56 24 84 16 
64 32 5 12 26 81 70 92 7 33 57 96 48 63 81 10 73 57 77 78 59 45 66 71 57 50 94 94 33 76 45 65 59 42 56 19 1 73 93 88 59 68 59 90 56 27 53 15 94 4 97 81 26 11 87 28 96 2 56 34 47 96 47 5 26 33 25 51 100 69 86 60 83 39 46 35 38 67 99 42 94 87 98 97 98 6 91 87 90 31 6 6 80 26 82 34 53 84 83 12 
26 31 39 85 57 87 6 7 63 51 40 35 84 97 19 60 38 92 70 48 17 67 72 92 33 8 51 91 23 47 88 19 55 71 97 32 9 78 60 46 15 46 5 80 70 99 83 21 83 79 74 97 2 64 17 38 27 87 63 56 15 53 78 3 32 51 65 56 10 4 60 55 1 23 31 97 52 39 95 43 37 34 11 11 13 3 36 55 3 8 31 45 2 9 75 10 72 86 3 4 
76 86 94 3 48 53 64 50 28 35 43 4 75 70 47 55 64 92 55 19 24 18 82 15 55 98 83 100 62 43 32 11 68 70 79 20 4 9 56 39 89 85 98 95 45 56 4 84 15 67 35 67 71 67 46 60 36 80 89 47 56 40 29 100 94 28 67 4 35 66 67 3 22 61 14 22 62 9 64 40 70 87 69 4 48 4 62 16 7 92 63 38 82 47 28 85 6 61 44 14 
29 100 66 22 10 14 26 5 12 2 66 57 79 42 83 97 77 82 79 57 22 46 59 75 37 83 23 67 2 94 26 75 94 88 29 14 30 71 55 78 53 54 7 56 38 44 36 75 2 54 50 93 32 33 12 74 86 23 64 38 25 79 63 74 59 10 40 36 56 32 3 89 12 40 42 47 88 36 19 36 85 75 38 78 82 18 41 65 69 90 61 78 63 96 39 63 73 48 90 85 
56 80 53 100 85 85 82 31 13 83 56 37 11 2 16 2 13 44 46 92 92 60 78 56 49 51 69 60 4 82 79 95 94 68 75 86 42 65 98 95 46 81 6 2 85 93 59 94 63 32 12 13 33 60 41 30 64 75 1 44 41 97 15 40 28 31 18 38 20 8 19 19 64 49 57 19 29 7 56 24 61 75 6 1 41 69 31 47 30 27 18 60 95 79 12 35 14 77 16 61 
28 94 29 68 87 35 33 39 90 7 100 100 37 48 78 41 34 18 89 45 18 93 32 16 94 15 94 31 100 91 85 71 44 55 74 99 84 12 89 78 32 54 93 67 11 98 60 33 1 89 11 48 42 85 93 85 90 93 91 20 32 37 24 3 17 72 53 56 67 81 14 14 40 14 45 14 1 52 67 93 1 15 53 72 63 41 78 3 53 4 43 33 49 53 14 1 68 81 27 75 
93 68 29 93 21 52 73 63 21 12 98 48 64 81 29 19 87 26 1 72 74 40 94 38 89 54 22 27 84 67 13 77 66 27 87 21 100 36 2 81 78 56 33 42 90 25 9 82 63 32 7 55 63 93 100 46 80 33 92 55 27 68 86 75 35 37 76 70 24 35 67 69 76 39 38 30 48 34 22 44 88 76 74 82 53 59 23 4 51 58 57 73 27 73 77 71 92 5 15 76 
59 20 6 70 15 94 57 82 80 48 56 74 4 4 15 46 96 34 33 97 21 73 29 85 85 22 79 54 78 64 58 40 92 63 71 66 87 29 21 85 96 58 54 33 96 87 71 3 62 16 7 53 9 2 3 7 70 8 39 4 77 73 88 24 30 38 16 77 83 29 41 36 77 9 18 70 99 22 21 74 45 5 30 37 25 41 59 69 25 75 64 90 18 19 25 57 2 20 7 62 
88 55 13 49 75 93 9 22 88 35 73 45 58 2 97 51 79 66 58 16 62 17 17 69 76 14 19 31 55 86 15 20 81 45 16 49 11 58 45 17 86 75 70 65 33 10 7 40 71 28 44 8 61 81 20 87 72 98 54 2 56 14 21 88 38 14 8 79 77 100 1 71 62 21 87 46 25 32 71 85 1 56 45 17 75 67 53 80 72 36 46 91 96 85 12 43 30 54 35 92 
36 69 12 89 29 77 32 66 5 76 5 8 62 52 69 30 27 23 54 74 86 20 45 81 82 81 85 1 22 31 21 59 20 66 67 64 45 73 46 67 69 48 32 68 42 100 11 49 10 52 17 81 71 70 33 21 43 84 42 17 77 91 77 61 33 44 17 81 14 67 3 53 31 56 87 66 26 55 45 88 86 7 96 4 27 31 25 24 30 80 94 84 51 54 94 97 47 5 68 12 
86 41 8 94 26 13 8 39 93 53 29 77 90 92 2 36 3 76 68 65 12 54 62 36 95 17 47 78 6 6 86 19 55 8 1 24 7 29 45 65 17 4 6 58 24 63 3 57 91 2 44 86 78 94 71 43 58 56 94 28 24 53 92 50 61 3 54 40 52 19 51 60 69 95 98 90 63 29 25 38 27 35 66 91 40 90 57 18 81 19 74 87 86 5 68 47 89 90 71 3 
54 98 93 80 14 90 14 43 51 49 54 37 96 26 80 48 27 34 62 11 3 35 12 9 45 73 51 38 70 59 91 40 30 82 39 20 12 30 41 3 3 33 31 2 24 55 64 90 92 16 36 10 56 6 13 60 27 17 37 40 79 27 84 40 17 90 71 13 19 32 53 70 4 44 56 71 85 25 32 14 5 33 38 43 71 14 66 24 27 52 81 61 38 36 53 57 70 42 75 32 
87 89 5 57 10 96 86 70 99 69 27 81 58 78 33 79 69 15 42 94 10 41 93 95 13 57 34 9 67 59 46 89 62 71 34 91 45 55 39 14 29 44 27 16 63 50 96 23 71 43 96 81 12 3 44 29 16 85 97 77 4 64 86 35 85 25 63 15 6 38 86 8 85 35 42 8 52 48 7 20 91 7 65 9 39 3 61 35 4 45 41 8 99 82 6 59 95 74 94 84 
59 14 59 45 21 53 16 9 78 71 56 56 39 94 70 14 67 62 29 77 80 84 4 12 89 39 24 90 22 18 13 68 40 3 47 8 38 36 24 37 14 22 41 54 19 67 12 50 44 52 90 6 90 79 50 62 34 63 67 97 97 33 91 50 57 77 97 68 81 47 75 72 52 4 66 75 33 66 79 82 86 93 46 64 28 33 82 98 10 83 68 87 40 72 79 30 87 58 14 85 
40 79 11 61 7 22 44 23 76 7 37 90 81 62 54 82 33 74 31 21 17 29 69 6 71 65 12 18 77 24 59 11 52 47 6 13 12 84 96 38 39 82 40 68 86 83 32 78 87 58 64 97 74 35 20 39 3 18 7 41 45 99 54 82 97 96 67 100 21 96 50 99 9 61 20 24 29 35 54 60 21 68 78 57 20 34 78 11 46 14 67 38 78 61 76 27 3 97 33 60 
9 69 43 25 67 90 94 80 9 45 50 26 8 12 6 95 15 62 8 84 4 10 72 65 37 42 61 64 41 46 79 94 71 14 19 74 90 92 63 73 94 94 12 62 67 26 12 71 38 56 83 62 76 44 91 89 49 21 2 97 28 68 9 69 21 45 29 43 50 64 9 52 23 15 87 44 64 71 92 5 90 55 84 85 57 28 71 93 13 32 52 23 28 12 62 13 96 74 34 69 
15 84 98 83 5 90 80 37 9 36 76 86 91 98 99 35 38 49 45 73 98 59 20 24 47 55 10 21 50 20 100 26 49 2 76 43 20 56 55 93 57 36 28 63 83 28 25 31 4 75 27 40 45 38 72 74 40 100 55 49 59 98 3 28 8 49 77 25 17 98 32 56 9 13 42 51 25 87 67 31 36 46 15 17 64 56 34 36 4 78 35 20 21 28 27 29 48 28 12 35 
17 55 90 58 11 34 47 30 1 22 36 33 10 82 88 44 34 53 89 60 83 44 20 20 52 31 62 21 16 22 79 95 11 17 66 18 55 95 3 41 11 77 52 75 99 77 10 73 6 19 76 87 67 83 12 98 88 30 6 34 57 89 58 38 58 25 55 48 78 16 5 93 78 2 43 32 68 4 27 71 2 96 95 47 89 2 47 69 87 47 68 41 10 65 11 14 90 73 8 45 
61 46 80 55 44 46 44 19 79 9 67 18 12 78 1 57 30 39 92 10 26 8 60 49 10 60 82 85 9 4 37 98 32 58 87 64 72 60 98 89 91 19 41 10 98 10 9 25 15 56 49 64 4 41 5 9 87 62 99 28 86 15 8 84 63 55 17 17 45 97 58 37 56 34 45 55 92 90 90 48 13 42 51 36 39 74 34 6 68 37 74 34 64 53 47 69 73 63 98 79 
67 11 81 94 22 32 55 77 97 65 74 12 42 14 64 97 68 36 83 68 71 26 99 8 54 18 38 8 25 37 85 76 60 58 34 31 33 69 30 11 84 36 49 91 60 13 89 81 52 60 100 61 14 46 52 69 39 61 23 45 28 56 71 100 69 95 92 58 27 74 15 10 96 53 59 48 76 8 57 87 68 78 36 88 8 92 90 51 72 83 100 14 35 30 78 6 58 81 37 25 
38 56 34 39 47 21 8 38 40 96 33 76 17 26 53 95 59 34 57 99 77 38 27 38 46 90 63 13 12 77 60 21 96 98 95 76 19 94 57 1 49 97 15 76 18 39 21 65 70 20 76 76 47 33 18 26 5 98 15 6 36 46 58 72 24 62 90 14 68 78 24 68 46 61 34 76 12 56 17 18 38 74 56 56 46 24 46 81 2 40 57 31 55 49 38 46 44 85 92 62 
16 31 85 60 18 63 53 32 58 16 24 16 55 97 86 30 8 20 41 90 73 30 43 100 15 54 12 47 71 80 59 41 59 63 76 86 98 4 68 62 38 60 36 59 9 65 40 100 38 80 91 34 97 7 60 90 81 26 2 20 14 38 30 85 60 33 88 43 64 13 8 48 52 31 53 86 84 33 74 85 10 17 43 80 2 40 30 38 39 34 38 49 81 26 28 45 55 55 72 19 
40 45 36 38 22 72 83 76 58 30 27 14 70 94 100 84 57 20 4 50 96 48 57 57 71 88 57 84 50 93 34 91 94 81 45 43 89 30 42 46 4 64 20 35 33 25 25 92 79 67 71 94 80 40 2 6 83 43 6 80 19 63 41 23 41 29 64 36 16 51 53 52 94 18 58 6 85 77 35 40 30 28 48 100 36 81 28 95 6 88 45 23 8 31 15 69 39 24 52 58 
84 85 49 89 89 51 28 2 82 69 10 50 18 75 86 66 33 48 95 67 30 97 29 21 35 16 39 75 94 27 3 11 97 82 69 92 51 1 100 10 51 69 83 36 94 8 72 51 57 16 70 98 35 19 93 93 85 89 51 71 56 25 43 62 76 93 59 34 35 81 26 33 88 98 48 100 56 53 21 79 18 63 30 8 100 81 57 73 16 71 47 79 20 33 30 42 66 73 76 29 
91 79 44 85 60 30 56 34 47 63 84 39 43 67 59 53 99 86 23 8 54 36 84 11 27 92 56 47 30 76 81 27 64 62 70 97 4 88 14 16 56 16 44 82 82 11 49 30 98 12 75 62 98 9 72 65 62 68 45 36 51 59 45 20 97 74 7 13 29 48 90 18 16 17 17 26 3 76 98 74 63 17 83 8 14 67 82 30 57 57 54 32 34 81 48 37 24 33 38 92 
12 38 8 95 6 1 51 49 95 47 16 59 51 32 95 39 41 37 43 85 88 78 74 23 3 100 75 47 78 35 31 4 1 36 48 97 50 24 28 98 68 8 16 99 19 67 47 58 88 99 39 97 78 78 27 60 4 78 19 57 86 53 35 37 15 73 53 60 19 73 62 80 52 48 22 46 14 8 52 83 32 85 16 20 94 31 69 58 100 79 84 16 70 35 83 91 43 31 18 9 
26 59 99 67 97 54 64 91 82 16 11 47 24 77 74 1 48 38 88 97 77 66 79 8 48 8 90 79 45 44 99 58 31 20 21 97 74 16 81 65 63 32 6 96 83 9 72 72 98 24 5 21 42 6 21 60 33 73 54 32 49 96 10 11 42 23 38 70 74 28 20 38 94 69 100 90 98 68 29 58 47 44 75 38 20 66 36 34 32 9 56 90 55 24 21 61 8 58 97 51 
8 82 34 18 4 21 42 5 29 91 18 71 44 77 84 18 58 15 56 35 50 71 60 11 34 17 61 90 25 43 77 69 6 72 87 53 20 55 62 28 7 67 72 12 83 29 52 99 21 24 23 5 85 92 14 64 27 15 18 68 35 24 87 16 22 96 47 30 63 17 71 62 32 37 83 70 1 34 32 80 98 65 86 24 32 79 45 36 43 8 35 55 24 72 73 49 27 51 92 75 
51 29 68 23 76 93 98 26 85 51 8 25 95 12 1 14 80 18 67 24 64 40 15 100 26 83 10 90 13 38 8 53 95 88 29 44 78 78 23 48 64 67 99 61 40 41 32 33 13 69 74 41 42 6 18 42 16 84 9 24 94 56 88 67 4 70 17 67 52 88 23 94 12 93 56 81 80 28 52 81 13 72 44 14 98 51 61 6 18 24 11 98 2 9 34 61 79 25 76 54 
78 70 20 9 51 70 62 42 85 52 41 95 53 40 38 84 24 72 21 10 100 82 91 28 91 2 53 17 18 82 32 75 10 22 92 31 45 62 35 63 42 93 86 51 6 66 100 6 82 20 31 58 75 61 58 89 34 40 64 56 16 46 97 18 69 95 78 82 6 63 23 29 60 32 84 66 37 16 56 50 5 96 83 44 2 91 53 24 26 30 90 38 61 97 62 85 48 89 73 78 
90 92 8 87 69 53 37 93 7 35 15 97 97 50 25 53 84 32 49 38 80 81 63 63 37 92 2 90 11 58 30 20 99 93 6 51 18 41 57 28 74 44 68 45 30 88 64 56 71 65 51 99 32 4 25 68 23 67 78 63 91 6 59 2 79 39 64 96 77 81 63 2 88 40 91 6 48 64 66 14 58 1 1 42 35 12 22 32 94 31 28 46 92 90 30 3 23 28 63 64 
35 62 82 88 98 97 41 5 65 86 53 79 84 78 69 64 66 17 12 71 19 73 79 98 87 18 68 94 68 86 17 59 3 73 48 97 47 67 59 80 65 12 5 89 35 58 60 26 20 35 57 40 65 55 35 89 21 49 59 34 97 65 71 49 13 6 4 78 71 75 67 87 3 53 60 74 40 33 12 55 13 83 28 34 92 19 87 5 9 93 43 71 39 42 4 67 14 52 1 22 
4 27 72 91 3 70 15 50 77 17 96 40 81 79 6 87 55 81 8 46 36 14 23 42 66 23 29 10 78 6 97 56 75 1 62 74 61 76 23 25 65 55 14 35 80 43 76 72 5 35 52 24 56 25 54 73 98 38 91 39 97 63 57 47 8 55 10 33 42 37 97 95 72 16 3 58 88 96 35 100 91 51 57 69 97 92 52 80 99 47 65 79 83 21 55 2 22 23 69 76 
82 68 5 44 10 97 32 90 1 62 84 21 52 75 45 20 53 32 92 67 78 34 64 19 68 79 73 66 31 13 77 28 86 38 74 46 34 20 2 78 37 64 34 27 27 32 19 35 91 15 4 28 89 9 30 11 4 36 1 24 45 13 54 26 32 66 91 64 48 35 48 32 33 30 3 46 47 20 65 82 48 59 76 45 33 10 38 72 65 96 35 99 69 86 2 22 66 23 97 50 
100 17 37 25 48 87 19 46 41 16 53 47 29 38 57 90 56 2 99 85 44 61 80 54 4 72 8 82 6 32 94 46 82 70 69 96 59 65 13 34 32 73 34 26 14 74 51 22 47 76 52 94 54 36 50 90 46 86 40 86 37 67 40 82 32 22 78 48 67 93 29 57 37 20 44 31 48 42 19 93 43 48 73 8 29 29 64 48 85 21 48 28 19 53 52 76 35 28 29 46 
88 5 15 99 72 64 1 90 50 70 82 41 26 63 69 100 23 46 52 9 7 47 69 16 79 69 3 37 19 72 20 21 64 34 29 85 44 87 5 41 8 34 19 93 21 91 79 9 11 99 50 90 96 10 17 73 16 43 25 62 58 62 83 67 53 16 37 79 58 48 38 40 80 66 65 66 100 30 77 35 87 98 2 49 26 31 93 33 97 56 9 38 73 33 82 43 36 89 11 82 
14 83 69 53 96 45 14 67 82 2 68 45 67 57 59 84 72 11 80 49 62 38 1 41 28 48 15 71 12 90 32 36 7 4 44 65 53 5 18 91 27 59 90 66 86 89 81 31 100 24 43 83 20 75 8 34 32 94 11 38 3 60 88 22 26 100 97 70 22 31 85 20 46 76 15 95 99 11 36 65 73 23 30 15 51 2 93 72 43 86 32 94 48 41 77 60 58 37 41 80 
43 58 82 30 89 58 47 87 82 40 100 99 50 36 72 37 4 4 76 96 59 67 74 55 10 76 2 8 84 56 75 18 24 73 36 81 56 33 22 64 33 95 55 88 83 69 83 56 100 20 36 40 29 5 66 99 69 10 75 63 79 77 78 25 47 16 28 25 91 59 11 14 67 97 92 22 23 4 59 91 28 41 11 23 42 93 68 70 28 90 17 63 15 93 13 51 63 78 99 2 
83 18 15 84 22 69 10 35 13 98 81 78 51 7 94 55 36 54 74 72 8 63 54 84 59 78 27 64 91 99 48 43 66 21 71 90 54 34 16 95 93 88 9 66 99 11 38 36 93 35 11 79 52 79 22 40 74 78 47 45 24 75 30 64 19 2 46 10 41 17 24 13 97 84 90 16 72 98 53 53 41 11 39 25 23 89 66 85 16 19 86 88 22 51 60 74 69 26 40 85 
82 46 56 37 56 74 50 7 44 64 6 84 51 82 50 9 4 47 35 13 38 3 37 3 19 23 10 70 85 80 89 21 95 49 42 55 95 23 2 29 56 57 24 94 42 77 68 94 98 6 89 55 89 6 78 11 15 40 8 36 83 81 57 89 17 56 21 93 34 72 38 87 21 76 91 38 77 49 53 7 29 22 94 83 12 84 68 51 84 1 43 48 24 72 46 24 8 98 37 17 
90 40 34 99 20 71 46 62 66 78 94 40 40 52 25 8 45 68 51 73 68 59 60 69 13 21 86 23 47 10 45 32 75 20 51 100 8 45 90 97 61 73 15 48 97 56 65 77 23 65 52 42 80 16 61 52 4 23 43 48 33 25 4 81 94 83 28 36 7 53 80 67 62 66 73 51 83 94 3 80 75 59 78 38 5 27 9 40 93 1 15 27 86 80 86 48 50 77 92 69 
10 98 30 83 14 19 57 32 4 28 37 44 25 12 22 54 95 99 20 62 21 3 32 50 46 12 66 55 40 25 51 73 83 39 13 45 6 18 89 38 85 22 74 36 94 60 58 97 74 89 73 40 77 5 58 71 74 62 28 62 57 29 93 38 58 83 60 43 74 76 23 81 71 41 27 61 96 17 41 88 37 7 1 81 93 8 88 9 51 70 67 69 89 65 93 68 42 92 58 56 
99 34 47 38 28 52 17 64 43 74 12 64 50 12 96 85 48 41 52 46 76 79 81 16 18 88 6 79 7 76 53 51 5 59 83 46 43 23 73 28 41 97 93 73 45 19 8 38 64 58 13 30 73 33 80 81 24 27 72 4 100 100 50 84 65 42 82 12 22 24 34 77 89 31 89 78 30 91 46 17 11 41 63 71 81 77 79 81 81 88 11 88 36 77 10 3 94 5 31 1 
91 27 42 71 86 95 89 59 80 43 74 87 4 98 32 45 64 60 1 73 56 57 29 91 1 74 53 41 54 93 49 46 98 4 52 12 23 86 63 5 40 44 16 2 100 63 78 90 3 29 79 52 16 92 13 86 51 10 55 22 53 79 88 44 11 31 24 40 86 77 64 24 26 10 53 6 5 98 96 8 1 35 52 52 20 30 32 62 12 53 53 60 43 63 32 54 16 83 25 34 
59 19 30 35 27 14 25 31 70 90 11 68 81 30 67 47 22 84 39 19 81 26 38 56 21 70 99 100 22 37 33 11 19 36 79 71 97 76 27 99 88 54 82 100 86 67 79 50 74 44 71 74 25 99 62 2 31 53 38 70 58 75 30 30 40 33 13 81 65 70 15 21 2 30 1 100 80 2 50 11 21 76 45 58 82 99 32 77 61 92 33 17 71 75 9 86 89 89 18 27 
27 22 1 96 97 85 91 27 46 92 52 23 4 23 64 13 58 99 17 52 44 91 99 57 32 21 70 14 31 59 62 84 53 7 55 13 4 14 10 4 89 94 63 14 59 3 10 98 33 29 39 84 60 83 84 71 29 97 19 88 24 77 94 44 79 53 6 49 99 38 49 18 33 68 70 54 19 14 52 86 53 66 80 20 32 27 72 2 71 87 71 23 22 52 48 9 15 42 39 73 
6 2 29 21 22 75 65 50 10 27 38 62 39 41 81 97 30 8 74 59 90 80 51 70 76 68 40 99 38 3 98 39 91 81 6 29 23 79 52 49 54 91 2 27 78 36 39 41 70 39 39 16 35 64 88 21 31 90 70 45 99 19 84 92 66 75 70 21 20 43 40 38 69 33 58 94 31 85 9 66 11 56 46 7 76 29 21 7 26 55 18 95 16 25 57 67 90 11 40 41 
19 34 46 41 69 53 5 93 26 73 5 76 59 27 9 35 4 67 97 97 97 78 50 7 79 7 34 88 65 42 71 96 46 20 96 23 60 31 24 67 63 37 97 62 64 41 71 63 32 71 70 99 76 53 13 58 49 2 89 65 40 48 50 58 47 69 23 86 48 22 79 70 13 64 15 8 23 18 13 22 89 36 2 63 87 47 37 35 55 100 57 100 9 34 97 63 89 53 67 74 
30 58 16 75 16 95 45 84 77 1 44 2 28 58 62 73 54 5 35 42 98 40 26 84 11 36 64 11 59 42 79 67 1 48 65 65 82 21 31 49 14 63 8 62 22 37 29 57 92 50 3 94 49 15 46 96 30 11 36 66 64 12 13 86 50 75 38 40 93 85 77 53 64 1 83 22 61 70 88 79 14 79 20 22 49 70 22 4 96 46 31 56 32 38 35 90 62 3 30 12 
1 81 41 33 6 40 78 68 60 60 31 43 28 67 47 72 10 98 19 66 85 54 1 73 11 96 17 77 18 68 18 8 27 56 42 17 61 30 34 48 51 9 62 92 35 66 28 3 14 47 59 29 16 73 29 73 68 65 38 87 92 85 65 68 62 8 56 21 99 49 28 76 88 22 87 8 34 3 91 86 12 16 21 28 55 71 32 76 93 26 87 94 56 47 12 49 70 85 16 49 
33 1 68 29 43 4 25 13 19 84 45 10 28 54 42 88 13 38 59 67 94 59 60 15 75 19 87 19 83 88 13 97 20 16 93 48 12 62 99 67 79 88 83 74 54 63 19 22 46 95 91 94 100 48 59 4 11 47 98 61 4 69 97 47 65 53 78 38 9 6 41 69 96 73 81 96 54 96 3 34 56 86 45 69 61 78 96 56 20 52 38 72 6 33 75 71 18 95 28 70 
68 46 93 57 51 75 97 2 60 58 6 15 91 83 68 68 47 34 91 3 55 31 80 63 33 35 11 32 73 51 84 76 43 95 2 9 18 3 72 38 77 5 96 46 41 86 40 33 47 6 69 17 63 58 84 60 99 82 28 79 69 60 17 54 11 65 24 42 68 45 30 59 78 45 100 98 45 19 76 68 72 82 66 10 86 84 89 2 87 32 6 53 92 84 32 65 67 73 22 10 
65 64 77 39 8 36 3 28 85 35 20 41 53 53 24 31 63 35 18 43 53 96 84 81 72 13 66 36 26 34 68 9 70 2 5 61 82 91 46 87 90 10 53 85 40 13 93 69 26 16 77 50 22 36 57 82 86 64 90 56 25 68 42 71 39 74 84 25 85 72 29 9 34 51 85 98 6 54 33 53 4 7 55 3 88 64 80 61 54 81 8 79 21 94 29 71 23 75 70 46 
71 92 10 23 34 89 63 39 41 73 7 50 21 64 24 100 16 45 65 16 43 33 55 23 89 33 26 20 69 75 1 50 67 17 5 43 55 82 62 33 58 67 92 66 97 21 38 50 44 96 79 31 64 15 100 69 28 10 34 68 18 20 98 79 68 64 87 74 6 13 94 71 89 35 67 46 45 88 35 76 76 85 52 79 75 52 46 64 55 47 64 5 8 34 64 89 41 3 88 8 
43 96 2 4 86 77 23 76 75 52 34 17 90 32 68 24 78 92 25 17 6 72 35 62 71 16 87 51 22 53 95 29 65 66 61 49 22 95 56 79 93 75 38 23 31 7 69 17 21 12 7 3 41 13 72 4 35 43 35 47 19 86 56 9 17 89 80 89 91 93 71 17 99 97 33 61 18 33 57 100 96 13 90 61 38 97 10 41 23 67 60 75 8 27 76 7 91 54 1 67 
6 75 82 91 89 34 88 11 36 84 91 4 43 26 8 91 96 57 90 17 53 19 98 49 36 48 18 73 21 81 99 94 1 49 10 44 54 79 53 67 45 86 85 46 44 5 27 61 33 25 62 18 39 3 65 93 23 78 100 47 91 11 79 42 31 22 81 53 80 2 63 37 72 17 16 36 28 33 45 100 88 34 83 69 90 4 63 47 55 95 2 55 25 17 83 50 68 5 34 39 
48 48 36 44 14 4 14 71 71 19 93 4 22 21 19 33 11 79 75 67 91 27 59 16 96 95 83 18 9 8 11 59 37 40 69 23 42 30 69 37 91 98 37 30 14 22 41 11 1 65 67 21 60 57 66 34 21 68 84 11 68 44 65 10 17 76 47 24 93 25 30 10 53 31 72 2 64 76 32 47 55 74 88 89 62 17 72 6 63 87 26 61 81 29 56 28 58 33 34 12 
77 74 1 54 67 8 28 6 94 23 80 19 63 95 69 70 64 91 89 14 30 29 79 60 3 77 50 88 21 63 80 66 74 11 45 22 90 43 69 92 43 5 80 49 11 93 26 73 8 16 82 32 75 97 47 65 10 7 24 5 65 93 13 78 33 23 84 59 21 79 90 76 74 65 39 94 80 11 56 24 3 78 77 23 95 20 68 99 100 37 60 31 43 30 49 54 74 48 97 94 
8 82 18 35 67 49 66 52 46 66 38 59 29 17 57 37 36 55 10 48 87 89 49 59 5 55 85 16 89 77 20 50 40 49 15 14 24 2 83 61 80 54 37 33 37 24 62 15 85 86 77 61 10 84 91 20 94 27 98 96 36 51 47 36 56 99 76 18 68 73 17 95 50 46 97 11 48 41 91 86 79 21 3 53 26 47 91 85 50 80 53 46 49 62 31 50 37 81 26 19 
40 12 3 70 17 91 48 75 53 61 99 68 95 97 57 100 12 2 65 62 8 27 93 26 28 55 83 81 11 70 25 52 4 69 85 40 39 14 1 20 14 29 1 70 60 77 40 47 65 77 34 1 98 54 48 15 45 27 69 6 50 66 65 16 43 97 14 99 69 16 49 53 63 44 69 88 43 50 85 97 6 100 28 89 46 28 26 2 41 24 16 91 72 97 72 75 60 51 49 77 
54 74 71 99 1 52 31 7 60 31 59 23 70 1 86 53 71 88 22 94 30 46 7 91 41 17 4 54 78 86 56 46 39 44 27 94 2 54 77 2 73 63 61 58 19 13 52 59 90 53 13 8 94 45 84 50 65 6 50 47 42 60 10 17 62 56 58 89 8 2 50 37 88 14 24 100 30 67 80 10 16 17 57 78 86 21 45 2 98 73 36 7 16 31 94 38 57 18 90 50 
32 99 54 64 55 82 12 12 3 99 32 52 53 51 96 52 29 29 48 69 40 50 17 55 84 61 97 99 52 14 33 55 57 99 50 26 73 86 23 20 59 45 77 67 4 3 55 90 16 75 7 62 34 97 82 74 52 11 18 26 74 5 76 97 39 8 56 54 82 77 88 14 36 44 91 76 67 96 41 68 13 16 95 82 72 3 53 11 45 46 62 87 42 29 94 85 99 85 50 67 
72 29 71 50 96 33 60 42 34 31 46 74 52 60 43 18 87 80 86 78 7 29 44 86 71 98 44 40 34 38 65 74 74 44 66 46 19 55 75 64 93 85 41 13 38 66 39 49 61 68 68 52 6 29 83 68 71 3 65 96 7 30 93 75 67 50 5 85 6 53 37 81 27 12 84 2 47 48 28 43 20 34 19 71 27 13 11 17 49 12 79 4 53 71 84 55 75 3 47 13 
78 69 54 71 15 42 12 73 23 68 14 57 34 71 92 39 77 51 63 56 6 68 93 26 78 27 47 91 65 83 89 41 77 50 43 52 30 82 48 70 82 42 60 35 20 99 75 24 83 15 84 46 38 91 93 41 58 12 47 49 53 98 57 45 66 43 26 79 43 15 96 54 10 34 85 14 39 64 85 58 90 78 28 89 38 78 51 41 38 94 6 82 97 84 12 62 26 98 36 50 
17 2 43 98 62 64 65 16 100 39 74 38 69 14 55 23 92 1 20 30 35 93 7 35 2 1 47 97 60 63 12 97 12 78 59 91 66 1 36 56 54 23 26 22 4 100 32 29 82 12 37 30 35 77 88 39 19 37 88 15 90 92 1 94 83 57 98 34 17 66 92 34 98 43 60 36 6 13 37 25 87 35 21 73 95 69 46 17 43 6 93 50 61 37 58 55 81 29 94 42 
83 32 82 42 77 50 25 68 2 32 53 66 80 75 75 8 43 42 36 79 14 49 54 94 35 54 47 30 51 59 66 47 2 22 15 61 77 24 4 68 40 39 72 51 29 9 82 96 75 22 69 25 18 34 96 9 96 100 36 11 35 91 16 91 80 13 58 58 33 71 13 55 91 16 93 13 97 96 11 14 59 85 18 43 87 54 75 16 49 32 6 26 68 43 28 34 96 33 34 94 
25 22 1 8 43 47 23 27 45 66 13 52 35 58 8 11 97 29 82 4 17 11 42 46 84 12 68 46 99 59 26 15 75 37 48 72 5 17 79 7 25 30 20 14 9 22 27 96 70 8 39 24 46 97 38 77 7 70 87 15 6 22 74 57 53 1 70 55 8 13 82 5 88 73 49 18 62 8 19 55 74 63 2 91 1 54 97 67 62 67 16 41 6 5 74 46 76 25 12 30 
2 25 64 12 79 57 99 97 41 99 83 31 20 95 60 86 67 46 28 2 64 26 72 38 60 40 84 97 2 49 56 33 57 42 64 59 37 22 51 97 67 29 81 60 67 30 33 51 50 39 48 7 29 52 53 34 96 14 14 12 37 37 13 66 65 56 27 16 100 82 70 78 28 84 28 64 18 22 75 95 76 100 83 46 62 23 38 72 14 62 38 86 31 81 28 92 36 60 8 91 
97 29 4 15 86 1 100 55 22 50 75 88 91 99 66 22 69 93 94 8 84 74 83 99 83 98 82 40 2 50 69 32 54 33 83 96 70 70 30 36 72 21 50 68 62 7 38 78 48 94 65 14 47 88 36 22 31 35 83 4 15 21 79 26 94 38 19 25 81 30 8 95 6 69 54 34 75 95 48 94 93 36 81 73 14 96 42 15 64 61 77 40 46 73 18 98 32 66 9 17 
89 76 83 13 11 52 72 49 39 37 52 92 94 2 55 84 65 42 3 28 13 76 39 70 89 4 69 14 82 14 31 4 37 49 61 57 15 57 22 42 80 10 14 31 35 55 81 61 53 20 78 97 56 2 80 78 56 15 27 78 50 59 47 31 35 45 5 86 94 96 55 6 46 89 8 9 97 33 38 29 98 75 87 50 16 92 42 14 80 10 92 33 40 51 1 55 66 12 38 46 
67 9 55 95 7 54 12 63 55 50 86 31 94 6 5 4 60 22 99 90 14 92 73 60 49 18 20 51 82 47 39 73 100 61 37 30 49 84 15 71 80 97 69 20 1 61 64 63 2 97 60 84 33 68 88 81 71 65 14 4 5 1 46 91 5 45 53 96 83 61 13 49 37 42 13 67 53 42 58 21 100 48 66 37 29 45 60 56 95 73 75 17 28 76 54 14 38 80 83 41 
36 68 8 50 89 29 27 53 53 1 34 63 58 31 90 55 18 31 22 85 4 99 80 5 14 23 15 44 100 10 43 77 59 90 13 69 91 80 3 77 74 42 99 59 26 31 38 6 34 39 14 6 78 77 87 95 97 48 42 75 39 10 80 81 22 13 45 39 96 92 16 49 60 19 20 72 99 58 50 26 31 78 84 96 92 19 36 33 80 8 2 86 45 76 76 93 14 25 33 32 
52 38 23 94 25 41 17 52 15 48 98 10 86 64 88 72 16 11 51 74 37 9 22 48 58 34 43 18 46 16 10 58 100 70 64 53 52 65 72 39 60 65 87 21 93 11 90 89 14 17 40 92 13 12 86 20 60 36 28 24 48 76 20 68 79 14 64 78 96 2 22 61 66 100 53 84 69 36 61 42 47 78 93 70 23 27 37 50 78 61 9 45 72 99 12 51 21 75 27 37 
83 14 64 36 6 68 68 89 50 57 80 65 72 11 80 8 51 17 75 74 87 12 99 76 89 78 45 35 57 32 43 11 7 14 52 70 4 13 35 89 91 95 34 30 39 10 58 20 53 96 56 21 5 22 43 79 90 9 85 87 8 42 84 96 34 66 97 60 25 5 90 4 71 71 18 50 95 43 65 34 54 29 98 3 97 48 17 79 88 89 5 14 95 39 3 2 99 88 68 90 
80 40 2 14 85 8 36 74 83 59 21 91 51 34 72 27 71 75 32 64 14 17 88 62 32 32 38 53 9 46 94 34 28 41 72 66 53 31 96 94 38 80 31 47 9 79 11 86 83 14 32 88 22 93 21 14 29 9 9 85 40 61 59 56 69 56 36 69 10 65 18 37 93 6 80 72 65 85 3 61 33 4 92 67 84 20 4 94 91 32 19 52 39 4 5 6 53 63 59 98 
15 38 28 72 77 14 38 50 26 23 95 25 65 7 20 83 94 100 40 64 18 41 54 18 22 97 35 27 72 64 44 91 48 80 59 7 12 56 57 78 70 17 92 38 71 15 59 81 64 40 42 28 6 51 81 65 78 14 5 48 64 87 21 50 5 22 54 87 17 61 72 69 43 43 56 50 86 45 82 71 29 45 32 24 47 57 53 85 63 82 34 89 14 88 58 41 7 95 61 97 
5 37 100 49 63 25 8 100 92 42 98 25 43 23 37 33 26 26 4 87 7 77 94 58 49 50 53 96 92 35 39 63 86 65 43 57 19 43 25 15 15 75 45 81 80 86 94 73 25 6 50 93 6 28 17 52 44 82 37 7 20 76 52 46 63 5 82 49 70 27 43 13 28 42 97 41 35 43 48 4 21 18 91 40 30 17 94 58 19 18 74 34 72 55 74 51 37 92 86 92 
43 57 56 99 47 66 59 69 24 7 48 20 87 61 10 78 17 75 73 51 39 21 61 100 47 12 84 17 2 39 2 68 37 66 16 68 36 98 70 96 81 94 57 60 90 12 72 70 78 85 57 95 14 79 29 90 65 86 73 26 49 34 62 74 24 39 32 5 1 14 1 15 62 19 40 97 92 22 25 96 90 82 12 45 99 7 39 56 69 19 36 98 63 44 82 21 41 11 71 82 
96 17 56 85 43 100 74 45 54 19 100 48 5 55 57 43 95 47 88 12 18 55 77 90 25 9 57 32 98 71 58 62 20 38 71 25 21 55 42 59 27 10 12 32 42 39 72 21 48 66 3 37 95 38 9 1 12 49 70 47 78 56 76 96 17 33 17 23 13 6 34 30 60 76 56 69 91 27 93 99 50 61 46 74 1 15 51 68 94 58 81 18 29 59 64 24 74 85 96 29 
54 74 49 90 99 75 12 93 15 58 15 88 37 51 11 29 58 35 32 66 39 9 38 12 72 20 23 76 28 3 43 56 3 85 94 8 81 42 43 55 42 26 90 86 92 84 23 75 8 45 86 11 9 49 70 9 100 34 7 70 57 24 27 82 37 62 83 96 43 89 93 15 76 75 28 81 42 36 44 45 15 99 56 56 61 3 86 5 74 46 31 14 86 10 47 50 54 33 39 100 
14 4 90 51 88 2 96 50 60 7 64 40 62 48 95 94 48 73 83 8 24 52 67 4 87 51 39 65 72 26 91 8 20 51 46 54 19 54 22 60 63 24 9 21 52 46 61 58 19 36 36 41 55 2 44 25 74 61 68 98 29 72 77 48 82 73 52 29 82 30 88 66 15 42 38 17 7 50 20 18 16 48 6 41 37 96 50 54 9 85 34 83 85 2 43 85 14 85 87 95 
61 81 36 11 25 41 40 19 74 18 47 86 78 38 35 59 15 83 30 52 98 90 69 18 18 50 43 24 30 84 9 85 6 10 64 29 46 29 40 81 15 7 25 10 39 16 50 60 1 69 86 74 92 72 39 66 29 49 37 8 35 39 59 46 43 69 30 43 78 39 93 25 15 79 43 78 29 64 58 24 78 8 81 60 89 54 39 53 36 37 95 20 32 98 63 40 65 66 48 63 
66 32 90 32 80 95 1 18 72 43 50 44 100 5 32 43 30 83 3 70 81 50 94 83 17 86 28 41 35 56 92 91 98 95 51 50 35 19 2 97 89 92 1 27 92 18 16 41 3 35 92 71 22 30 18 57 84 2 44 39 87 49 91 15 11 40 33 92 24 17 62 20 94 23 67 94 47 58 68 65 42 12 3 75 41 16 59 43 20 24 85 37 27 4 34 15 85 8 22 32 
14 55 2 32 98 27 88 82 31 85 79 11 23 41 65 65 40 52 19 80 9 5 7 54 29 33 67 59 46 66 38 11 92 2 50 16 7 72 86 38 78 11 100 68 71 79 41 87 39 80 5 45 29 77 48 19 39 100 93 2 64 7 36 32 63 28 44 95 22 100 67 28 94 100 38 12 55 6 23 52 79 48 34 57 54 45 31 80 71 19 75 90 57 51 2 63 54 3 28 31 
40 32 18 28 54 69 59 7 88 30 41 35 24 3 28 71 53 93 59 96 11 57 31 59 86 43 53 36 13 1 56 25 52 64 10 30 5 83 86 9 30 86 55 76 54 92 20 82 91 81 19 39 16 31 39 33 58 56 42 48 7 97 88 16 46 70 97 40 62 63 100 61 86 36 56 76 74 67 50 27 28 45 83 99 12 12 35 24 26 91 53 57 23 67 92 85 4 99 16 78 
11 78 40 95 5 65 72 4 5 79 63 77 18 99 2 77 96 20 10 34 86 73 5 89 70 88 44 48 4 78 85 78 11 50 4 32 84 90 62 90 90 82 15 45 11 32 12 89 34 27 17 55 83 54 45 31 76 41 28 63 19 10 7 87 88 52 46 84 62 51 16 29 94 31 70 84 55 11 33 65 65 59 62 66 5 13 59 36 90 4 36 26 17 74 66 68 40 10 77 50 
25 14 59 81 1 83 97 83 90 78 64 48 95 91 13 37 84 57 61 19 80 62 68 72 63 27 32 97 34 100 70 19 6 75 48 69 13 96 75 73 51 52 91 98 3 49 94 27 1 18 1 62 37 98 30 76 14 100 53 64 8 51 50 69 81 53 73 81 57 29 91 22 72 29 80 85 36 14 87 82 79 54 58 9 69 97 38 51 26 3 63 72 72 41 6 67 70 96 57 68 
75 45 38 39 78 83 81 97 15 16 31 39 88 50 49 67 6 47 15 49 48 22 78 41 3 2 79 68 43 76 56 45 35 4 19 70 93 61 27 34 27 35 25 23 43 19 19 11 99 36 92 62 25 19 98 2 51 17 72 17 11 96 58 92 20 74 43 1 33 90 32 10 31 8 23 49 4 98 48 75 19 55 8 21 98 33 4 2 35 21 44 49 31 80 84 53 37 18 27 58 
54
