20 20
22 97 42 96 96 56 11 51 39 34 28 32 44 5 70 56 95 71 29 3 
36 100 35 11 40 56 11 73 24 84 57 99 92 11 1 30 96 42 84 91 
41 91 57 27 89 70 8 78 21 14 47 54 66 29 18 40 28 80 22 42 
34 72 56 38 6 68 10 6 32 63 85 45 76 13 7 6 66 67 62 99 
34 69 77 48 11 25 14 99 95 47 58 17 52 17 21 21 99 41 75 35 
1 90 9 71 72 28 57 56 57 89 45 73 43 56 64 89 24 46 43 75 
15 7 14 52 91 73 66 4 100 49 28 62 65 15 51 37 97 60 64 51 
55 2 23 11 42 42 75 12 23 69 26 64 100 7 59 85 80 67 57 5 
22 56 26 64 48 50 9 15 57 29 62 43 73 41 10 83 16 38 9 86 
91 89 86 67 99 89 41 37 60 95 12 95 70 72 54 52 40 26 81 87 
97 48 61 71 32 14 76 16 40 2 87 14 72 26 48 96 4 89 81 12 
86 22 98 7 38 51 23 69 93 97 68 43 2 28 46 55 71 96 41 94 
76 37 59 29 78 15 39 68 43 40 80 96 29 86 36 30 9 94 71 90 
24 36 72 79 95 74 81 97 41 34 74 62 77 89 2 99 83 17 85 10 
84 71 15 58 72 93 98 9 53 45 61 25 14 35 96 1 39 85 7 83 
10 45 98 20 83 52 17 24 24 8 16 56 34 3 38 51 13 21 7 50 
31 95 86 14 9 9 45 21 35 59 38 82 55 17 89 26 24 64 33 37 
3 88 63 47 40 56 79 9 65 17 39 15 93 80 61 33 18 90 26 61 
25 86 68 45 73 7 71 96 20 9 7 4 88 75 59 33 86 44 43 50 
53 98 19 25 79 83 32 88 15 34 48 48 87 51 66 5 70 43 23 6 
20
