20 20
88 25 44 16 23 56 68 16 6 58 80 52 55 64 46 1 5 98 82 26 
75 12 57 69 54 65 71 18 5 36 4 24 74 88 54 39 37 45 96 100 
51 42 41 83 76 60 81 94 75 50 34 83 28 21 46 92 9 37 96 71 
6 43 11 18 92 38 9 48 74 31 96 74 74 71 9 61 23 45 70 97 
77 54 98 80 74 35 86 17 95 87 46 87 14 14 90 20 19 89 68 72 
67 6 19 24 95 87 83 27 91 35 77 55 15 68 55 59 8 77 87 30 
37 80 20 98 65 71 35 48 37 94 84 15 29 79 84 88 94 22 9 50 
9 8 80 12 2 90 83 40 12 87 30 70 18 65 62 59 29 99 63 23 
38 45 6 60 56 68 83 56 7 97 79 23 36 7 84 14 56 56 51 17 
48 18 64 29 77 84 61 54 10 49 12 67 19 74 78 64 28 9 75 70 
28 21 31 69 68 39 9 10 7 43 27 61 62 35 12 49 14 66 51 91 
41 34 39 5 88 51 40 64 7 51 92 22 10 93 45 36 32 75 97 48 
89 66 74 22 83 19 65 22 84 29 12 8 91 32 21 61 60 85 26 70 
39 55 35 57 63 1 49 96 85 49 13 82 46 78 48 23 22 66 83 96 
3 80 68 66 62 86 57 62 55 26 66 70 50 100 77 70 55 23 16 53 
22 62 38 62 28 72 2 66 75 85 99 65 40 17 91 56 86 1 64 38 
5 60 87 29 53 76 58 11 12 24 64 33 66 76 77 43 95 81 85 30 
16 97 14 80 27 25 96 92 30 48 80 17 46 14 9 89 39 87 92 77 
16 60 57 89 76 18 52 82 13 75 40 68 7 41 3 39 50 78 44 18 
95 62 66 33 26 55 47 67 87 54 61 20 10 75 2 4 43 80 8 35 
20
