20 20
71 36 79 42 60 65 42 29 52 64 13 47 19 42 96 52 34 10 98 34 
48 99 76 33 63 26 96 90 91 37 11 35 76 100 46 31 6 15 21 19 
46 76 77 49 76 97 70 83 6 81 47 5 1 11 41 71 56 64 13 90 
71 11 54 24 52 30 30 30 16 46 3 99 75 91 91 56 45 31 35 34 
83 16 88 26 61 34 51 81 37 94 7 6 58 58 44 82 23 95 57 4 
99 37 69 11 40 47 26 62 78 37 38 70 76 7 75 7 59 60 54 38 
68 51 55 51 1 56 70 80 37 63 60 56 58 44 82 12 10 31 11 48 
69 33 56 18 17 48 71 93 20 58 79 29 78 26 89 24 92 14 49 55 
60 6 80 27 93 98 89 73 26 84 32 85 62 63 1 73 59 37 44 74 
67 73 41 59 68 58 99 18 73 62 35 7 78 94 66 1 96 7 20 78 
98 97 34 33 42 99 16 91 72 72 72 73 16 27 34 43 9 40 34 10 
26 63 14 99 100 3 75 96 59 57 86 27 9 12 18 40 41 38 78 92 
49 51 42 57 79 17 38 12 42 16 99 70 81 100 2 59 52 6 70 72 
65 9 83 31 8 25 46 45 37 5 96 63 4 77 47 29 63 18 13 11 
79 80 60 55 14 87 52 81 83 83 24 29 95 2 89 17 19 81 35 75 
53 51 13 51 69 52 86 32 73 83 5 99 2 81 37 11 45 64 46 18 
61 10 17 3 23 49 63 28 33 79 61 45 56 53 4 71 97 80 71 49 
4 38 40 48 63 16 10 75 40 96 2 93 74 68 37 71 22 42 51 16 
11 67 58 62 60 16 77 100 63 67 16 100 52 89 27 46 84 35 18 71 
9 75 68 89 31 39 80 49 57 48 78 53 88 46 16 18 24 69 73 78 
17
