100 100
36 48 62 93 37 22 74 17 10 63 97 49 61 28 65 49 36 61 80 53 6 23 10 38 51 95 92 59 31 41 86 83 4 72 5 52 23 60 12 47 37 87 71 55 60 26 85 33 87 92 58 33 85 12 69 46 76 96 43 58 83 11 47 34 25 93 67 75 66 50 24 12 63 26 42 34 63 50 86 62 45 78 13 12 13 4 20 20 77 96 79 13 77 92 85 45 51 48 69 50 
38 31 43 61 75 8 77 8 21 48 43 90 22 73 48 88 12 90 65 59 81 14 24 32 91 62 17 94 6 56 44 34 60 1 89 91 87 90 7 20 87 76 67 69 10 11 79 26 54 21 94 5 40 99 66 44 3 3 99 54 95 20 41 53 5 13 75 41 40 63 27 34 18 95 10 43 73 11 35 66 62 7 88 47 32 33 57 97 95 8 29 94 97 23 21 5 99 80 98 99 
2 54 97 34 70 77 64 54 55 75 61 14 13 14 17 18 65 34 14 61 49 77 42 77 67 34 60 59 18 72 49 94 66 17 40 24 100 99 57 39 75 86 14 48 35 65 37 97 69 49 17 24 49 16 11 62 39 3 49 51 90 18 5 4 53 45 42 28 69 49 59 28 29 12 68 17 6 42 98 9 4 60 10 96 80 41 51 3 21 64 92 91 95 3 32 50 10 58 56 91 
38 21 77 50 89 2 7 39 56 86 34 23 55 81 2 7 30 75 13 51 99 32 6 58 64 71 87 1 11 14 98 79 69 15 59 26 4 89 33 3 67 94 73 53 34 58 66 8 87 48 89 50 36 8 25 100 80 23 15 67 56 99 46 76 28 43 91 73 100 89 60 68 74 21 27 61 80 73 38 68 42 100 10 40 70 71 95 36 77 19 50 8 72 37 45 88 80 21 97 6 
79 98 15 64 61 81 1 51 57 37 18 79 86 76 45 57 17 88 75 57 41 76 15 26 11 79 1 42 93 75 41 31 20 100 42 90 65 45 88 75 57 96 72 52 13 31 3 32 69 5 41 23 10 69 22 70 54 15 88 83 35 37 28 53 78 56 98 18 74 41 69 28 98 28 28 19 17 27 32 91 94 53 82 63 72 31 73 33 7 62 40 78 78 50 99 70 85 14 52 86 
28 56 15 53 25 44 79 30 95 34 19 56 37 44 99 78 69 51 57 56 4 74 57 15 94 61 35 77 48 4 89 7 19 35 86 35 9 89 83 59 46 29 89 43 21 76 9 40 92 80 54 21 3 36 5 100 57 27 58 64 54 37 9 61 89 80 30 6 48 38 59 98 68 99 7 65 42 25 44 89 86 21 33 59 91 66 9 61 42 13 26 14 64 8 23 99 33 50 86 45 
66 2 93 59 62 35 77 29 77 54 48 38 45 41 51 45 81 14 64 46 25 91 37 8 15 96 59 44 97 65 81 74 15 22 35 75 33 40 43 38 76 7 79 67 17 60 55 100 12 66 24 23 86 41 31 21 22 61 57 87 79 99 30 61 72 74 97 1 83 22 86 90 68 10 12 30 99 59 80 88 49 36 10 80 5 50 82 25 78 47 74 90 27 87 40 19 41 66 56 8 
18 98 28 77 57 75 32 48 42 73 51 21 85 75 6 27 63 15 8 85 48 79 76 87 43 19 4 7 52 38 54 93 47 93 29 90 23 93 41 15 47 100 82 55 39 65 61 93 43 38 62 62 78 68 49 80 80 44 5 28 64 65 97 68 78 38 87 12 25 41 54 93 68 92 75 92 57 20 87 27 30 31 38 14 88 5 88 43 40 70 17 33 59 52 53 68 21 75 43 23 
97 76 1 16 9 59 23 78 10 89 60 98 11 14 70 92 77 64 6 18 79 62 99 15 48 38 56 49 90 50 72 96 49 40 24 89 27 71 6 7 97 51 21 98 73 12 29 44 17 3 26 21 4 41 3 15 67 96 4 85 96 21 92 2 68 56 80 83 28 54 94 15 44 22 74 36 6 61 27 12 60 64 90 35 75 89 69 17 81 31 59 73 56 50 58 7 20 31 42 46 
74 92 47 85 1 46 89 42 100 4 13 34 33 68 49 15 1 44 25 53 80 79 45 27 86 9 65 70 43 56 94 90 73 28 13 45 48 2 97 69 49 90 77 43 39 21 73 85 43 1 88 97 79 12 53 85 5 77 46 48 55 2 37 100 90 61 28 70 89 4 96 87 46 77 47 69 59 14 41 41 15 15 65 72 23 34 36 2 33 41 74 92 50 24 83 34 37 49 20 77 
55 94 47 88 88 33 89 34 49 16 50 48 83 97 52 43 80 78 13 55 90 97 61 49 97 61 60 15 81 8 3 31 6 51 74 84 70 29 11 58 43 84 9 42 61 17 35 23 48 16 65 42 1 46 58 60 43 34 10 39 39 11 81 41 24 85 66 7 93 49 58 55 51 53 42 30 19 1 86 68 48 48 38 80 89 99 54 62 12 45 89 74 80 89 49 62 22 40 76 9 
57 81 14 36 59 44 87 86 75 36 69 80 31 9 43 6 82 75 79 88 3 82 67 55 23 31 88 94 37 90 21 65 63 23 3 5 30 60 96 59 2 63 36 9 72 67 53 80 6 99 1 66 93 14 27 90 41 85 71 82 33 45 84 66 15 79 88 63 5 86 35 66 20 84 28 45 74 21 7 78 90 6 26 18 35 93 67 55 57 54 58 18 1 47 7 27 18 63 69 5 
99 92 83 92 6 58 75 29 66 4 6 100 67 38 2 64 57 54 99 98 47 1 98 36 58 69 2 80 79 95 88 23 4 28 34 98 84 99 96 43 3 82 18 64 67 43 13 16 66 14 50 38 36 47 30 18 49 19 41 81 6 3 25 3 91 28 98 9 31 84 100 16 68 54 72 11 26 79 83 85 46 74 60 61 2 69 83 91 44 36 62 4 9 24 98 26 6 10 95 25 
77 43 84 23 70 52 63 99 78 12 76 73 54 17 82 27 76 3 73 27 40 95 66 43 98 2 65 70 70 72 62 13 3 67 34 83 43 38 49 9 61 14 95 82 26 10 85 64 39 43 6 43 60 99 18 14 87 89 24 8 82 99 50 14 39 2 26 61 51 11 53 40 14 66 81 5 76 2 51 71 23 41 76 2 55 88 49 52 91 44 10 5 19 54 22 36 71 55 25 67 
80 100 62 14 76 57 14 33 91 24 77 19 14 6 69 11 1 33 51 12 25 35 98 26 32 87 57 59 32 89 83 58 47 67 26 71 89 83 13 52 37 91 73 45 45 4 57 23 2 38 84 72 7 38 2 29 50 27 48 32 9 24 45 32 93 9 60 72 97 48 39 43 56 100 64 61 7 62 3 37 88 40 67 26 56 35 77 67 78 90 1 76 42 40 40 38 86 54 42 99 
45 65 88 81 68 31 87 46 36 61 57 98 15 8 88 92 92 18 13 89 99 72 37 81 19 73 91 65 21 61 16 54 79 53 98 38 65 48 97 52 24 42 60 93 66 45 95 6 38 84 42 39 70 51 90 8 82 18 7 52 18 27 89 58 47 41 43 82 22 96 59 99 14 4 42 57 50 86 4 27 19 42 36 57 27 91 9 88 25 27 87 79 27 76 31 55 99 62 39 74 
85 4 54 78 98 3 20 70 4 99 92 30 58 4 2 78 80 36 57 23 90 9 19 75 21 69 78 6 86 62 41 72 79 84 77 51 23 52 3 57 91 85 100 16 83 94 90 32 19 14 11 84 76 34 80 12 1 98 29 95 60 90 41 28 6 29 37 51 84 24 86 89 100 79 36 100 23 41 87 43 7 37 61 13 28 26 35 8 95 88 46 26 76 7 70 91 44 17 57 78 
31 48 57 81 45 45 70 23 8 84 20 34 87 96 13 22 48 70 42 27 56 97 57 21 90 77 2 3 47 8 73 6 63 12 88 94 71 85 35 43 69 67 55 19 75 70 85 95 84 6 42 76 66 16 54 25 59 77 44 5 47 45 38 77 32 61 44 34 46 30 30 38 39 45 96 10 66 16 11 84 40 34 70 10 32 68 91 3 43 89 48 29 50 52 15 5 42 98 78 53 
64 44 18 9 54 78 88 15 30 77 38 12 69 10 49 29 88 10 89 38 1 2 1 5 41 38 85 73 46 83 32 48 49 26 24 76 49 36 13 35 16 77 27 73 78 50 89 76 93 31 30 36 96 14 31 58 81 95 40 34 51 36 36 61 50 7 40 77 63 95 92 66 48 25 53 32 22 26 91 42 35 53 62 22 91 32 4 7 7 97 88 14 14 33 11 79 40 49 20 75 
34 41 88 3 25 10 6 21 11 69 44 62 27 30 97 42 52 69 26 69 33 99 50 5 46 9 66 36 22 50 82 48 4 66 100 32 26 5 89 46 4 66 28 16 9 51 11 60 45 47 41 53 50 42 61 73 7 55 99 9 24 37 10 100 16 69 67 38 3 67 19 82 14 64 9 31 48 36 42 65 39 94 33 65 23 49 72 53 10 21 96 23 2 73 50 49 13 60 68 98 
87 35 29 73 4 66 45 76 37 38 96 61 4 48 25 7 98 23 45 50 18 16 35 46 35 53 12 40 42 54 20 86 85 29 63 36 87 35 81 70 96 43 40 76 11 54 78 75 93 55 59 40 48 4 80 91 34 4 73 32 49 75 79 72 80 55 82 55 32 89 53 73 71 70 5 57 34 64 95 61 6 13 4 69 66 9 87 19 31 86 70 9 83 54 40 21 32 100 59 87 
56 6 83 92 34 71 88 72 46 38 13 52 10 52 87 52 90 13 98 34 89 93 7 74 95 32 39 91 78 34 81 59 28 21 86 81 86 31 49 7 24 46 13 30 54 9 28 77 93 54 46 86 94 50 51 48 37 54 48 38 31 9 52 67 69 28 62 36 52 66 11 72 45 63 12 74 66 2 60 100 95 29 52 70 62 15 33 76 62 77 80 13 80 61 85 78 53 76 4 100 
85 26 64 94 90 73 68 57 47 34 31 49 69 92 27 28 32 82 48 20 24 63 86 60 92 9 13 30 3 74 91 63 63 95 59 22 39 67 77 46 78 89 4 21 41 57 72 44 73 74 55 65 82 82 59 23 9 55 78 29 94 89 93 57 93 89 13 26 73 46 73 6 14 36 54 84 88 93 74 52 78 47 78 15 93 13 26 35 50 81 38 55 56 44 68 62 6 56 5 93 
78 17 32 95 89 25 71 75 36 29 11 26 68 93 4 93 17 43 58 30 12 56 67 55 65 22 62 2 62 77 81 35 39 95 67 68 10 89 60 4 67 50 50 89 89 33 85 46 14 65 62 34 68 29 49 49 53 63 14 46 46 66 49 81 43 3 30 75 64 44 39 50 11 1 48 8 16 25 36 38 49 82 85 70 65 32 86 24 2 64 48 9 69 72 82 81 78 71 12 60 
14 89 40 60 52 81 49 96 49 55 37 54 85 2 12 55 30 81 92 40 45 80 78 51 70 72 15 5 34 39 44 64 98 7 10 55 22 52 88 10 13 45 31 1 89 44 70 3 64 74 94 27 68 25 8 79 15 81 50 45 5 52 97 22 31 61 9 25 9 30 86 54 64 49 26 3 27 33 22 20 47 91 36 84 7 70 32 42 94 43 51 12 82 65 77 65 5 99 12 28 
50 89 58 77 80 54 94 8 70 2 71 12 34 98 74 82 50 43 30 38 26 37 48 37 61 41 34 20 90 52 7 96 34 63 3 71 68 80 71 82 87 92 60 76 56 40 79 61 38 31 73 6 56 74 33 73 38 48 54 8 30 31 96 30 2 43 13 76 60 80 56 12 51 52 70 7 22 47 35 32 61 79 22 35 55 98 62 90 11 65 62 45 46 34 97 99 45 76 66 77 
17 37 14 5 37 38 22 95 17 31 42 76 63 90 25 55 20 85 58 82 80 77 25 45 38 39 40 46 7 69 31 3 25 71 72 89 18 14 74 24 2 88 11 45 38 22 20 46 77 44 5 61 46 77 45 14 80 7 70 82 84 86 66 29 96 33 22 12 73 54 26 74 16 94 69 59 33 94 34 28 76 20 51 60 12 66 66 55 22 82 45 88 23 48 17 75 70 6 22 42 
79 36 15 21 72 11 59 12 44 82 84 71 94 85 12 33 82 54 70 66 94 92 40 18 22 36 20 8 12 7 90 67 17 50 17 36 63 82 34 65 21 19 74 87 36 49 62 54 62 57 78 41 99 47 40 93 31 86 99 38 15 84 12 97 69 89 49 84 56 34 63 51 65 97 98 36 32 52 45 15 59 100 50 69 19 38 48 7 52 94 68 22 97 22 35 60 17 59 65 27 
95 75 30 73 28 65 41 21 40 67 65 33 83 15 86 33 11 43 77 22 37 13 31 60 5 33 72 6 47 69 59 22 2 98 32 5 15 29 74 91 43 2 91 40 43 42 24 12 9 18 57 71 91 54 78 1 9 66 99 4 44 40 64 20 73 77 80 89 80 55 59 41 52 95 57 93 52 29 42 82 25 6 32 60 71 86 91 36 10 2 57 46 96 98 51 70 83 70 99 40 
30 65 46 10 4 18 61 66 24 32 55 12 45 30 59 61 85 35 40 3 31 54 51 40 94 78 32 12 82 17 29 43 25 39 75 85 61 76 65 55 73 14 20 68 33 97 9 19 91 85 84 84 26 68 48 18 27 22 58 87 98 42 23 51 73 16 74 95 15 7 93 76 17 48 31 10 30 96 67 49 1 79 71 8 71 24 83 32 90 80 16 26 33 50 49 89 38 92 62 17 
81 81 36 65 74 12 22 94 53 1 33 35 77 16 38 48 72 33 51 51 74 12 36 58 69 30 87 53 32 21 44 71 3 1 48 78 64 93 66 71 95 65 21 34 34 54 12 23 61 39 13 68 77 82 84 8 63 54 34 9 21 13 16 24 51 4 45 93 8 86 73 88 26 28 58 70 36 9 8 98 95 21 95 95 96 65 67 93 46 76 100 91 19 40 64 88 21 58 11 5 
29 94 96 86 93 10 86 40 1 55 30 81 59 89 85 63 29 41 31 30 31 34 8 6 96 27 61 20 35 65 91 34 52 28 25 4 19 14 61 10 98 21 71 27 64 85 36 27 77 2 59 27 2 47 95 30 71 61 71 21 43 60 96 16 3 5 87 73 4 28 52 16 47 98 15 36 47 86 65 58 42 42 75 90 23 19 14 10 15 83 45 41 21 10 99 9 10 51 51 20 
25 20 44 65 20 32 32 55 74 100 54 49 27 69 43 19 35 35 31 64 51 96 24 71 72 15 38 93 3 2 25 70 34 42 34 35 40 28 84 72 34 69 48 15 37 94 63 9 52 63 25 77 53 56 39 50 25 7 16 65 11 98 54 40 60 30 34 73 83 48 20 25 46 68 55 88 79 39 76 53 67 56 91 9 46 82 8 62 34 54 100 44 67 88 24 45 11 1 70 97 
74 13 79 94 52 3 50 24 62 30 62 36 51 46 36 87 8 46 41 36 84 53 18 71 6 31 59 92 67 56 83 94 93 100 88 7 25 14 70 97 94 6 40 40 49 51 83 9 68 80 34 46 81 35 67 4 62 92 23 87 90 78 27 24 68 45 65 34 59 74 15 1 87 10 67 42 83 72 68 45 7 76 75 11 62 66 4 23 74 42 17 30 13 32 69 15 81 43 15 94 
81 89 52 51 55 94 42 14 52 89 42 32 56 79 37 97 89 41 52 29 79 64 83 14 51 69 93 66 64 44 34 49 38 98 11 83 11 17 99 24 33 69 68 80 98 96 86 13 49 91 97 41 18 46 3 31 90 20 95 46 3 58 5 6 9 71 84 52 71 47 13 35 76 59 26 68 70 90 76 16 59 78 91 2 33 85 95 66 98 99 84 96 33 52 2 20 96 12 29 36 
54 60 100 5 12 92 6 47 58 81 49 5 59 98 47 72 66 83 18 100 15 4 86 25 41 51 87 87 29 58 69 29 77 38 12 87 44 80 17 37 100 49 37 28 18 79 45 33 64 55 70 9 61 15 39 13 67 38 11 53 66 80 89 48 63 73 41 31 55 20 79 27 85 31 60 75 31 83 28 86 71 18 87 65 30 95 96 12 1 53 15 6 88 79 39 31 33 63 20 81 
3 92 26 80 56 20 29 83 18 2 2 54 37 2 47 34 95 90 23 41 85 95 27 81 5 91 34 35 11 15 17 76 24 58 6 25 5 69 43 34 28 64 38 79 12 41 62 78 3 29 1 93 13 20 67 57 54 84 50 37 22 44 43 50 28 63 84 64 77 88 89 57 35 28 73 23 45 80 89 56 78 22 26 29 31 41 41 59 97 58 30 35 94 70 46 35 4 35 35 70 
68 45 44 22 39 87 3 70 90 68 19 20 24 65 5 81 35 32 47 58 24 48 80 47 54 25 14 55 17 84 51 84 25 67 75 49 70 65 94 23 1 65 84 17 17 35 62 50 73 20 70 69 49 20 71 13 33 47 73 31 7 4 37 18 48 35 36 1 79 21 71 6 34 38 56 92 12 90 34 10 46 94 84 54 16 74 36 90 63 80 89 80 92 71 11 55 87 92 73 86 
49 46 27 63 47 61 46 83 40 75 71 3 5 100 54 19 94 41 74 58 76 79 67 12 68 45 6 48 45 37 18 59 87 62 17 58 98 16 2 24 8 14 40 42 54 39 32 15 78 86 48 16 8 5 51 35 3 68 71 20 76 26 93 18 26 27 60 75 48 95 12 44 1 16 18 12 46 73 61 38 90 8 84 84 95 26 23 49 47 63 65 65 85 75 10 8 26 29 39 20 
58 94 5 68 80 72 1 64 89 21 70 33 78 37 72 3 74 20 6 54 23 39 65 47 29 57 70 19 74 91 2 18 94 19 47 16 81 56 93 25 40 59 81 85 18 36 67 32 85 71 61 40 32 86 59 100 17 1 61 86 85 67 61 14 19 85 42 4 19 25 18 87 8 21 1 28 12 2 87 52 69 72 87 97 50 77 52 29 9 95 64 90 97 45 92 74 1 12 37 41 
84 18 11 16 54 100 30 40 88 63 16 65 69 23 24 7 31 68 60 8 16 87 44 56 78 46 34 85 8 30 14 34 43 58 20 47 92 46 55 44 1 82 100 91 29 33 50 49 7 99 15 82 2 79 60 57 21 22 90 53 10 76 96 85 40 50 10 84 84 65 51 10 32 53 49 72 94 16 82 97 83 90 62 67 82 33 56 7 45 60 30 4 79 94 46 88 94 82 59 5 
46 25 84 51 89 3 40 71 12 98 77 20 43 46 62 49 22 69 68 69 97 79 84 86 87 38 63 37 3 25 57 53 46 48 9 27 7 94 10 69 32 10 30 82 47 54 88 84 40 64 20 50 49 30 49 66 9 68 88 18 39 32 11 47 2 15 69 42 46 17 63 69 3 91 76 44 31 85 28 99 5 54 24 2 2 98 85 32 21 52 1 14 52 40 40 72 86 65 96 46 
96 100 65 93 78 87 87 60 8 91 84 89 40 30 82 23 80 100 15 92 100 66 18 3 70 68 79 85 17 96 12 36 69 100 49 86 11 55 77 80 69 8 71 22 15 44 87 57 36 87 29 74 28 94 97 58 94 19 75 13 71 61 27 50 7 9 9 11 56 57 97 52 79 54 19 36 56 5 17 90 50 40 78 27 83 28 34 47 3 76 90 54 71 74 42 77 76 52 4 51 
70 64 39 14 81 31 73 37 38 78 42 58 27 77 78 21 48 68 65 33 56 9 100 76 95 4 45 46 72 85 58 10 11 54 31 5 95 22 91 5 89 88 20 38 100 46 10 43 8 20 63 77 82 67 96 17 71 80 14 34 14 99 58 14 40 14 42 56 15 96 44 87 87 17 99 55 27 27 19 5 48 1 43 31 93 84 82 85 78 88 16 64 50 17 55 6 16 37 81 93 
16 1 20 1 64 4 16 80 93 35 12 35 55 32 56 47 74 76 76 59 47 70 6 2 53 94 66 52 4 25 95 39 45 70 18 38 100 48 95 25 10 18 63 84 18 46 95 68 86 42 9 88 62 29 30 61 23 18 69 38 67 89 69 11 28 18 52 55 30 3 50 53 18 55 8 23 27 79 89 36 69 63 30 92 56 24 22 99 87 11 9 68 72 45 28 23 68 44 52 83 
38 83 87 68 80 58 48 42 73 80 8 85 39 5 97 59 16 72 5 19 98 27 93 69 87 19 37 83 43 29 59 21 62 59 97 21 89 74 47 53 51 2 61 47 86 14 86 51 79 49 91 70 37 52 92 88 79 44 99 94 9 36 30 39 90 59 62 8 62 80 34 86 54 6 95 48 81 21 85 97 34 86 81 44 9 7 43 91 21 61 56 55 96 12 35 79 61 71 53 71 
45 87 2 95 80 64 98 8 67 39 97 98 22 74 66 83 48 43 46 64 84 19 90 61 15 86 60 50 67 38 30 96 8 39 8 51 27 52 96 46 67 64 38 26 35 62 25 69 13 47 64 15 42 75 21 100 48 72 3 34 50 64 42 16 50 14 73 46 93 57 53 74 78 74 39 20 16 56 27 32 91 35 25 73 70 92 8 58 59 63 77 82 6 8 26 8 94 20 82 93 
81 71 72 98 76 31 45 93 62 20 28 48 93 60 22 84 46 44 49 14 85 37 9 17 81 88 10 94 92 100 84 25 92 95 99 21 12 79 15 27 18 75 76 37 60 5 11 16 48 9 84 45 41 56 39 29 72 79 9 43 22 29 93 96 32 39 13 42 14 45 22 74 83 2 7 65 57 86 11 59 55 76 87 20 18 63 22 81 28 17 30 67 87 15 85 79 6 19 37 54 
85 39 52 56 8 38 44 42 76 52 8 21 51 41 75 7 83 83 28 7 50 90 65 27 18 98 1 68 22 60 31 46 9 54 8 66 94 77 2 25 37 87 49 32 17 6 3 66 82 27 40 8 90 50 99 24 73 53 48 78 88 93 95 2 41 65 3 68 93 74 83 15 84 4 48 40 38 84 64 53 35 86 54 59 53 2 4 10 34 85 95 42 15 61 65 100 16 32 68 94 
11 39 80 60 90 52 79 16 2 93 92 22 38 35 83 2 93 12 41 77 13 34 74 17 15 9 21 17 45 93 45 49 4 41 73 51 54 11 84 49 95 60 57 19 68 32 50 52 19 2 61 67 47 73 85 77 2 94 78 21 16 75 91 6 79 5 33 27 1 95 68 50 8 21 73 87 73 16 97 93 87 53 3 65 98 4 87 18 91 81 92 77 91 83 79 10 97 17 18 69 
82 49 99 50 30 16 87 64 82 11 75 80 9 3 96 100 57 67 7 55 98 39 57 48 12 8 93 75 67 19 76 7 76 54 9 99 56 98 90 82 97 24 53 36 47 47 58 49 40 32 35 25 43 48 8 88 95 21 33 88 53 10 46 13 87 20 96 70 78 23 10 72 99 42 12 59 12 40 94 32 91 2 25 84 45 96 17 48 34 77 13 2 68 49 52 6 48 93 21 53 
93 58 14 55 45 37 48 12 71 94 2 17 79 12 94 10 25 78 96 75 99 16 60 43 78 50 10 51 16 50 7 61 97 76 8 53 69 64 69 31 40 77 66 15 100 33 23 99 7 95 95 12 36 57 16 9 1 88 25 57 75 100 45 25 91 60 38 78 80 61 1 24 87 18 59 83 78 66 61 68 15 58 5 95 70 4 36 63 4 93 91 78 37 89 87 99 73 99 88 42 
64 46 81 66 30 100 45 23 62 44 15 55 75 86 54 56 99 44 91 44 9 55 89 15 40 90 50 55 46 89 82 48 85 24 60 3 42 68 76 84 27 36 61 19 16 5 11 23 1 46 64 58 86 19 91 13 47 13 16 87 14 36 83 98 83 79 5 54 45 22 92 58 77 42 36 38 65 49 83 20 27 63 54 83 61 92 58 63 49 100 29 8 81 52 91 87 74 81 95 5 
13 20 25 83 40 94 43 10 55 59 16 65 8 28 72 65 7 35 39 100 65 25 100 52 55 59 48 7 50 79 25 13 71 78 93 43 72 59 48 55 17 86 95 72 49 60 44 23 51 69 74 6 37 95 100 72 42 85 33 43 80 10 3 8 98 72 5 68 56 34 81 11 86 85 45 48 34 59 10 44 71 71 90 8 37 49 68 45 54 65 66 77 11 89 50 87 22 32 58 30 
99 52 37 38 97 23 29 100 20 8 25 88 97 77 4 77 61 62 5 63 2 45 4 87 66 17 3 18 24 49 37 51 38 76 75 17 87 73 48 27 45 75 58 83 10 82 22 31 33 38 77 43 97 76 44 44 42 75 13 42 35 70 20 94 33 4 16 47 95 15 46 22 20 7 89 28 43 37 39 32 3 15 13 19 56 17 22 17 16 29 43 66 39 1 70 71 75 65 48 49 
61 38 2 78 34 36 16 92 81 50 38 88 48 66 7 47 93 36 14 68 40 28 72 70 72 5 41 35 77 22 21 64 27 38 36 79 53 78 48 15 58 90 94 53 71 94 16 4 26 9 33 55 42 2 93 5 19 2 76 89 82 70 50 53 36 20 6 6 18 29 12 7 63 81 69 23 2 35 62 86 75 19 33 32 28 66 12 90 20 73 6 79 57 38 14 97 33 96 11 36 
49 70 44 48 35 5 13 45 98 61 32 9 60 56 5 48 80 15 49 16 64 52 52 95 98 87 55 99 64 85 87 39 39 63 98 90 65 4 67 6 41 72 75 11 3 20 82 46 56 29 40 44 93 36 24 75 24 10 81 80 78 15 10 84 62 55 41 52 94 76 60 41 42 5 4 48 29 16 33 68 90 71 32 4 99 75 21 100 85 35 62 83 25 22 95 31 65 74 52 26 
16 77 11 29 35 27 98 98 62 60 68 46 95 86 90 99 27 81 31 99 55 20 33 70 54 49 96 39 72 31 28 74 77 20 27 97 85 39 100 59 29 73 36 12 59 1 89 99 73 21 31 43 35 59 94 25 20 47 6 60 86 22 76 28 73 79 5 13 79 76 15 49 60 86 25 91 45 27 20 47 84 21 86 51 51 76 8 51 76 75 57 42 84 22 20 90 53 81 30 94 
35 3 13 7 84 37 60 3 96 58 89 56 61 64 53 87 59 29 2 71 79 100 21 29 20 93 97 31 17 16 78 1 93 20 28 92 32 70 7 65 29 69 15 7 53 92 76 57 39 9 67 31 85 96 7 59 27 76 58 96 16 28 12 40 24 60 60 82 38 40 72 88 39 21 30 54 63 4 87 18 98 39 59 93 53 46 65 67 10 97 68 97 54 20 84 63 23 86 70 78 
37 8 99 78 96 54 82 21 45 57 9 67 70 77 97 42 45 39 83 81 55 65 5 18 85 52 37 66 12 98 84 98 65 42 69 38 47 94 32 100 5 65 53 50 15 11 64 84 22 75 89 27 22 70 64 12 16 45 1 91 38 25 95 83 60 21 5 65 17 49 55 55 99 2 21 56 21 62 8 44 47 58 49 24 49 87 52 4 3 74 97 27 79 30 55 94 61 27 68 52 
7 8 41 22 36 97 1 21 100 87 42 66 87 2 69 88 49 72 90 87 57 73 34 7 35 12 83 11 10 55 59 86 93 45 93 4 76 39 72 25 92 72 39 18 8 29 93 29 13 65 14 27 39 35 9 7 34 97 63 35 48 4 15 51 29 15 28 76 31 74 2 93 65 39 41 85 78 67 5 53 7 88 72 58 61 10 11 52 32 48 41 87 20 82 16 25 46 58 79 83 
63 6 47 98 12 39 51 74 67 55 27 61 76 47 29 86 87 5 14 11 10 60 27 10 72 6 79 82 50 96 90 42 89 96 53 55 51 60 36 11 47 37 23 50 39 30 62 87 32 85 85 97 75 61 98 64 51 99 60 91 25 32 21 37 74 64 56 26 30 21 29 44 90 64 92 12 93 7 63 6 64 76 78 71 64 9 91 33 6 92 55 18 30 54 46 24 37 87 78 19 
21 72 26 40 72 99 74 33 12 32 38 59 2 56 37 36 36 100 9 18 87 26 97 21 2 32 53 31 46 1 34 85 24 99 87 86 68 9 48 97 44 42 6 34 16 66 93 43 79 58 21 44 45 47 61 55 55 18 44 53 23 97 25 22 64 18 35 92 56 71 33 81 17 55 1 87 28 3 69 87 8 42 56 52 36 11 59 72 77 50 34 59 40 28 41 74 95 80 59 84 
15 67 85 58 34 74 72 44 10 20 75 9 63 44 11 7 13 79 43 17 36 44 54 84 22 100 64 29 94 69 12 13 27 91 1 96 73 84 79 5 89 31 10 95 11 88 44 92 33 24 3 30 73 2 47 38 45 82 63 19 69 99 9 46 74 41 16 60 91 53 1 36 41 5 65 76 48 31 78 11 55 22 70 49 8 9 72 97 35 97 95 25 50 19 31 73 39 26 4 7 
21 30 25 76 93 71 15 29 92 64 2 89 38 61 11 5 37 31 100 10 73 26 9 71 98 10 22 4 8 59 79 94 71 50 57 33 26 14 29 75 92 9 66 71 43 35 36 25 33 19 19 96 87 10 40 25 97 88 91 69 69 64 93 68 27 29 15 86 70 79 62 82 21 21 86 22 34 45 90 31 44 4 28 44 61 46 14 3 58 98 11 17 9 72 37 76 52 65 32 84 
9 66 59 62 79 90 42 26 75 2 60 41 96 2 41 12 27 91 46 66 22 21 17 20 20 22 42 57 85 40 52 46 77 36 54 74 92 36 78 91 32 22 71 68 91 11 88 31 71 55 38 18 52 69 11 68 92 60 78 47 41 19 38 62 60 5 71 20 14 13 100 41 72 31 87 20 8 12 9 100 30 12 85 11 40 88 58 73 20 40 54 78 11 49 64 92 95 48 21 49 
26 8 81 23 64 63 12 100 3 69 63 89 92 90 67 40 4 55 85 65 98 24 16 74 65 61 17 66 72 97 6 54 33 42 56 4 80 58 87 8 6 29 20 39 96 75 56 47 90 83 87 97 23 82 53 58 48 67 1 85 30 44 16 76 68 65 26 71 91 64 95 38 26 21 64 60 35 12 11 19 67 14 20 41 93 92 89 46 81 64 32 20 62 37 31 97 91 65 55 31 
72 39 54 79 49 58 93 35 50 3 81 88 35 27 4 90 6 39 90 51 62 29 42 12 13 82 19 48 88 58 70 11 97 47 26 15 36 33 22 13 37 8 4 31 18 29 25 55 65 16 60 80 67 25 74 72 77 43 37 4 72 95 63 60 44 60 7 28 24 26 76 17 42 46 7 71 66 64 33 70 73 25 41 36 46 96 88 83 100 42 33 86 82 62 91 46 91 58 37 92 
29 97 97 39 62 91 7 76 57 6 40 89 33 75 17 17 27 68 57 97 82 58 41 58 83 73 74 56 18 29 91 79 42 89 39 41 47 78 8 59 95 64 23 84 51 82 7 16 16 52 68 36 73 29 86 32 69 78 96 1 8 69 86 54 30 29 72 56 97 98 4 79 11 78 24 51 35 71 73 22 93 40 21 93 73 50 83 64 58 60 5 9 42 81 76 78 38 25 78 86 
65 99 80 39 62 22 48 3 93 74 13 20 15 9 33 31 37 75 34 57 95 33 15 29 5 76 54 9 86 71 55 6 54 90 7 90 32 2 65 74 37 31 66 87 17 15 31 84 69 13 30 55 53 46 100 32 85 73 55 98 73 40 14 58 20 34 46 26 31 58 8 21 78 91 10 100 10 2 60 55 24 34 53 53 30 78 3 7 69 100 49 92 72 90 80 57 70 55 49 86 
96 61 74 18 30 9 60 28 81 91 77 18 12 65 73 87 52 43 26 65 47 91 48 35 33 61 93 86 63 32 54 55 91 16 25 60 9 49 73 36 93 91 52 18 90 89 49 41 70 88 40 36 8 88 1 64 84 77 6 1 8 4 91 65 5 61 88 64 30 82 43 85 87 90 73 70 71 49 29 42 62 92 77 72 47 42 99 12 29 43 86 26 68 67 76 91 55 66 51 65 
13 87 4 30 81 61 37 58 16 44 50 63 34 66 33 44 57 11 69 9 48 49 15 56 55 75 17 54 84 36 68 21 77 52 28 24 67 60 58 37 40 33 39 25 17 55 69 43 33 61 79 77 97 66 89 57 35 39 10 21 63 4 58 7 43 71 27 12 16 24 65 34 8 31 10 90 68 36 11 82 74 65 34 36 11 48 17 65 24 29 39 3 86 42 2 22 36 47 53 36 
74 75 99 45 38 11 68 69 73 20 46 92 77 6 80 1 98 33 24 85 90 73 79 58 78 49 46 82 78 91 95 34 65 15 15 34 98 4 7 16 42 50 29 27 44 73 3 80 45 41 46 94 52 54 91 87 87 61 100 25 98 20 82 38 88 31 84 40 8 100 10 30 13 2 76 58 76 62 24 81 17 74 35 39 82 17 29 39 90 46 38 9 21 61 82 75 20 94 88 69 
41 46 47 58 51 85 69 81 76 80 7 2 51 19 58 37 1 62 33 6 89 2 99 13 78 49 2 70 14 54 28 98 19 45 79 90 46 39 52 7 51 38 54 39 65 43 95 75 85 47 34 27 12 64 85 35 100 23 88 39 99 46 13 75 18 61 56 62 16 40 35 70 5 57 5 85 51 99 38 10 59 89 50 86 17 97 62 95 18 35 27 97 82 89 71 17 65 14 17 55 
4 95 91 26 49 66 40 24 78 20 98 72 1 63 91 11 84 99 60 31 67 41 41 54 44 82 41 13 37 81 89 96 81 43 58 48 90 1 77 39 93 22 95 57 39 99 53 76 23 2 74 3 82 7 94 12 45 10 78 20 64 99 90 57 44 58 37 30 41 7 76 6 17 7 67 35 54 87 23 2 70 70 62 91 100 6 90 72 21 38 49 69 27 61 26 54 17 44 93 89 
15 34 32 99 51 56 62 44 77 76 76 53 85 100 47 95 61 18 68 29 83 15 38 57 60 19 91 52 50 41 57 60 26 44 81 84 68 35 46 94 93 71 76 39 57 22 16 36 4 32 11 74 22 74 40 54 46 82 69 56 19 20 21 98 90 2 99 24 23 92 98 65 36 35 79 16 2 99 18 55 71 44 36 91 2 28 66 1 21 17 34 22 28 84 44 79 24 85 100 78 
42 58 8 5 94 88 25 85 61 26 70 13 5 59 4 61 65 75 41 6 74 49 48 46 7 71 47 99 48 76 38 100 32 47 85 36 4 11 47 91 3 30 49 91 52 89 12 62 31 95 3 50 42 62 61 73 12 50 16 76 82 66 3 38 74 55 48 47 56 39 66 27 21 75 98 91 57 54 96 63 93 51 4 85 17 94 16 92 27 23 1 46 48 53 29 36 27 62 32 100 
92 66 91 28 37 52 25 36 69 81 33 33 23 90 12 30 41 46 40 37 60 27 16 66 72 44 84 33 26 30 87 26 5 46 21 78 100 89 1 67 38 5 38 33 71 40 7 77 7 73 52 88 48 28 38 14 77 53 79 66 81 5 74 25 39 89 45 3 82 46 59 47 14 71 63 21 60 11 84 87 61 88 60 71 54 29 11 88 90 4 62 63 82 13 71 70 90 62 40 76 
86 14 1 60 51 29 4 49 92 99 51 93 99 65 60 55 67 62 40 6 41 24 21 50 93 66 68 3 6 90 70 15 40 20 88 9 2 38 91 66 45 81 33 97 71 32 38 56 2 94 95 7 60 54 82 48 55 57 71 36 87 58 93 84 96 20 48 17 23 64 95 15 73 16 65 71 76 77 69 34 2 25 11 49 77 37 11 73 85 62 98 52 82 7 51 90 35 5 72 28 
73 84 28 35 8 48 98 57 65 45 16 98 36 87 86 12 26 28 12 37 79 42 83 3 94 36 78 89 66 100 16 8 9 77 38 59 56 1 99 70 42 40 33 97 100 44 82 94 42 88 31 45 7 36 72 14 78 2 97 78 21 60 100 39 92 36 14 18 3 84 46 92 62 21 60 29 15 95 26 17 62 86 49 1 16 71 28 77 38 19 19 4 62 75 5 28 85 58 83 35 
9 88 32 77 30 9 29 36 30 71 8 19 22 99 88 100 31 54 24 56 32 61 44 55 74 67 81 99 51 48 11 31 11 88 65 50 4 78 61 6 21 33 83 62 63 11 10 37 52 75 52 86 68 58 63 68 71 90 38 99 55 21 5 21 23 39 66 4 95 64 64 71 88 80 70 25 26 15 15 98 56 8 13 72 6 97 52 21 94 33 53 92 65 98 8 15 35 82 70 5 
62 59 35 10 61 39 51 10 52 12 41 68 97 8 26 87 58 26 81 42 9 15 64 66 48 7 5 20 15 39 27 87 18 13 64 46 94 73 73 39 87 9 68 24 5 14 22 77 88 47 6 1 9 90 77 25 74 86 18 37 6 15 1 55 28 33 25 48 69 76 46 52 76 22 11 40 87 47 46 59 9 23 73 15 14 44 58 99 15 81 10 61 28 99 69 86 6 86 84 30 
94 76 46 13 65 76 28 87 26 14 58 16 90 73 16 45 70 96 40 32 44 43 80 86 78 60 23 25 21 93 95 51 2 33 12 2 5 2 15 27 83 99 33 7 46 74 59 99 49 97 19 94 35 33 69 97 29 53 68 89 90 37 2 17 56 41 47 24 45 39 4 21 93 74 57 56 49 62 17 29 53 32 55 71 65 19 55 79 31 14 25 64 85 57 38 76 44 24 17 99 
38 34 71 25 71 92 33 61 19 29 89 33 5 19 71 72 12 78 58 7 9 63 27 6 26 49 23 25 78 42 54 73 36 43 27 87 5 87 76 88 28 25 68 53 60 8 56 25 54 93 33 56 68 100 22 44 88 68 69 5 100 87 54 8 95 28 24 56 61 79 17 76 2 60 34 78 95 80 62 78 72 56 78 94 87 13 73 74 95 27 76 100 78 82 74 88 72 60 53 70 
84 69 100 31 15 100 56 42 17 53 6 1 49 67 27 85 21 67 54 64 24 95 31 43 5 86 40 17 24 17 44 67 91 42 81 32 95 70 92 24 57 75 68 83 70 33 55 87 3 14 57 53 3 1 13 10 2 87 37 20 12 86 65 78 78 63 35 27 21 50 90 47 76 27 92 34 18 69 75 55 42 87 86 49 12 30 89 23 16 9 18 41 96 60 24 31 19 82 47 34 
23 80 86 82 57 23 87 83 82 98 39 39 25 2 59 31 81 27 14 49 21 7 98 46 40 43 69 47 62 33 16 43 84 60 5 43 13 11 25 81 51 51 39 83 13 59 7 47 95 93 34 100 16 70 56 20 8 42 86 45 33 31 59 12 37 42 63 90 82 70 43 98 13 67 6 27 45 38 79 17 87 87 83 35 29 18 37 68 66 76 99 36 34 73 2 72 67 42 62 30 
30 12 41 25 62 92 9 9 37 4 33 32 42 26 84 57 12 7 48 17 82 71 72 30 43 41 89 21 11 30 95 12 47 84 85 73 90 80 57 57 81 5 45 50 99 86 48 15 46 23 60 14 25 59 9 30 16 99 76 31 57 35 45 33 53 64 3 74 93 93 97 99 44 72 2 2 47 98 78 1 38 85 10 23 65 81 53 35 85 93 33 41 45 43 81 35 91 62 88 80 
66 2 17 56 73 16 9 89 26 54 64 55 19 45 98 34 74 86 84 39 57 52 46 63 66 100 64 3 34 23 97 62 9 83 42 45 89 34 80 82 28 2 85 62 50 91 87 52 28 30 22 31 19 89 12 78 63 6 43 71 78 23 51 14 20 23 38 77 90 5 48 21 98 48 9 50 17 38 5 5 100 79 28 97 31 100 45 36 31 23 55 15 48 71 35 47 1 14 7 61 
51 90 57 19 29 56 94 97 32 39 45 42 68 4 100 16 32 61 72 60 17 68 27 59 96 11 98 95 54 58 94 100 24 33 65 57 70 48 87 20 35 77 62 30 10 85 75 64 36 34 34 41 16 18 77 70 99 16 53 11 84 63 80 90 35 62 46 88 19 3 22 87 91 68 77 59 7 10 31 11 35 61 84 43 80 4 8 61 60 96 77 69 96 47 86 27 91 86 87 34 
26 60 26 8 93 62 74 36 40 75 82 24 95 70 94 97 7 20 16 92 11 91 13 63 98 34 73 97 71 97 89 88 91 12 11 40 60 41 2 91 92 82 83 64 63 69 45 7 52 13 83 66 9 74 64 8 99 56 41 86 33 73 66 13 69 14 81 84 38 20 73 73 48 45 29 88 57 51 34 45 18 92 81 32 37 52 1 37 10 54 27 73 12 70 49 42 64 77 27 87 
97 48 62 53 94 80 52 47 77 90 74 56 59 21 73 85 6 64 57 5 42 75 8 32 19 30 80 79 32 68 30 41 38 3 12 20 19 16 25 89 95 43 88 54 84 21 8 65 53 82 29 89 9 76 2 34 40 77 16 98 82 14 61 84 85 100 26 85 11 88 57 57 62 51 18 22 51 75 27 57 41 11 80 83 27 19 64 43 39 18 30 44 71 100 77 99 90 86 73 78 
62 36 100 88 7 38 15 15 69 19 57 92 60 88 34 3 12 76 89 21 57 43 6 32 12 68 29 13 31 38 85 50 64 13 43 17 31 8 48 58 2 51 17 45 27 84 82 86 83 28 9 22 11 23 44 45 67 17 52 1 13 70 60 73 11 76 13 70 16 52 97 47 61 24 13 38 85 3 77 87 59 59 99 99 94 14 57 40 50 6 73 80 67 25 58 38 99 91 78 72 
18 40 60 46 12 49 41 36 4 79 38 85 62 66 69 97 77 53 74 43 26 50 7 16 52 81 5 58 26 31 44 43 71 28 44 91 71 96 85 53 79 83 46 75 15 51 71 60 6 63 35 48 13 23 59 18 52 48 89 64 89 79 57 97 85 51 74 89 6 92 21 44 35 16 47 76 42 25 95 23 4 46 97 23 79 55 22 39 79 70 62 9 90 24 2 43 46 31 89 15 
37 23 10 12 20 12 51 25 70 6 69 19 72 89 29 4 45 36 78 82 69 23 43 66 31 63 1 87 17 70 38 18 34 31 5 5 9 38 32 79 27 19 61 76 85 62 16 97 83 12 100 89 87 14 13 29 14 100 17 29 38 55 89 12 21 17 46 15 7 96 29 19 42 100 80 18 96 15 55 81 16 88 47 53 25 87 16 10 46 50 52 65 25 52 22 87 71 40 65 82 
41 17 43 41 45 89 70 62 35 85 58 2 18 27 70 10 98 14 61 44 32 32 47 86 71 14 30 100 11 15 80 89 68 68 42 65 69 36 17 22 8 88 51 78 17 48 7 40 52 3 23 84 80 74 81 78 45 75 22 78 17 18 99 65 70 47 55 31 48 99 46 8 98 26 75 98 91 31 86 70 56 95 39 6 2 14 73 24 93 52 19 20 19 79 20 83 55 85 76 97 
17 43 20 23 63 82 83 20 69 10 24 72 9 62 9 3 7 96 82 99 38 44 59 94 96 90 30 64 58 47 65 45 14 40 41 67 40 22 44 72 33 79 27 64 32 9 100 91 9 70 4 77 78 34 90 39 82 96 3 73 43 30 44 74 78 72 50 35 41 94 40 54 15 90 90 8 78 75 41 6 22 97 74 24 90 87 78 66 59 5 5 19 96 63 99 4 47 27 29 18 
54 32 68 35 99 53 97 11 21 32 26 3 62 45 69 5 24 52 1 52 63 79 88 58 34 9 81 77 66 2 97 1 45 48 38 55 22 33 21 27 67 82 12 58 47 88 3 76 11 60 52 48 81 38 96 92 97 64 5 53 75 100 12 65 57 41 74 23 72 57 24 55 43 64 22 67 96 10 28 92 55 24 36 74 50 63 60 65 55 56 49 15 22 35 73 86 7 91 15 20 
87 7 57 37 8 47 40 47 29 2 36 1 37 41 75 21 61 89 2 70 1 45 58 64 51 25 15 36 90 61 14 98 57 24 62 64 44 32 18 35 69 63 60 49 18 91 4 49 55 11 30 43 57 27 36 22 11 98 16 81 79 96 37 75 25 5 67 70 60 57 68 89 40 99 70 73 30 35 70 90 24 82 44 67 70 27 56 31 52 90 90 84 21 26 65 45 85 8 90 34 
93 88 69 85 67 24 74 9 86 19 37 45 14 11 32 68 16 5 52 54 25 45 90 2 42 62 93 68 83 46 40 81 5 26 63 22 77 61 22 88 75 70 81 85 21 66 71 20 95 53 24 75 82 12 11 87 42 97 30 76 14 91 12 82 86 6 57 18 98 39 1 33 60 100 94 52 92 74 27 40 34 96 34 96 78 52 84 89 100 10 98 72 27 72 93 53 51 94 19 12 
61 98 38 68 82 2 80 60 26 16 54 92 89 94 10 42 68 31 79 50 70 60 35 27 22 78 57 54 42 88 85 61 97 81 99 6 60 51 59 90 74 36 99 84 38 35 44 56 11 23 9 9 83 90 92 86 52 52 68 92 30 23 53 46 39 43 87 60 88 8 64 95 38 32 92 71 91 44 90 3 65 11 21 1 47 25 34 60 18 99 78 18 8 61 86 66 22 45 48 36 
48
