70 68
72 84 48 10 44 13 95 48 90 47 30 75 39 6 62 13 47 25 75 89 79 3 11 78 87 67 66 86 33 81 44 61 36 14 64 21 14 44 8 34 57 72 51 81 57 70 27 94 83 84 2 55 67 65 70 83 38 10 92 60 46 20 43 68 26 18 33 28 
14 80 20 79 19 75 39 37 99 12 98 99 10 46 28 13 11 86 88 12 56 4 51 80 2 56 37 10 6 38 54 64 4 53 78 49 94 72 70 61 46 83 16 72 34 93 43 56 56 23 40 77 81 81 85 96 44 40 70 50 79 42 60 29 62 97 35 49 
92 58 4 88 51 83 80 46 10 32 72 37 67 35 8 27 45 47 20 74 84 74 45 42 99 26 16 85 87 46 52 23 20 3 82 64 38 69 48 44 38 96 70 77 28 83 82 49 78 87 64 92 7 14 25 27 61 13 19 59 100 36 99 53 80 56 30 51 
100 44 34 77 62 46 26 59 43 29 60 71 6 62 7 44 65 67 26 36 9 51 100 40 41 6 51 62 70 41 54 23 2 66 11 45 71 68 64 31 39 35 49 60 47 9 25 37 84 89 26 89 30 15 23 83 69 95 95 10 82 57 45 71 76 43 9 38 
2 77 36 4 61 69 62 21 17 42 74 93 56 90 60 95 56 6 83 8 66 43 22 98 4 82 77 97 29 36 16 35 34 12 32 54 74 96 19 98 27 51 93 46 48 31 18 52 66 54 10 96 32 94 33 65 19 70 5 19 34 56 79 3 94 39 71 21 
64 84 51 77 82 3 5 48 94 24 51 48 84 13 66 95 89 91 36 89 6 50 68 68 37 67 100 99 52 53 7 7 39 5 94 78 85 42 15 60 99 34 68 59 77 64 44 15 79 80 47 87 38 31 88 91 54 83 43 68 25 72 26 83 25 28 94 65 
30 88 11 61 38 76 32 49 61 16 74 31 64 9 89 15 86 94 69 46 69 72 26 47 74 43 47 78 69 28 3 37 11 37 65 42 59 18 69 74 94 2 14 83 25 26 95 70 12 1 98 8 40 49 27 57 8 38 21 89 39 78 81 36 14 63 28 10 
77 78 58 77 81 85 59 72 65 82 3 85 78 87 46 64 92 87 81 14 77 58 34 77 22 55 97 39 22 16 39 83 79 26 40 90 73 51 34 67 8 28 61 34 38 66 65 17 23 4 80 17 81 28 1 65 26 37 26 65 12 22 16 96 21 84 10 35 
64 16 97 99 96 18 24 30 43 28 91 81 99 75 75 60 61 1 74 42 80 3 54 71 58 84 61 97 31 26 24 23 96 19 41 62 94 8 54 23 38 38 42 87 57 22 76 21 6 55 35 59 32 33 71 54 28 80 60 48 6 76 93 53 54 29 89 16 
84 53 23 6 64 39 20 79 6 23 48 70 50 96 100 34 51 11 77 47 86 69 79 25 14 12 89 14 70 39 99 84 70 12 9 8 58 50 10 16 24 4 15 66 72 58 18 45 27 19 79 27 90 81 71 17 93 61 39 84 20 69 61 53 79 45 98 97 
52 69 77 68 58 44 59 55 96 97 70 39 70 45 93 5 95 26 67 30 52 3 29 30 25 67 98 76 53 13 83 81 72 66 71 24 27 74 21 74 91 100 71 23 8 74 42 35 52 91 84 81 69 70 2 7 55 7 64 67 58 79 68 8 41 91 26 82 
20 76 98 49 73 79 66 70 93 96 56 9 3 36 21 2 94 43 61 61 20 88 49 7 81 7 62 63 76 69 56 57 96 83 44 94 2 72 37 16 94 100 74 55 91 1 59 41 45 58 65 26 79 37 74 38 25 63 81 72 91 4 60 77 86 80 74 12 
82 44 96 62 3 79 42 45 50 2 64 57 13 100 30 25 34 8 93 69 18 16 53 98 93 72 19 86 88 4 59 97 66 87 87 73 32 25 15 87 12 31 83 25 57 7 31 69 35 80 93 71 5 33 9 45 86 30 96 39 72 44 27 30 48 19 90 78 
10 35 55 28 2 55 46 34 8 67 2 61 75 60 93 80 54 86 90 56 70 10 39 7 80 39 64 82 71 84 16 69 91 3 32 56 43 20 66 86 66 23 33 91 94 81 46 96 50 48 47 10 37 20 75 75 23 80 16 13 22 53 8 4 47 29 22 96 
50 48 38 98 3 64 73 38 75 3 37 83 3 91 34 30 78 44 19 41 80 12 85 71 31 26 43 3 69 11 12 13 37 37 42 100 60 37 27 70 48 11 84 68 38 91 16 74 78 44 64 19 4 27 31 95 78 26 31 52 70 51 96 12 10 62 39 38 
47 35 59 45 89 18 39 45 4 25 66 41 16 59 90 35 16 72 71 11 84 3 14 99 84 52 73 35 72 74 74 70 47 5 92 10 17 63 84 69 70 72 64 68 68 3 55 29 8 45 81 36 17 37 66 58 64 18 54 64 22 1 72 69 13 46 4 100 
99 13 37 61 23 12 97 33 4 67 5 58 43 96 96 75 91 29 97 6 83 55 54 20 53 47 45 23 66 9 34 40 46 60 46 4 73 26 61 50 92 19 64 90 54 24 6 23 64 13 47 85 36 70 99 65 53 94 84 31 100 94 77 44 13 22 95 47 
48 97 60 74 92 4 43 8 42 82 60 61 41 43 89 98 36 72 20 96 7 99 66 11 78 54 85 14 2 45 97 2 98 11 4 1 60 41 33 9 83 74 66 64 70 5 29 17 19 72 58 53 94 96 49 90 32 95 70 42 61 2 1 46 93 53 14 61 
49 29 9 4 18 55 87 91 47 9 8 75 40 82 61 13 88 97 73 11 68 72 100 10 80 90 88 19 23 12 15 28 7 42 29 20 62 33 48 95 10 91 96 68 73 15 85 93 60 88 64 33 58 94 2 87 99 35 70 27 99 77 43 12 75 30 33 94 
100 67 28 13 46 15 99 60 14 87 93 47 74 33 27 27 47 19 60 32 100 89 94 37 50 38 39 63 92 20 44 81 86 65 65 75 84 71 55 74 79 15 56 71 92 72 53 77 50 59 16 94 10 29 40 82 29 89 55 71 90 17 67 48 44 90 56 99 
1 76 33 2 4 16 55 98 69 23 13 84 53 76 70 9 4 62 18 59 5 24 49 63 99 99 93 77 69 56 54 91 17 72 38 97 46 11 76 1 57 80 62 61 9 84 80 5 1 18 73 28 72 38 86 8 43 25 92 62 29 26 71 47 100 30 5 76 
81 22 13 91 2 11 40 36 45 49 62 96 63 55 84 16 41 29 40 11 40 27 19 14 57 18 76 52 60 46 2 22 7 70 70 21 45 65 67 50 58 88 88 86 2 58 60 10 43 94 93 17 5 16 12 57 60 99 97 79 56 42 33 81 40 81 57 79 
24 63 45 59 12 70 91 69 70 38 44 64 33 36 34 12 47 77 89 28 15 90 19 93 89 69 31 62 20 82 92 95 72 7 63 33 44 15 58 29 70 33 13 95 82 55 60 19 73 75 55 79 68 60 84 44 6 1 63 41 3 99 1 36 16 72 89 56 
63 94 38 35 45 6 74 83 84 56 77 100 82 48 94 76 36 33 94 74 2 42 30 54 68 62 19 10 80 11 75 25 44 32 34 49 86 50 71 75 53 43 97 56 70 14 76 100 7 82 7 12 14 20 65 4 14 2 87 63 80 54 56 54 35 3 8 21 
30 80 76 79 22 22 41 30 28 64 51 43 38 34 40 80 26 92 33 58 60 52 55 80 33 6 50 67 53 34 82 89 58 42 97 69 45 3 37 100 42 67 54 14 58 66 65 83 67 38 33 46 44 44 79 85 46 51 57 5 89 2 33 80 96 4 75 81 
96 94 22 85 95 71 2 35 64 7 16 21 11 70 96 62 27 15 26 43 23 47 61 22 98 39 98 13 17 66 81 19 72 8 40 43 63 97 94 43 25 38 83 79 78 20 87 65 89 3 68 54 65 31 27 86 11 24 69 93 37 50 22 46 86 56 42 71 
18 44 13 88 80 89 12 32 32 53 3 78 30 44 86 62 66 14 6 80 26 91 98 15 18 6 35 93 74 55 88 6 28 89 25 34 38 45 9 46 84 55 73 86 70 81 68 45 17 85 27 100 13 23 95 63 70 11 93 53 91 18 46 22 56 82 76 59 
79 42 38 74 90 42 60 41 50 54 11 25 3 10 8 57 11 58 26 10 45 68 99 85 15 65 91 33 61 53 100 56 52 65 19 59 49 56 60 57 31 7 20 59 5 31 43 75 31 82 18 18 42 8 90 8 40 13 6 93 95 6 8 32 79 53 32 32 
9 64 100 13 96 85 5 46 99 67 14 92 52 35 51 39 3 87 35 11 84 85 83 93 8 25 99 7 48 96 12 14 61 62 42 52 44 34 88 21 57 12 85 61 26 7 68 12 19 87 38 42 84 2 20 66 44 67 51 15 22 35 55 14 40 70 80 82 
100 2 96 62 46 37 99 49 72 39 66 68 24 19 33 15 97 87 23 82 42 67 26 6 30 63 13 33 31 37 40 72 5 40 64 83 28 93 87 37 84 27 1 25 98 18 89 9 100 67 7 49 37 37 70 43 75 25 96 58 59 37 82 58 22 97 35 37 
60 2 60 19 21 16 89 90 65 47 6 65 92 68 94 17 60 64 11 1 29 17 71 65 98 71 99 39 33 27 61 19 95 67 12 5 17 1 99 59 96 95 19 90 90 19 14 74 35 14 58 72 32 86 65 22 66 66 14 78 43 84 1 60 81 65 19 16 
72 32 62 19 6 79 93 54 33 50 6 45 83 27 7 62 98 32 60 82 25 77 87 3 75 24 21 31 61 51 43 91 60 8 66 45 58 40 28 91 80 92 14 96 21 22 32 88 10 5 99 91 85 83 8 5 73 5 96 42 75 56 26 80 23 82 56 99 
55 48 56 99 10 79 92 33 60 92 94 84 19 8 81 82 100 94 1 39 1 85 8 43 56 87 92 49 75 56 34 35 52 97 43 41 23 45 1 99 6 9 33 98 50 95 62 76 68 41 22 24 44 24 47 23 34 29 52 76 99 85 62 94 44 10 86 44 
38 26 11 77 62 19 76 90 96 70 57 86 34 86 60 44 6 86 12 8 32 43 95 55 49 75 58 8 73 37 15 97 95 62 98 89 24 48 28 36 21 92 39 12 89 15 37 47 14 33 8 66 72 65 95 93 49 83 99 96 27 50 94 56 55 90 47 96 
86 95 82 25 59 69 38 44 67 42 8 44 12 31 49 100 69 9 10 12 92 21 20 68 40 54 20 38 98 53 51 99 35 38 9 60 15 60 43 59 49 7 61 11 66 46 57 58 32 67 79 46 45 47 11 22 88 75 21 28 26 92 10 35 55 31 66 60 
64 78 99 26 61 76 16 88 64 48 59 21 68 5 25 47 41 75 24 45 97 69 59 70 60 51 31 84 24 3 92 55 50 85 11 2 73 44 27 77 10 5 95 13 79 66 52 76 87 69 65 13 33 17 29 77 41 77 32 63 16 61 8 91 89 97 39 31 
3 28 79 49 32 90 7 95 60 71 49 12 57 44 1 91 12 28 58 24 31 17 35 27 100 89 19 27 68 81 4 50 12 76 91 33 77 75 50 69 4 16 86 46 98 68 55 35 93 35 7 48 13 19 73 73 40 48 12 38 41 53 83 82 7 60 15 26 
12 35 83 75 97 74 18 84 26 59 8 86 81 99 69 54 89 34 84 35 97 72 57 12 36 83 11 40 40 81 36 89 25 46 75 90 22 96 80 46 27 88 99 79 25 10 69 7 82 14 17 87 26 76 7 49 49 94 80 26 10 63 71 45 25 86 2 34 
57 8 92 66 59 76 25 34 21 80 66 41 36 12 25 41 77 49 97 67 47 56 42 30 58 59 70 82 39 34 48 63 76 12 56 92 48 97 41 62 10 51 53 48 13 84 72 48 95 57 47 94 67 95 5 35 75 49 15 53 16 72 4 74 45 88 57 85 
93 76 58 62 78 89 52 90 98 85 28 99 22 43 56 76 18 86 35 7 92 38 24 74 25 80 71 2 30 92 63 22 60 89 48 25 55 90 22 89 95 75 73 25 95 27 11 69 77 57 57 7 89 58 43 26 56 44 55 21 88 57 23 93 89 65 38 26 
19 73 53 32 28 12 91 94 44 3 77 47 93 86 52 80 91 69 56 52 18 49 72 45 75 92 72 2 86 83 14 34 92 85 66 72 42 59 78 14 97 46 4 95 83 4 60 64 67 55 75 62 41 81 44 25 40 82 26 68 32 75 20 4 40 100 19 23 
2 78 34 31 76 3 24 14 37 93 80 84 31 28 48 27 75 31 3 54 28 90 83 22 75 23 57 81 76 19 98 65 93 34 71 33 99 100 54 18 15 86 65 55 45 27 55 85 90 87 87 63 80 55 26 11 35 61 85 99 59 68 26 41 21 92 5 43 
78 40 91 35 45 69 30 80 12 16 8 36 79 42 43 19 30 92 18 95 1 76 20 81 90 99 56 61 13 20 61 27 22 100 17 9 28 79 46 51 86 88 53 44 51 89 24 34 10 93 8 50 34 5 38 41 20 94 76 94 14 87 73 87 35 37 94 95 
33 3 41 51 60 61 68 40 38 23 93 53 46 27 26 63 63 37 72 78 40 59 5 78 91 65 82 65 15 83 70 64 2 81 1 51 78 79 64 14 93 40 20 64 59 39 84 37 89 12 12 83 92 26 95 11 32 25 37 43 57 44 75 100 44 5 73 9 
25 13 85 26 86 39 82 93 67 50 78 89 84 24 6 35 58 55 32 58 42 40 94 42 50 8 19 4 42 18 57 76 33 62 8 94 11 18 65 4 81 59 87 50 88 15 61 4 69 33 33 48 51 87 17 21 78 34 100 86 45 14 14 89 81 50 42 5 
81 80 62 3 10 40 73 64 12 81 41 46 100 72 51 71 5 43 78 77 22 61 93 74 77 40 62 75 91 27 29 8 28 27 74 31 55 45 80 90 40 69 66 8 71 10 68 84 73 85 59 50 58 4 60 10 29 93 76 50 30 72 46 15 5 63 11 70 
14 2 35 2 23 77 18 25 48 15 1 8 44 94 46 16 55 54 45 47 64 22 91 20 12 88 98 4 87 94 88 43 82 15 47 85 83 55 34 24 41 78 99 26 26 52 35 89 81 79 74 56 14 28 96 78 96 6 28 17 67 27 31 9 47 66 10 42 
14 5 8 16 7 18 45 87 49 41 30 26 97 22 56 18 82 63 43 8 86 83 9 58 60 72 71 68 92 11 99 88 78 80 93 5 48 82 53 4 61 47 42 19 58 6 82 32 41 31 36 82 31 3 48 97 100 39 50 58 98 85 72 51 9 84 2 83 
11 40 72 52 33 56 90 2 18 27 28 8 35 89 43 62 25 77 83 68 43 40 14 56 39 99 71 74 10 74 2 30 87 91 82 72 55 55 100 47 23 59 51 72 78 42 83 98 8 41 86 67 62 88 20 78 85 40 19 16 57 58 20 18 15 61 96 70 
37 35 8 65 16 53 92 63 54 49 40 30 67 58 63 58 55 100 32 82 100 72 24 48 92 94 39 4 77 2 60 13 10 86 57 6 35 36 73 34 18 20 49 86 30 20 51 64 37 91 20 60 47 36 74 54 31 94 4 37 1 91 55 34 25 100 95 58 
13 12 1 53 95 18 9 84 74 41 20 77 43 80 64 47 80 47 43 35 59 21 12 55 60 34 90 30 53 72 83 51 79 61 65 2 79 55 71 30 20 66 74 50 31 87 52 15 51 1 85 4 31 88 22 83 75 62 12 62 86 98 85 51 57 40 36 76 
36 97 49 21 34 65 48 100 77 34 77 77 6 66 38 88 73 61 50 36 8 33 97 54 35 74 75 65 66 82 68 85 2 59 11 42 29 33 13 10 79 43 43 83 87 90 24 30 80 57 69 20 69 31 57 96 34 100 35 38 20 97 99 52 82 9 85 65 
61 93 68 26 53 39 60 23 32 96 46 85 19 45 10 27 13 69 33 41 34 76 54 55 29 72 48 15 55 68 56 55 32 94 50 57 38 48 46 25 72 84 90 23 27 46 62 41 40 82 2 5 9 4 30 39 98 69 20 26 65 6 67 63 91 14 24 78 
92 99 28 59 36 30 26 27 10 30 73 32 95 36 73 71 51 87 67 53 28 29 99 52 30 46 18 30 30 54 92 27 92 19 39 31 46 86 5 96 45 22 45 61 68 22 87 82 75 31 78 98 14 68 53 71 38 62 68 87 88 43 87 6 38 41 22 88 
22 83 63 42 81 96 43 78 97 56 18 49 14 42 85 15 48 78 35 78 46 79 34 53 48 37 73 82 49 96 25 14 76 27 18 91 34 80 86 22 62 83 74 44 22 28 14 85 16 28 79 81 82 76 89 35 40 18 50 85 63 19 6 34 18 99 70 83 
93 50 52 21 89 74 95 6 73 99 4 24 99 66 100 3 45 81 66 32 37 95 48 9 41 45 31 12 52 60 2 71 16 37 77 91 51 24 54 35 63 67 97 93 74 12 99 79 2 74 54 30 59 3 33 12 62 10 71 49 78 44 80 25 33 23 55 38 
65 59 55 97 6 44 46 87 15 66 59 60 94 88 1 4 71 4 1 18 27 55 9 87 91 65 53 27 42 39 38 58 93 28 38 21 38 44 10 43 87 4 45 9 28 6 12 19 83 88 82 13 56 18 32 7 80 11 54 72 12 70 34 34 44 7 74 2 
15 84 57 36 56 77 5 6 85 63 51 28 51 67 39 47 90 43 38 29 32 48 97 72 84 53 11 40 69 1 66 97 13 82 63 79 77 15 70 44 14 46 38 74 75 85 67 36 90 71 29 11 27 17 78 51 66 74 94 38 69 38 52 27 27 55 9 26 
6 23 54 27 36 93 53 89 2 10 94 58 38 48 19 50 43 37 79 48 41 73 66 78 87 76 1 79 75 26 88 70 91 82 53 78 41 94 32 93 22 35 82 56 36 21 28 84 49 3 63 14 57 40 66 2 11 98 16 3 93 16 98 42 76 51 48 30 
90 91 69 97 74 83 24 36 5 38 82 89 13 87 74 18 37 18 94 39 76 13 32 12 39 49 46 11 100 65 99 33 13 76 17 100 39 2 46 71 88 47 17 79 97 37 43 39 71 100 6 7 62 56 17 84 90 51 46 88 100 36 53 49 13 94 86 88 
43 64 10 94 48 1 77 8 59 77 79 72 20 31 15 14 94 92 72 61 45 48 20 21 3 50 37 55 62 41 44 40 61 73 6 6 67 52 13 70 52 10 79 27 18 9 94 55 42 8 31 51 21 70 98 98 37 74 62 42 100 65 17 22 9 55 60 68 
50 54 84 96 22 13 18 26 65 82 71 18 23 21 61 22 56 45 18 45 21 48 20 15 40 65 87 88 52 63 30 9 19 63 56 58 15 41 56 6 35 49 36 77 96 74 60 9 11 6 26 28 72 90 90 93 66 91 97 82 98 80 7 20 19 37 4 67 
68 24 37 18 71 63 32 94 68 35 61 10 64 85 75 52 2 95 29 9 30 46 46 39 100 12 14 56 15 34 10 70 16 71 86 28 84 26 63 24 91 99 28 89 13 19 27 60 16 33 80 10 55 84 90 81 59 93 7 37 90 16 65 57 88 65 10 14 
60 93 89 8 62 89 61 70 80 42 50 36 17 51 67 58 35 10 44 18 18 82 76 45 49 43 66 55 8 67 2 70 51 71 30 77 23 54 88 46 4 93 22 1 2 74 98 27 33 82 82 52 68 68 44 29 19 81 20 31 97 15 36 3 81 16 62 51 
61 68 74 69 46 11 26 17 64 3 64 8 85 7 32 71 44 64 63 100 43 93 39 90 69 21 67 34 46 40 19 39 10 33 15 60 86 37 57 84 90 14 37 2 94 47 84 56 25 9 24 34 89 48 46 77 36 78 36 100 9 1 94 39 47 78 40 100 
25 15 13 40 65 61 73 29 36 12 84 72 39 70 44 71 43 12 70 75 3 51 65 49 6 14 35 39 96 57 11 37 85 87 4 64 66 74 12 20 55 66 36 77 56 41 79 14 10 56 47 7 72 84 60 45 42 42 52 14 25 52 22 81 7 100 44 73 
67 60 74 19 68 24 100 17 93 41 14 31 18 52 22 36 39 98 7 66 93 100 9 31 50 71 1 7 54 100 58 24 38 4 65 87 59 53 97 26 11 16 68 54 14 73 49 61 95 89 79 3 4 56 31 42 29 49 8 55 6 38 78 11 42 63 72 97 
85 69 3 29 17 39 92 79 65 93 87 23 29 29 28 62 92 29 97 93 67 46 37 26 68 62 43 71 41 76 64 38 72 43 55 38 64 10 72 67 59 88 5 1 21 70 92 63 43 88 48 14 13 50 12 89 62 26 99 75 88 55 94 11 17 96 45 56 
50 54 24 40 4 36 80 12 52 38 89 39 15 56 80 29 64 76 94 74 31 82 3 36 35 89 99 31 87 1 23 73 17 25 98 89 28 17 94 15 92 34 22 39 34 6 47 47 61 64 73 76 38 85 16 7 27 46 97 30 20 81 98 70 55 100 79 63 
80 11 40 4 11 39 75 25 98 63 62 69 88 81 74 56 68 93 10 77 5 67 88 50 23 13 36 16 95 87 80 81 29 100 17 16 73 10 16 73 74 4 96 82 77 22 54 35 25 63 63 78 5 72 58 51 73 23 63 70 18 16 52 23 65 69 33 25 
33
