60 50
43 53 79 60 43 26 4 26 34 11 45 21 42 67 62 100 8 98 95 61 68 11 37 50 15 57 15 98 94 75 55 10 58 67 55 57 66 89 90 64 21 41 25 84 74 64 97 100 36 12 
9 97 81 36 45 98 23 95 79 57 11 99 66 45 74 30 17 80 92 11 2 85 1 8 41 75 47 89 61 3 36 78 42 18 59 77 79 29 89 36 23 50 73 4 90 89 62 92 45 12 
67 16 99 72 19 23 81 10 76 96 65 41 12 5 75 11 69 55 87 66 64 23 8 71 85 16 98 92 9 69 68 92 29 75 65 39 84 16 30 10 13 35 94 32 83 72 38 19 67 37 
43 64 65 24 97 23 97 59 41 86 15 53 70 18 2 100 14 32 68 36 78 6 49 51 10 75 81 27 14 43 98 37 47 13 69 22 55 15 93 49 44 87 94 100 83 46 2 54 82 31 
7 54 15 38 14 84 53 50 52 90 38 43 96 11 25 32 22 23 47 64 99 100 9 93 75 42 92 88 32 41 36 50 3 61 33 51 80 70 38 23 56 51 96 36 84 64 31 77 30 54 
42 96 79 19 14 85 100 78 35 16 84 12 67 32 20 68 25 1 53 40 56 40 69 70 25 97 74 43 44 33 66 61 8 44 36 11 15 27 27 78 100 58 41 63 93 58 87 7 86 48 
82 19 76 33 79 76 14 58 68 43 72 21 65 11 16 49 12 74 44 65 24 82 26 2 73 37 59 37 96 30 12 63 54 30 44 15 89 72 3 11 56 2 47 93 28 90 38 59 89 3 
9 29 77 1 5 91 40 18 36 14 6 8 1 24 94 89 80 80 14 26 85 3 17 5 28 35 17 6 48 32 87 86 95 31 85 18 80 29 91 41 22 66 36 34 54 16 68 9 84 8 
86 82 4 41 20 82 3 64 62 86 21 32 66 9 63 66 61 81 45 74 63 81 41 1 71 20 71 31 80 96 30 60 50 50 55 89 22 7 82 31 54 78 35 30 24 52 52 12 31 15 
47 45 85 62 44 62 62 1 55 73 71 54 69 81 65 12 85 68 70 1 7 21 50 51 68 7 98 90 77 30 36 10 83 18 71 52 9 25 21 28 10 48 26 80 29 97 2 21 92 59 
100 30 42 49 69 92 100 51 66 94 28 63 32 29 2 26 28 63 40 97 24 77 42 75 64 69 15 19 51 99 26 98 35 5 80 66 96 11 12 57 43 30 73 37 87 4 4 61 49 56 
68 19 15 40 58 77 46 9 8 38 11 38 89 81 91 82 40 52 79 38 88 29 84 60 56 62 84 39 44 71 18 33 49 64 97 32 68 87 72 83 66 32 98 3 34 60 69 62 67 24 
31 20 13 78 82 39 99 29 20 7 23 64 6 43 68 40 40 88 82 45 79 71 22 57 40 25 65 48 61 92 33 29 27 29 73 23 71 21 99 13 8 51 99 4 77 82 35 84 79 62 
12 100 46 49 87 56 82 10 40 12 50 65 38 47 10 53 55 91 22 52 29 73 71 85 77 14 79 89 87 70 9 31 72 6 88 85 49 52 80 31 64 80 4 19 5 92 82 5 49 17 
47 75 41 47 50 94 16 75 52 50 87 2 94 88 77 28 61 45 71 51 6 32 99 34 82 35 88 11 13 13 47 43 96 28 62 60 97 32 27 25 26 95 25 18 58 51 43 37 61 89 
94 44 45 28 54 18 33 43 64 81 36 30 40 20 57 44 95 17 81 24 71 59 17 99 18 87 92 55 90 11 19 74 35 3 96 5 93 32 94 15 38 16 47 26 23 5 59 52 21 8 
82 65 61 32 33 85 9 14 48 57 36 40 10 51 88 83 75 17 30 32 92 71 41 60 7 94 91 65 70 75 96 3 97 20 63 55 69 18 67 34 46 34 5 16 45 66 21 23 7 90 
29 36 41 74 32 90 41 45 43 74 95 33 53 57 35 26 92 97 10 9 90 17 67 83 17 43 75 62 84 42 34 21 9 15 46 34 96 16 38 11 76 13 80 40 4 7 20 88 17 87 
30 18 100 64 56 20 99 31 89 74 97 45 13 74 37 2 100 6 42 82 51 45 91 71 9 6 33 75 89 82 57 8 92 44 45 9 25 85 76 99 18 36 62 18 13 87 35 84 86 90 
9 64 97 21 90 45 7 37 5 61 94 57 84 5 48 37 3 20 46 35 76 72 28 75 54 30 19 68 73 10 75 31 62 70 57 30 76 41 35 32 59 53 2 27 19 77 39 89 76 97 
59 48 28 85 27 15 26 33 27 92 77 84 29 19 90 42 76 87 55 72 95 87 11 18 91 82 37 84 95 39 93 73 65 23 63 79 62 74 9 63 50 7 20 68 96 92 12 54 64 25 
33 58 28 93 54 8 57 78 64 40 36 70 9 13 31 78 14 4 17 66 7 37 14 31 28 82 16 29 71 13 94 99 18 27 14 38 57 57 8 44 78 22 70 11 6 17 88 55 14 18 
16 99 4 56 59 53 82 5 16 58 38 60 3 83 21 17 72 1 66 81 65 77 6 61 94 36 95 15 28 11 100 85 24 78 59 3 40 31 8 72 13 50 9 67 93 72 51 70 58 62 
3 82 65 47 30 45 94 66 9 73 12 27 7 78 42 3 8 43 24 93 90 77 14 24 9 39 29 80 23 39 72 90 68 40 57 92 81 24 47 64 10 86 61 3 75 78 13 68 62 27 
95 39 60 72 12 40 88 16 42 44 51 83 47 56 37 23 7 22 44 3 16 41 88 84 63 59 45 74 15 65 10 85 47 38 2 65 93 8 22 68 23 19 51 71 60 20 60 77 93 15 
53 44 55 53 57 31 67 37 57 62 70 77 19 33 92 29 53 25 30 80 15 99 32 81 39 77 25 42 68 33 7 22 95 68 7 100 59 22 89 97 55 47 36 87 30 68 55 23 99 75 
83 54 96 47 90 26 36 84 94 75 65 6 56 64 8 56 4 29 62 85 8 22 84 40 10 71 61 69 73 100 79 99 6 76 22 81 83 71 63 84 61 67 33 93 60 29 82 42 66 31 
61 81 65 12 91 62 30 100 8 1 100 10 85 38 38 32 76 3 60 53 40 75 56 64 30 72 54 80 58 23 3 42 76 3 69 91 24 40 71 40 43 8 2 75 59 88 8 59 68 48 
36 29 93 63 50 5 92 5 87 48 30 49 14 45 56 80 90 100 31 9 49 55 13 20 59 86 94 8 36 36 33 86 89 77 46 64 52 24 29 39 21 33 42 31 87 67 75 69 63 2 
65 13 16 1 43 48 67 4 35 11 27 88 35 16 60 95 27 100 11 51 31 100 33 7 90 37 100 81 35 64 88 80 78 3 67 31 35 86 35 61 80 68 80 84 62 73 57 100 64 100 
15 12 61 100 15 13 22 93 18 5 62 90 27 38 24 37 33 94 67 12 86 60 76 9 80 42 31 22 48 32 86 2 89 28 61 32 71 63 36 83 96 2 11 4 7 98 59 84 85 32 
93 84 55 72 25 22 1 21 83 64 69 49 27 51 100 14 48 72 21 40 85 46 78 81 62 98 21 7 41 16 35 85 43 47 96 41 76 52 7 29 89 31 18 30 18 3 53 83 18 79 
96 95 69 84 99 96 23 94 23 26 29 17 30 87 27 25 72 80 34 2 50 16 42 87 56 74 95 17 92 40 40 96 46 54 43 52 80 45 28 50 33 42 83 77 60 66 28 27 62 72 
54 33 74 80 65 30 11 3 94 62 98 88 62 47 29 9 12 66 32 75 36 54 34 58 64 93 52 48 6 44 61 71 41 63 9 63 8 91 73 55 53 16 95 24 9 39 23 24 34 98 
57 73 34 28 74 1 38 72 72 52 99 50 75 1 52 70 74 52 44 34 97 91 11 64 43 41 80 63 16 33 16 78 44 76 37 28 64 16 69 27 26 94 21 2 27 57 99 86 79 80 
77 54 1 91 9 97 42 26 54 93 12 41 20 95 70 65 84 41 81 68 23 79 59 84 63 38 50 3 41 6 23 25 33 80 68 57 90 16 32 63 83 83 28 24 57 95 5 64 42 87 
63 44 70 58 54 28 90 83 95 73 91 77 91 12 68 75 45 11 98 30 91 31 98 74 96 25 89 81 4 45 3 20 15 51 79 1 33 28 47 40 25 74 13 9 61 8 64 33 42 93 
79 54 35 2 5 86 62 60 33 15 14 25 89 26 4 14 21 52 60 80 54 99 18 81 22 67 97 28 28 81 35 65 80 11 22 47 89 24 84 16 53 18 69 66 44 23 63 82 71 65 
34 75 8 29 66 41 87 74 55 31 95 81 62 11 49 35 47 30 9 75 37 48 69 65 93 73 41 63 88 22 1 99 96 1 81 84 74 68 25 11 77 21 27 24 26 31 37 63 44 11 
1 9 8 83 50 92 100 100 81 32 37 20 89 24 24 41 24 2 62 50 6 17 97 50 10 37 95 51 97 44 86 45 79 80 100 17 16 93 91 45 89 45 36 86 11 15 37 71 63 100 
65 44 54 90 35 12 59 79 100 11 81 31 87 81 33 23 28 18 41 17 57 50 17 54 73 48 48 56 92 66 1 82 29 76 41 83 2 48 14 41 35 77 45 89 98 67 28 55 22 22 
49 73 79 4 45 40 100 54 81 38 84 94 17 32 17 45 91 10 99 44 44 47 61 32 44 87 9 43 7 80 26 38 15 28 25 40 79 21 34 74 91 63 50 17 67 18 5 18 83 40 
13 31 43 55 100 79 39 5 51 45 89 80 99 43 67 6 54 38 50 45 53 96 62 36 63 96 84 90 84 33 43 2 22 86 29 55 40 44 87 28 92 5 71 23 12 86 83 88 14 21 
17 92 4 31 81 72 37 85 77 81 57 99 51 80 95 30 52 69 32 72 51 50 40 50 25 58 52 85 95 15 41 59 66 77 94 8 34 96 24 33 32 9 42 94 40 20 85 32 83 53 
92 26 93 74 42 3 100 19 19 30 84 84 59 68 9 48 97 77 10 38 16 85 12 72 72 68 91 23 39 3 25 96 99 93 79 8 85 81 22 19 27 78 83 51 85 6 83 83 48 9 
99 36 44 82 54 51 94 40 38 47 90 1 2 18 97 79 73 72 92 96 92 59 5 61 79 28 21 80 55 96 48 95 93 36 76 59 74 11 67 99 69 11 62 29 69 74 94 9 43 89 
29 58 89 17 96 78 7 87 60 41 15 33 63 47 85 94 22 47 65 100 66 6 20 88 67 37 5 50 62 30 59 93 99 69 69 60 54 98 56 57 84 85 83 70 20 94 71 71 29 72 
95 47 80 91 80 13 6 17 18 67 35 8 91 25 43 29 63 32 53 63 65 24 64 52 1 20 13 90 46 36 84 56 9 67 12 54 90 74 69 9 39 76 15 30 11 34 44 32 81 63 
75 83 27 32 59 31 43 26 99 7 8 68 13 16 29 54 78 66 42 21 36 98 28 64 65 4 94 76 21 67 6 66 20 39 84 85 18 52 5 65 98 36 58 53 81 63 53 87 8 69 
80 60 75 12 72 47 13 58 15 17 34 19 100 36 100 82 30 42 80 94 12 46 97 91 97 82 92 5 55 28 48 75 99 55 44 27 83 78 52 38 50 27 82 68 1 50 43 36 12 21 
70 78 15 12 42 4 26 58 89 46 87 22 57 64 46 27 89 64 1 39 36 13 78 86 2 90 25 70 89 90 27 97 7 74 92 38 49 29 51 90 55 82 78 94 7 90 20 57 47 88 
91 48 88 73 79 84 71 55 61 38 93 9 25 5 94 94 46 32 94 40 77 93 9 8 31 55 86 75 70 82 40 10 45 53 90 24 35 15 4 29 79 81 24 23 5 36 26 97 8 35 
19 31 12 94 13 12 27 99 94 11 98 96 84 85 83 37 91 98 29 83 57 74 22 9 66 37 22 38 86 87 36 19 28 15 65 23 66 78 25 99 46 62 57 53 82 17 50 14 4 42 
46 100 22 47 10 12 15 24 78 19 47 13 14 93 92 28 46 21 6 85 57 15 73 61 52 65 24 52 18 34 5 28 72 83 34 99 43 67 83 27 29 44 69 70 50 94 43 25 67 37 
10 9 36 88 17 12 38 99 92 81 86 75 35 45 95 61 64 77 93 29 95 60 82 34 4 97 84 95 80 80 42 26 96 19 48 41 35 89 25 82 57 44 79 52 97 3 4 67 22 25 
11 41 90 8 95 71 91 80 77 100 64 89 86 51 18 80 58 82 98 36 71 98 76 21 48 11 62 33 91 45 60 80 25 24 22 24 79 93 58 50 20 48 20 68 16 84 72 53 5 100 
93 69 87 91 99 42 73 31 60 86 47 44 66 76 37 86 58 34 96 96 23 82 30 8 39 54 50 5 90 94 6 68 19 71 35 58 62 80 57 23 90 34 68 23 69 41 29 14 80 33 
58 34 94 96 50 84 73 2 9 100 47 54 56 40 89 98 30 59 92 54 32 33 12 67 48 48 35 98 57 80 83 86 30 17 65 61 49 13 42 90 14 64 52 80 23 55 31 77 38 8 
3 28 57 38 51 99 85 93 71 68 55 40 77 30 30 17 21 87 24 62 26 14 87 100 58 13 56 33 86 2 74 80 1 11 16 47 96 61 79 39 23 64 31 29 86 69 24 59 38 32 
97 34 73 93 53 18 55 90 77 79 11 41 9 5 79 58 19 5 100 6 28 75 74 97 74 68 47 82 33 30 76 97 18 62 91 63 39 37 71 45 85 78 75 29 63 73 20 70 5 88 
34
