900 4301
4 140
4 251
4 708
4 776
5 525
5 753
7 18
7 60
7 139
7 419
8 75
9 524
9 576
9 749
9 861
15 274
15 328
24 307
28 218
28 481
32 149
32 223
32 353
32 368
32 455
32 481
32 615
32 840
32 866
35 43
35 83
35 95
35 121
35 132
35 193
35 215
35 254
35 269
35 308
35 313
35 340
35 356
35 359
35 407
35 434
35 495
35 511
35 533
35 595
35 601
35 621
35 677
35 682
35 691
35 698
35 705
35 718
35 743
35 801
38 597
39 179
39 241
39 498
41 26
41 716
41 878
42 643
48 61
48 287
50 76
50 528
53 426
56 44
56 299
56 670
56 681
62 39
62 179
62 241
62 366
62 441
62 486
62 498
62 705
62 796
62 817
62 819
62 887
66 332
66 740
68 623
68 662
68 836
72 3
72 39
72 55
72 62
72 63
72 73
72 77
72 84
72 86
72 88
72 93
72 94
72 107
72 114
72 121
72 134
72 135
72 141
72 160
72 162
72 163
72 179
72 191
72 194
72 196
72 200
72 209
72 226
72 228
72 241
72 242
72 248
72 253
72 262
72 291
72 296
72 301
72 310
72 312
72 318
72 323
72 325
72 332
72 333
72 349
72 358
72 366
72 371
72 387
72 396
72 410
72 441
72 465
72 486
72 498
72 499
72 506
72 524
72 526
72 560
72 596
72 598
72 608
72 622
72 633
72 648
72 657
72 665
72 669
72 705
72 708
72 710
72 720
72 727
72 731
72 734
72 736
72 742
72 793
72 796
72 817
72 819
72 867
72 870
72 879
72 881
72 885
72 886
72 887
72 899
78 51
78 69
78 135
78 154
78 191
78 194
78 200
78 249
78 281
78 388
78 418
78 539
78 625
78 632
78 712
78 803
78 833
78 847
78 848
78 877
78 879
78 885
79 854
83 121
83 254
83 308
83 359
83 407
83 595
83 705
83 718
84 817
85 91
85 185
85 323
85 404
85 634
85 703
86 608
86 665
86 708
86 886
95 269
95 308
95 434
95 698
96 514
96 592
96 661
96 832
101 500
103 394
103 629
104 141
104 276
104 581
104 687
105 540
105 672
108 2
108 3
108 4
108 9
108 11
108 16
108 21
108 22
108 23
108 24
108 25
108 26
108 27
108 29
108 32
108 33
108 34
108 39
108 40
108 44
108 47
108 51
108 52
108 55
108 57
108 61
108 62
108 63
108 66
108 68
108 69
108 72
108 73
108 75
108 76
108 77
108 78
108 79
108 82
108 83
108 84
108 86
108 87
108 88
108 89
108 90
108 93
108 94
108 97
108 98
108 104
108 106
108 107
108 109
108 110
108 113
108 114
108 115
108 117
108 121
108 122
108 124
108 129
108 130
108 133
108 134
108 135
108 138
108 140
108 141
108 142
108 144
108 148
108 149
108 150
108 152
108 153
108 154
108 156
108 159
108 160
108 162
108 163
108 164
108 165
108 166
108 168
108 169
108 171
108 172
108 179
108 181
108 183
108 185
108 187
108 191
108 193
108 194
108 195
108 196
108 197
108 200
108 203
108 209
108 211
108 212
108 214
108 215
108 216
108 222
108 223
108 225
108 226
108 227
108 228
108 230
108 232
108 233
108 237
108 238
108 240
108 241
108 242
108 246
108 248
108 249
108 251
108 253
108 254
108 257
108 260
108 262
108 263
108 264
108 270
108 271
108 275
108 276
108 277
108 281
108 283
108 284
108 286
108 287
108 290
108 291
108 293
108 295
108 296
108 297
108 301
108 303
108 305
108 306
108 307
108 308
108 309
108 310
108 311
108 312
108 314
108 316
108 317
108 318
108 319
108 320
108 323
108 325
108 326
108 327
108 328
108 330
108 332
108 333
108 341
108 349
108 351
108 352
108 353
108 356
108 358
108 359
108 361
108 365
108 366
108 367
108 368
108 371
108 374
108 376
108 378
108 384
108 386
108 387
108 388
108 390
108 392
108 393
108 394
108 396
108 399
108 400
108 406
108 407
108 408
108 410
108 412
108 413
108 415
108 416
108 418
108 419
108 422
108 423
108 424
108 426
108 427
108 430
108 435
108 439
108 440
108 441
108 444
108 445
108 449
108 455
108 457
108 458
108 459
108 460
108 461
108 463
108 465
108 466
108 467
108 472
108 473
108 478
108 480
108 481
108 485
108 486
108 488
108 498
108 499
108 500
108 502
108 505
108 506
108 510
108 511
108 514
108 515
108 517
108 522
108 524
108 525
108 526
108 528
108 530
108 532
108 533
108 534
108 535
108 539
108 540
108 544
108 545
108 546
108 548
108 551
108 554
108 560
108 569
108 571
108 572
108 573
108 575
108 576
108 579
108 581
108 586
108 588
108 589
108 590
108 593
108 594
108 595
108 596
108 597
108 598
108 600
108 603
108 604
108 608
108 611
108 612
108 615
108 618
108 619
108 621
108 622
108 623
108 625
108 626
108 628
108 632
108 633
108 636
108 637
108 639
108 642
108 643
108 645
108 648
108 652
108 654
108 657
108 662
108 664
108 665
108 668
108 669
108 671
108 683
108 684
108 687
108 688
108 689
108 693
108 695
108 701
108 705
108 708
108 709
108 710
108 712
108 714
108 715
108 718
108 719
108 720
108 721
108 722
108 726
108 727
108 728
108 729
108 731
108 734
108 736
108 740
108 742
108 743
108 744
108 746
108 747
108 749
108 751
108 754
108 756
108 759
108 762
108 763
108 768
108 769
108 770
108 774
108 775
108 776
108 784
108 785
108 788
108 792
108 793
108 795
108 796
108 799
108 803
108 810
108 811
108 812
108 815
108 816
108 817
108 818
108 819
108 820
108 824
108 825
108 826
108 828
108 829
108 833
108 834
108 836
108 837
108 839
108 840
108 845
108 846
108 847
108 848
108 850
108 853
108 854
108 857
108 861
108 863
108 864
108 866
108 867
108 870
108 872
108 875
108 876
108 877
108 879
108 881
108 882
108 884
108 885
108 886
108 887
108 888
108 889
108 890
108 894
108 898
108 899
108 900
109 669
109 887
112 182
112 380
112 882
114 486
114 598
114 819
115 622
121 705
122 57
122 731
123 618
125 588
125 726
126 6
126 42
126 67
126 73
126 103
126 165
126 176
126 198
126 199
126 253
126 262
126 296
126 330
126 354
126 374
126 385
126 394
126 424
126 436
126 437
126 448
126 531
126 558
126 571
126 572
126 583
126 601
126 629
126 632
126 643
126 645
126 647
126 655
126 663
126 664
126 711
126 762
126 780
126 785
126 835
126 839
126 897
127 3
127 24
127 180
127 307
127 668
127 683
127 745
127 770
127 814
127 843
133 181
133 499
133 759
133 876
134 77
134 163
134 179
134 191
134 301
134 312
134 325
134 349
134 441
134 486
134 526
134 819
137 161
137 247
137 272
137 327
137 358
137 773
137 792
137 850
139 60
1 143
1 2
1 3
1 4
1 5
1 6
1 7
1 8
1 9
1 10
1 11
1 12
1 13
1 14
1 15
1 16
1 17
1 18
1 19
1 20
1 21
1 22
1 23
1 24
1 25
1 26
1 27
1 28
1 29
1 30
1 31
1 32
1 33
1 34
1 35
1 36
1 37
1 38
1 39
1 40
1 41
1 42
1 43
1 44
1 45
1 46
1 47
1 48
1 49
1 50
1 51
1 52
1 53
1 54
1 55
1 56
1 57
1 58
1 59
1 60
1 61
1 62
1 63
1 64
1 65
1 66
1 67
1 68
1 69
1 70
1 71
1 72
1 73
1 74
1 75
1 76
1 77
1 78
1 79
1 80
1 81
1 82
1 83
1 84
1 85
1 86
1 87
1 88
1 89
1 90
1 91
1 92
1 93
1 94
1 95
1 96
1 97
1 98
1 99
1 100
1 101
1 102
1 103
1 104
1 105
1 106
1 107
1 108
1 109
1 110
1 111
1 112
1 113
1 114
1 115
1 116
1 117
1 118
1 119
1 120
1 121
1 122
1 123
1 124
1 125
1 126
1 127
1 128
1 129
1 130
1 131
1 132
1 133
1 134
1 135
1 136
1 137
1 138
1 139
1 140
1 141
1 142
1 144
1 145
1 146
1 147
1 148
1 149
1 150
1 151
1 152
1 153
1 154
1 155
1 156
1 157
1 158
1 159
1 160
1 161
1 162
1 163
1 164
1 165
1 166
1 167
1 168
1 169
1 170
1 171
1 172
1 173
1 174
1 175
1 176
1 177
1 178
1 179
1 180
1 181
1 182
1 183
1 184
1 185
1 186
1 187
1 188
1 189
1 190
1 191
1 192
1 193
1 194
1 195
1 196
1 197
1 198
1 199
1 200
1 201
1 202
1 203
1 204
1 205
1 206
1 207
1 208
1 209
1 210
1 211
1 212
1 213
1 214
1 215
1 216
1 217
1 218
1 219
1 220
1 221
1 222
1 223
1 224
1 225
1 226
1 227
1 228
1 229
1 230
1 231
1 232
1 233
1 234
1 235
1 236
1 237
1 238
1 239
1 240
1 241
1 242
1 243
1 244
1 245
1 246
1 247
1 248
1 249
1 250
1 251
1 252
1 253
1 254
1 255
1 256
1 257
1 258
1 259
1 260
1 261
1 262
1 263
1 264
1 265
1 266
1 267
1 268
1 269
1 270
1 271
1 272
1 273
1 274
1 275
1 276
1 277
1 278
1 279
1 280
1 281
1 282
1 283
1 284
1 285
1 286
1 287
1 288
1 289
1 290
1 291
1 292
1 293
1 294
1 295
1 296
1 297
1 298
1 299
1 300
1 301
1 302
1 303
1 304
1 305
1 306
1 307
1 308
1 309
1 310
1 311
1 312
1 313
1 314
1 315
1 316
1 317
1 318
1 319
1 320
1 321
1 322
1 323
1 324
1 325
1 326
1 327
1 328
1 329
1 330
1 331
1 332
1 333
1 334
1 335
1 336
1 337
1 338
1 339
1 340
1 341
1 342
1 343
1 344
1 345
1 346
1 347
1 348
1 349
1 350
1 351
1 352
1 353
1 354
1 355
1 356
1 357
1 358
1 359
1 360
1 361
1 362
1 363
1 364
1 365
1 366
1 367
1 368
1 369
1 370
1 371
1 372
1 373
1 374
1 375
1 376
1 377
1 378
1 379
1 380
1 381
1 382
1 383
1 384
1 385
1 386
1 387
1 388
1 389
1 390
1 391
1 392
1 393
1 394
1 395
1 396
1 397
1 398
1 399
1 400
1 401
1 402
1 403
1 404
1 405
1 406
1 407
1 408
1 409
1 410
1 411
1 412
1 413
1 414
1 415
1 416
1 417
1 418
1 419
1 420
1 421
1 422
1 423
1 424
1 425
1 426
1 427
1 428
1 429
1 430
1 431
1 432
1 433
1 434
1 435
1 436
1 437
1 438
1 439
1 440
1 441
1 442
1 443
1 444
1 445
1 446
1 447
1 448
1 449
1 450
1 451
1 452
1 453
1 454
1 455
1 456
1 457
1 458
1 459
1 460
1 461
1 462
1 463
1 464
1 465
1 466
1 467
1 468
1 469
1 470
1 471
1 472
1 473
1 474
1 475
1 476
1 477
1 478
1 479
1 480
1 481
1 482
1 483
1 484
1 485
1 486
1 487
1 488
1 489
1 490
1 491
1 492
1 493
1 494
1 495
1 496
1 497
1 498
1 499
1 500
1 501
1 502
1 503
1 504
1 505
1 506
1 507
1 508
1 509
1 510
1 511
1 512
1 513
1 514
1 515
1 516
1 517
1 518
1 519
1 520
1 521
1 522
1 523
1 524
1 525
1 526
1 527
1 528
1 529
1 530
1 531
1 532
1 533
1 534
1 535
1 536
1 537
1 538
1 539
1 540
1 541
1 542
1 543
1 544
1 545
1 546
1 547
1 548
1 549
1 550
1 551
1 552
1 553
1 554
1 555
1 556
1 557
1 558
1 559
1 560
1 561
1 562
1 563
1 564
1 565
1 566
1 567
1 568
1 569
1 570
1 571
1 572
1 573
1 574
1 575
1 576
1 577
1 578
1 579
1 580
1 581
1 582
1 583
1 584
1 585
1 586
1 587
1 588
1 589
1 590
1 591
1 592
1 593
1 594
1 595
1 596
1 597
1 598
1 599
1 600
1 601
1 602
1 603
1 604
1 605
1 606
1 607
1 608
1 609
1 610
1 611
1 612
1 613
1 614
1 615
1 616
1 617
1 618
1 619
1 620
1 621
1 622
1 623
1 624
1 625
1 626
1 627
1 628
1 629
1 630
1 631
1 632
1 633
1 634
1 635
1 636
1 637
1 638
1 639
1 640
1 641
1 642
1 643
1 644
1 645
1 646
1 647
1 648
1 649
1 650
1 651
1 652
1 653
1 654
1 655
1 656
1 657
1 658
1 659
1 660
1 661
1 662
1 663
1 664
1 665
1 666
1 667
1 668
1 669
1 670
1 671
1 672
1 673
1 674
1 675
1 676
1 677
1 678
1 679
1 680
1 681
1 682
1 683
1 684
1 685
1 686
1 687
1 688
1 689
1 690
1 691
1 692
1 693
1 694
1 695
1 696
1 697
1 698
1 699
1 700
1 701
1 702
1 703
1 704
1 705
1 706
1 707
1 708
1 709
1 710
1 711
1 712
1 713
1 714
1 715
1 716
1 717
1 718
1 719
1 720
1 721
1 722
1 723
1 724
1 725
1 726
1 727
1 728
1 729
1 730
1 731
1 732
1 733
1 734
1 735
1 736
1 737
1 738
1 739
1 740
1 741
1 742
1 743
1 744
1 745
1 746
1 747
1 748
1 749
1 750
1 751
1 752
1 753
1 754
1 755
1 756
1 757
1 758
1 759
1 760
1 761
1 762
1 763
1 764
1 765
1 766
1 767
1 768
1 769
1 770
1 771
1 772
1 773
1 774
1 775
1 776
1 777
1 778
1 779
1 780
1 781
1 782
1 783
1 784
1 785
1 786
1 787
1 788
1 789
1 790
1 791
1 792
1 793
1 794
1 795
1 796
1 797
1 798
1 799
1 800
1 801
1 802
1 803
1 804
1 805
1 806
1 807
1 808
1 809
1 810
1 811
1 812
1 813
1 814
1 815
1 816
1 817
1 818
1 819
1 820
1 821
1 822
1 823
1 824
1 825
1 826
1 827
1 828
1 829
1 830
1 831
1 832
1 833
1 834
1 835
1 836
1 837
1 838
1 839
1 840
1 841
1 842
1 843
1 844
1 845
1 846
1 847
1 848
1 849
1 850
1 851
1 852
1 853
1 854
1 855
1 856
1 857
1 858
1 859
1 860
1 861
1 862
1 863
1 864
1 865
1 866
1 867
1 868
1 869
1 870
1 871
1 872
1 873
1 874
1 875
1 876
1 877
1 878
1 879
1 880
1 881
1 882
1 883
1 884
1 885
1 886
1 887
1 888
1 889
1 890
1 891
1 892
1 893
1 894
1 895
1 896
1 897
1 898
1 899
1 900
144 648
145 64
145 554
145 766
145 853
146 48
146 61
146 130
146 226
146 287
146 304
146 474
146 691
146 811
146 828
153 34
153 84
153 284
153 815
153 817
154 418
155 152
156 548
156 769
156 816
157 546
160 77
160 301
160 524
162 727
162 881
164 581
166 275
167 205
167 406
168 276
168 747
171 293
171 458
173 129
173 638
174 290
180 24
180 307
180 843
181 499
181 759
183 728
183 769
185 323
187 181
187 214
187 499
187 759
190 33
190 67
190 201
190 278
190 310
190 345
190 351
190 460
190 478
190 536
190 605
190 689
190 699
190 746
197 225
197 522
197 560
204 115
204 285
204 622
204 723
206 480
208 25
209 94
209 720
210 143
210 2
210 5
210 6
210 8
210 9
210 10
210 11
210 12
210 13
210 16
210 17
210 24
210 26
210 28
210 29
210 32
210 33
210 34
210 39
210 41
210 44
210 48
210 49
210 50
210 53
210 58
210 59
210 60
210 61
210 62
210 65
210 70
210 71
210 75
210 76
210 81
210 84
210 89
210 90
210 92
210 102
210 109
210 113
210 114
210 115
210 116
210 118
210 123
210 128
210 131
210 133
210 139
210 140
210 141
210 142
210 147
210 149
210 151
210 153
210 154
210 156
210 159
210 165
210 170
210 175
210 179
210 180
210 181
210 182
210 188
210 200
210 204
210 205
210 206
210 207
210 211
210 213
210 218
210 220
210 223
210 238
210 241
210 246
210 252
210 256
210 258
210 259
210 261
210 267
210 269
210 272
210 278
210 279
210 283
210 284
210 285
210 287
210 288
210 296
210 299
210 305
210 306
210 307
210 309
210 313
210 314
210 316
210 324
210 327
210 335
210 344
210 347
210 351
210 353
210 355
210 357
210 360
210 364
210 365
210 366
210 367
210 368
210 369
210 374
210 382
210 383
210 384
210 385
210 386
210 388
210 389
210 397
210 407
210 412
210 414
210 415
210 416
210 418
210 423
210 425
210 426
210 427
210 429
210 436
210 440
210 441
210 442
210 445
210 454
210 455
210 458
210 472
210 476
210 480
210 481
210 485
210 486
210 487
210 489
210 490
210 495
210 496
210 498
210 499
210 501
210 504
210 507
210 508
210 511
210 514
210 516
210 517
210 518
210 524
210 525
210 528
210 535
210 536
210 537
210 539
210 548
210 552
210 553
210 556
210 559
210 563
210 566
210 571
210 572
210 576
210 579
210 583
210 584
210 587
210 589
210 592
210 593
210 594
210 595
210 598
210 600
210 605
210 606
210 607
210 609
210 613
210 615
210 618
210 621
210 622
210 634
210 635
210 638
210 639
210 645
210 647
210 649
210 652
210 654
210 659
210 661
210 662
210 663
210 664
210 667
210 669
210 672
210 676
210 680
210 681
210 684
210 686
210 687
210 690
210 692
210 696
210 700
210 705
210 709
210 713
210 716
210 718
210 719
210 723
210 724
210 725
210 729
210 732
210 735
210 737
210 738
210 739
210 740
210 741
210 746
210 747
210 749
210 750
210 753
210 759
210 761
210 764
210 766
210 769
210 773
210 776
210 786
210 789
210 796
210 797
210 815
210 816
210 817
210 819
210 820
210 823
210 833
210 834
210 835
210 838
210 840
210 843
210 846
210 847
210 856
210 859
210 861
210 862
210 866
210 871
210 874
210 875
210 876
210 878
210 887
210 889
210 891
210 892
210 893
210 895
210 897
215 359
220 518
220 861
221 553
222 93
222 393
222 525
223 615
228 163
228 387
228 867
229 150
234 810
236 169
237 264
237 593
237 600
240 86
240 140
240 251
240 326
240 608
240 665
240 708
240 886
243 71
245 590
245 649
245 771
245 829
248 162
248 262
248 333
248 349
248 371
248 441
248 727
248 742
248 881
250 82
251 140
251 708
254 718
256 369
261 8
261 11
261 16
261 17
261 29
261 70
261 75
261 131
261 220
261 256
261 269
261 285
261 360
261 364
261 369
261 374
261 415
261 436
261 441
261 445
261 454
261 472
261 476
261 489
261 508
261 518
261 594
261 605
261 613
261 659
261 663
261 676
261 684
261 692
261 709
261 716
261 738
261 766
261 789
261 797
261 833
261 847
261 859
261 861
261 876
261 892
261 895
263 594
264 600
265 232
265 397
268 100
268 237
268 264
268 593
268 600
268 874
270 4
270 9
270 34
270 47
270 57
270 61
270 69
270 75
270 77
270 113
270 114
270 134
270 138
270 140
270 149
270 150
270 160
270 163
270 166
270 168
270 179
270 183
270 191
270 212
270 225
270 230
270 249
270 251
270 253
270 254
270 275
270 276
270 283
270 301
270 312
270 325
270 349
270 352
270 388
270 390
270 423
270 435
270 441
270 459
270 460
270 461
270 463
270 472
270 486
270 502
270 524
270 526
270 533
270 534
270 572
270 576
270 589
270 590
270 598
270 639
270 657
270 664
270 683
270 708
270 714
270 718
270 719
270 720
270 722
270 728
270 742
270 747
270 749
270 754
270 762
270 768
270 769
270 776
270 788
270 803
270 819
270 824
270 829
270 836
270 837
270 857
270 861
270 866
270 879
270 884
271 63
271 352
271 654
273 34
273 42
273 65
273 84
273 153
273 217
273 242
273 252
273 284
273 355
273 491
273 520
273 643
273 659
273 671
273 679
273 735
273 754
273 815
273 817
273 842
273 891
277 113
277 212
277 260
277 263
277 406
277 430
277 594
277 710
277 729
277 744
277 818
277 870
278 33
278 351
278 536
278 605
278 746
283 598
288 238
288 552
293 458
295 117
295 159
297 124
301 77
305 16
305 109
305 241
305 283
305 306
305 598
305 615
305 669
305 796
305 887
309 517
314 109
314 384
314 669
314 887
319 55
319 246
319 396
320 89
320 230
320 596
326 665
329 737
330 262
330 374
331 57
335 9
335 92
335 220
335 518
335 524
335 576
335 583
335 635
335 649
335 700
335 749
335 750
335 861
337 23
339 774
341 29
341 75
341 400
341 415
341 554
341 709
341 853
341 863
342 376
344 90
344 252
344 258
344 259
344 306
344 313
344 365
344 385
344 397
344 455
344 535
344 563
344 645
344 686
344 719
344 797
344 834
344 875
344 893
345 689
347 8
347 9
347 17
347 34
347 61
347 70
347 75
347 92
347 113
347 114
347 116
347 140
347 149
347 170
347 179
347 220
347 258
347 272
347 283
347 324
347 335
347 360
347 388
347 423
347 441
347 454
347 472
347 486
347 518
347 524
347 536
347 572
347 576
347 583
347 587
347 589
347 598
347 634
347 635
347 639
347 649
347 664
347 690
347 700
347 713
347 718
347 719
347 735
347 737
347 747
347 749
347 750
347 764
347 769
347 776
347 819
347 835
347 838
347 861
347 866
349 441
353 149
353 223
353 368
353 615
356 83
356 121
356 193
356 215
356 254
356 308
356 359
356 407
356 511
356 533
356 595
356 621
356 705
356 718
356 743
357 109
357 256
357 314
357 369
357 384
357 669
357 871
357 878
357 887
361 548
361 728
361 816
363 9
363 69
363 77
363 92
363 138
363 160
363 166
363 217
363 220
363 245
363 275
363 301
363 335
363 340
363 451
363 459
363 497
363 518
363 524
363 534
363 576
363 583
363 590
363 635
363 649
363 700
363 749
363 750
363 760
363 771
363 803
363 829
363 861
364 8
364 29
364 75
364 415
364 613
364 709
364 766
364 797
365 306
365 719
366 241
366 486
366 498
366 796
366 819
366 887
368 615
372 11
372 508
372 542
372 631
372 706
372 716
375 502
375 720
375 760
375 764
375 794
377 281
381 628
382 2
382 6
382 16
382 26
382 29
382 41
382 49
382 50
382 58
382 59
382 60
382 76
382 102
382 109
382 114
382 118
382 128
382 149
382 151
382 154
382 165
382 188
382 218
382 223
382 238
382 241
382 256
382 258
382 283
382 284
382 287
382 299
382 305
382 306
382 314
382 316
382 351
382 353
382 355
382 357
382 360
382 366
382 368
382 369
382 384
382 386
382 389
382 407
382 418
382 423
382 436
382 440
382 454
382 486
382 498
382 511
382 518
382 528
382 535
382 552
382 571
382 576
382 589
382 598
382 607
382 613
382 615
382 635
382 639
382 647
382 661
382 669
382 680
382 684
382 692
382 696
382 709
382 716
382 723
382 729
382 739
382 749
382 753
382 759
382 761
382 789
382 796
382 816
382 819
382 843
382 856
382 871
382 874
382 875
382 878
382 887
382 893
382 895
385 645
386 2
386 16
386 26
386 29
386 76
386 109
386 114
386 149
386 154
386 165
386 223
386 238
386 241
386 283
386 284
386 287
386 305
386 306
386 314
386 316
386 351
386 353
386 366
386 368
386 384
386 407
386 418
386 423
386 440
386 486
386 498
386 511
386 528
386 535
386 571
386 576
386 589
386 598
386 615
386 639
386 669
386 684
386 709
386 729
386 749
386 759
386 796
386 816
386 819
386 875
386 887
390 150
390 166
390 275
390 325
390 435
390 657
390 719
390 824
391 13
391 124
391 297
392 367
392 826
393 93
396 55
398 131
399 622
402 37
402 172
403 806
404 634
410 39
410 73
410 77
410 88
410 94
410 135
410 162
410 179
410 241
410 242
410 312
410 325
410 387
410 486
410 498
410 526
410 608
410 727
410 734
410 796
410 867
410 870
410 881
410 899
412 820
415 29
415 75
415 709
417 603
420 79
420 414
420 854
422 16
422 29
422 98
422 162
422 214
422 248
422 262
422 308
422 333
422 349
422 371
422 408
422 435
422 441
422 472
422 581
422 625
422 722
422 727
422 742
422 811
422 833
422 853
422 863
422 864
422 881
423 114
423 149
423 283
423 486
423 576
423 589
423 598
423 639
423 749
423 819
429 662
430 818
431 5
431 93
431 222
431 393
431 525
431 707
431 753
438 279
438 693
439 138
439 163
439 223
439 228
439 318
439 333
439 359
439 387
439 551
439 615
439 619
439 818
439 867
440 16
440 26
440 109
440 241
440 283
440 305
440 306
440 314
440 368
440 384
440 418
440 511
440 535
440 589
440 598
440 615
440 669
440 749
440 796
440 887
444 32
444 51
444 130
444 138
444 149
444 150
444 163
444 215
444 223
444 228
444 257
444 318
444 333
444 353
444 359
444 368
444 387
444 394
444 400
444 430
444 439
444 455
444 481
444 488
444 540
444 544
444 551
444 615
444 619
444 818
444 825
444 840
444 866
444 867
445 11
445 16
445 29
445 75
445 374
445 415
445 441
445 472
445 594
445 684
445 709
445 833
445 847
445 861
445 876
447 14
447 102
447 211
447 231
447 695
447 732
447 788
447 888
448 199
448 385
448 645
448 785
451 138
451 750
454 360
454 518
459 69
459 77
459 138
459 160
459 275
459 301
459 524
459 829
463 75
463 249
463 349
463 435
463 441
463 472
463 534
463 590
463 722
463 742
463 824
463 861
464 74
464 206
464 480
464 883
470 430
470 818
472 441
477 59
477 196
477 567
477 822
488 150
488 455
488 551
490 118
490 889
491 65
492 21
493 52
494 786
496 133
496 170
496 181
496 397
496 499
496 672
496 676
496 759
496 876
497 92
498 241
501 159
502 720
505 3
505 16
505 29
505 33
505 39
505 44
505 55
505 62
505 63
505 69
505 72
505 73
505 76
505 77
505 83
505 84
505 86
505 88
505 93
505 94
505 97
505 98
505 104
505 107
505 109
505 110
505 114
505 117
505 121
505 124
505 134
505 135
505 138
505 140
505 141
505 148
505 160
505 162
505 163
505 165
505 172
505 179
505 181
505 185
505 187
505 191
505 194
505 195
505 196
505 200
505 209
505 212
505 214
505 223
505 226
505 227
505 228
505 233
505 240
505 241
505 242
505 246
505 248
505 251
505 253
505 254
505 260
505 262
505 264
505 275
505 276
505 283
505 286
505 291
505 293
505 296
505 301
505 303
505 305
505 306
505 307
505 308
505 310
505 311
505 312
505 318
505 319
505 323
505 325
505 326
505 332
505 333
505 349
505 358
505 359
505 361
505 365
505 366
505 371
505 387
505 388
505 393
505 396
505 399
505 407
505 408
505 410
505 422
505 427
505 435
505 439
505 441
505 458
505 459
505 460
505 465
505 467
505 472
505 486
505 498
505 499
505 506
505 517
505 522
505 524
505 526
505 548
505 551
505 560
505 569
505 573
505 575
505 581
505 595
505 596
505 598
505 600
505 604
505 608
505 615
505 619
505 622
505 625
505 632
505 633
505 639
505 648
505 657
505 664
505 665
505 669
505 671
505 687
505 693
505 705
505 708
505 710
505 718
505 719
505 720
505 722
505 726
505 727
505 728
505 731
505 734
505 736
505 742
505 744
505 751
505 759
505 762
505 763
505 768
505 770
505 784
505 792
505 793
505 796
505 811
505 815
505 816
505 817
505 818
505 819
505 820
505 826
505 829
505 833
505 836
505 839
505 848
505 853
505 854
505 863
505 864
505 867
505 870
505 872
505 879
505 881
505 882
505 885
505 886
505 887
505 888
505 899
505 900
508 11
508 716
509 54
509 489
510 311
513 28
513 32
513 51
513 65
513 70
513 103
513 105
513 130
513 138
513 149
513 150
513 163
513 178
513 201
513 215
513 218
513 223
513 228
513 229
513 231
513 257
513 280
513 318
513 333
513 353
513 359
513 368
513 370
513 387
513 394
513 400
513 430
513 439
513 444
513 451
513 455
513 456
513 470
513 481
513 488
513 491
513 495
513 519
513 540
513 544
513 551
513 559
513 563
513 615
513 617
513 619
513 629
513 631
513 644
513 666
513 672
513 682
513 703
513 738
513 739
513 750
513 752
513 818
513 821
513 825
513 830
513 840
513 849
513 858
513 866
513 867
513 893
513 895
516 142
519 825
522 560
523 143
526 77
526 179
526 312
526 325
526 486
528 76
531 632
532 133
532 181
532 187
532 214
532 232
532 281
532 499
532 540
532 714
532 759
532 876
533 254
533 718
534 590
534 861
535 306
537 680
538 57
538 122
538 331
538 362
538 475
538 731
541 89
541 230
541 320
541 555
541 596
541 741
541 800
543 8
543 29
543 64
543 75
543 136
543 145
543 341
543 364
543 400
543 415
543 434
543 554
543 613
543 709
543 766
543 797
543 849
543 853
543 863
544 318
544 481
544 619
545 90
545 150
545 166
545 194
545 232
545 260
545 275
545 306
545 325
545 326
545 365
545 371
545 378
545 390
545 435
545 455
545 488
545 506
545 535
545 551
545 636
545 645
545 657
545 665
545 671
545 689
545 719
545 785
545 824
545 834
545 864
545 872
545 875
545 900
548 816
550 467
550 504
552 238
554 853
557 20
557 90
557 91
557 150
557 161
557 166
557 194
557 199
557 224
557 229
557 232
557 252
557 258
557 259
557 260
557 265
557 275
557 306
557 313
557 325
557 326
557 344
557 345
557 365
557 371
557 378
557 385
557 390
557 395
557 397
557 405
557 435
557 448
557 455
557 474
557 475
557 488
557 506
557 535
557 542
557 545
557 551
557 563
557 599
557 617
557 636
557 645
557 657
557 665
557 670
557 671
557 674
557 675
557 686
557 689
557 719
557 745
557 755
557 778
557 785
557 797
557 800
557 801
557 824
557 834
557 844
557 864
557 872
557 875
557 893
557 900
558 199
558 253
558 572
558 583
558 629
558 655
558 664
558 762
558 835
562 409
562 865
563 455
563 893
565 118
565 461
565 490
565 633
565 763
565 889
566 131
566 246
570 408
570 756
570 794
571 165
572 664
573 98
573 736
576 749
577 55
577 131
577 176
577 246
577 319
577 396
577 398
577 566
577 599
577 624
577 837
579 2
579 9
579 11
579 16
579 24
579 26
579 29
579 32
579 33
579 34
579 39
579 44
579 61
579 62
579 75
579 76
579 84
579 89
579 90
579 109
579 113
579 114
579 115
579 133
579 140
579 141
579 142
579 149
579 153
579 154
579 156
579 159
579 165
579 179
579 181
579 200
579 211
579 223
579 238
579 241
579 246
579 283
579 284
579 287
579 296
579 305
579 306
579 307
579 309
579 314
579 316
579 327
579 351
579 353
579 365
579 366
579 367
579 368
579 374
579 384
579 386
579 388
579 407
579 412
579 415
579 416
579 418
579 423
579 426
579 427
579 440
579 441
579 445
579 455
579 458
579 472
579 480
579 481
579 485
579 486
579 498
579 499
579 511
579 514
579 517
579 524
579 525
579 528
579 535
579 539
579 548
579 571
579 572
579 576
579 589
579 593
579 594
579 595
579 598
579 600
579 615
579 618
579 621
579 622
579 639
579 645
579 652
579 654
579 662
579 664
579 669
579 684
579 687
579 705
579 709
579 718
579 719
579 729
579 740
579 746
579 747
579 749
579 759
579 769
579 776
579 796
579 815
579 816
579 817
579 819
579 820
579 833
579 834
579 840
579 846
579 847
579 861
579 866
579 875
579 876
579 887
579 889
580 98
580 476
580 898
582 8
582 17
582 54
582 64
582 70
582 75
582 220
582 249
582 349
582 360
582 435
582 441
582 454
582 463
582 472
582 503
582 518
582 534
582 590
582 614
582 655
582 698
582 706
582 722
582 742
582 771
582 794
582 824
582 858
582 861
584 458
584 607
587 747
588 726
589 283
589 598
589 749
592 514
592 661
593 600
595 407
595 705
595 718
602 637
609 116
611 4
611 11
611 26
611 86
611 90
611 140
611 203
611 240
611 251
611 326
611 406
611 546
611 608
611 636
611 665
611 708
611 743
611 776
611 840
611 886
612 286
613 29
613 709
616 207
617 150
617 229
617 455
617 488
617 551
617 563
617 893
619 318
621 407
621 511
621 595
621 705
621 718
625 833
627 87
630 775
635 749
636 90
636 326
636 665
639 114
639 283
639 486
639 598
639 819
642 97
642 142
644 70
644 138
644 149
644 150
644 163
644 229
644 280
644 451
644 629
644 750
644 858
644 866
647 6
647 165
647 436
647 571
651 239
651 556
657 325
663 374
663 436
666 280
666 631
666 840
667 412
667 820
669 887
675 371
675 395
675 435
675 542
675 778
675 797
675 824
675 864
676 876
678 168
678 276
678 587
678 747
681 44
681 299
682 215
682 359
682 495
684 16
684 29
684 709
686 90
687 141
688 416
688 569
690 92
690 140
690 776
692 16
692 29
692 256
692 360
692 369
692 436
692 454
692 518
692 613
692 684
692 709
692 716
692 789
692 895
695 211
695 788
695 888
696 816
696 856
697 515
702 197
702 225
702 522
702 537
702 560
702 680
709 29
710 870
712 249
712 625
712 833
712 847
713 17
713 388
713 700
715 233
715 485
717 164
717 581
721 2
721 98
721 573
721 736
721 825
721 898
722 349
722 435
722 441
722 472
722 742
725 50
725 76
725 528
725 559
725 764
727 881
732 102
732 211
734 88
734 312
734 727
734 881
734 899
735 34
738 70
738 895
739 149
739 218
739 223
739 353
739 368
739 615
739 893
739 895
741 89
742 349
742 441
744 212
744 260
744 710
744 818
744 870
746 33
746 351
751 465
754 34
755 150
755 166
755 199
755 229
755 258
755 275
755 325
755 390
755 405
755 435
755 657
755 674
755 719
755 824
756 408
758 286
758 529
758 606
758 612
761 188
761 729
762 253
762 664
763 633
765 8
765 11
765 14
765 16
765 17
765 18
765 23
765 29
765 36
765 54
765 64
765 70
765 74
765 75
765 95
765 98
765 131
765 136
765 145
765 162
765 164
765 174
765 214
765 220
765 248
765 249
765 256
765 261
765 262
765 263
765 269
765 285
765 290
765 308
765 330
765 333
765 334
765 337
765 341
765 349
765 360
765 362
765 364
765 369
765 371
765 372
765 374
765 395
765 398
765 400
765 408
765 415
765 417
765 422
765 434
765 435
765 436
765 441
765 445
765 454
765 463
765 472
765 476
765 478
765 489
765 503
765 508
765 509
765 518
765 534
765 542
765 543
765 554
765 555
765 567
765 570
765 580
765 581
765 582
765 590
765 594
765 603
765 605
765 613
765 614
765 623
765 625
765 631
765 655
765 659
765 663
765 668
765 675
765 676
765 684
765 692
765 698
765 706
765 707
765 709
765 712
765 716
765 717
765 722
765 727
765 738
765 742
765 748
765 756
765 766
765 771
765 772
765 778
765 782
765 789
765 794
765 797
765 811
765 814
765 824
765 832
765 833
765 841
765 842
765 847
765 849
765 850
765 852
765 853
765 858
765 859
765 861
765 863
765 864
765 865
765 876
765 881
765 892
765 895
765 898
768 69
768 77
768 114
768 134
768 138
768 140
768 160
768 163
768 179
768 191
768 212
768 251
768 253
768 254
768 275
768 276
768 283
768 301
768 312
768 325
768 349
768 388
768 435
768 441
768 459
768 460
768 472
768 486
768 524
768 526
768 598
768 639
768 657
768 664
768 708
768 718
768 719
768 720
768 722
768 728
768 742
768 762
768 819
768 829
768 836
768 879
770 3
770 307
771 590
772 263
772 503
772 594
772 892
773 272
773 327
776 140
777 701
781 17
781 51
781 69
781 71
781 78
781 135
781 136
781 154
781 158
781 191
781 194
781 200
781 243
781 249
781 281
781 343
781 377
781 388
781 405
781 418
781 520
781 531
781 539
781 624
781 625
781 632
781 653
781 656
781 658
781 700
781 712
781 713
781 778
781 782
781 789
781 803
781 833
781 847
781 848
781 859
781 871
781 877
781 879
781 885
782 17
782 136
782 249
782 625
782 712
782 778
782 789
782 833
782 847
782 859
784 427
784 793
785 645
787 473
790 413
792 358
796 241
801 313
803 69
805 12
805 575
805 831
807 46
807 104
807 141
807 164
807 168
807 257
807 276
807 316
807 437
807 581
807 587
807 658
807 678
807 687
807 717
807 747
807 821
808 4
808 11
808 26
808 41
808 46
808 86
808 90
808 92
808 140
808 157
808 167
808 203
808 205
808 240
808 247
808 251
808 280
808 326
808 354
808 372
808 373
808 406
808 452
808 497
808 508
808 542
808 546
808 608
808 611
808 631
808 636
808 665
808 666
808 674
808 686
808 690
808 699
808 706
808 708
808 716
808 743
808 776
808 840
808 855
808 878
808 886
814 668
815 84
815 817
819 486
821 257
824 435
828 61
828 130
828 226
828 287
828 811
830 28
830 218
830 318
830 481
830 544
830 619
834 90
834 306
834 365
834 455
834 535
834 645
834 719
834 875
835 572
835 583
835 664
838 769
839 73
839 165
839 253
839 262
839 296
839 632
839 664
839 762
842 659
844 378
845 227
847 833
848 69
848 135
848 191
848 194
848 200
848 388
848 625
848 632
848 833
848 879
848 885
849 400
852 214
852 614
852 676
852 876
855 4
855 92
855 140
855 251
855 280
855 497
855 674
855 690
855 706
855 708
855 776
858 70
859 17
859 789
859 833
859 847
860 367
860 389
860 392
860 826
863 29
863 853
864 371
864 435
866 149
867 387
872 506
873 71
873 113
873 167
873 188
873 205
873 212
873 243
873 259
873 260
873 263
873 277
873 304
873 406
873 430
873 470
873 503
873 547
873 594
873 673
873 677
873 710
873 711
873 729
873 744
873 761
873 772
873 818
873 851
873 870
873 892
875 306
875 535
877 539
879 191
885 135
885 191
885 194
885 200
885 879
886 608
891 34
891 65
891 84
891 153
891 252
891 284
891 355
891 659
891 735
891 815
891 817
892 594
894 309
894 517
894 603
898 98
899 88
900 194
900 260
900 275
900 306
900 325
900 326
900 365
900 371
900 435
900 506
900 551
900 657
900 665
900 671
900 719
900 864
900 872
