400 1397
378 24
378 124
378 167
2 27
2 115
2 328
3 195
6 33
6 134
6 189
6 248
6 336
8 50
8 281
9 232
9 289
9 293
19 141
19 217
19 257
24 124
30 237
30 315
31 71
32 259
32 294
36 40
36 93
36 389
41 118
43 217
43 231
43 280
43 335
43 346
45 20
45 47
45 48
45 63
45 90
45 99
45 112
45 146
45 246
45 296
45 305
45 350
45 353
45 387
49 24
49 34
49 124
50 281
51 16
51 147
51 158
51 186
51 219
51 324
51 345
51 349
51 383
56 110
56 117
56 122
56 382
57 384
60 3
60 4
60 5
60 8
60 9
60 10
60 11
60 12
60 23
60 32
60 39
60 40
60 41
60 50
60 53
60 58
60 65
60 68
60 74
60 78
60 79
60 80
60 93
60 95
60 100
60 109
60 114
60 115
60 117
60 118
60 124
60 130
60 132
60 133
60 134
60 136
60 139
60 141
60 147
60 150
60 154
60 161
60 168
60 170
60 172
60 178
60 184
60 185
60 186
60 187
60 195
60 200
60 202
60 205
60 209
60 214
60 221
60 228
60 231
60 232
60 239
60 242
60 248
60 254
60 257
60 259
60 261
60 266
60 274
60 275
60 276
60 277
60 278
60 279
60 280
60 281
60 282
60 289
60 290
60 292
60 293
60 294
60 296
60 299
60 301
60 304
60 309
60 310
60 313
60 314
60 331
60 333
60 336
60 338
60 341
60 345
60 347
60 348
60 349
60 364
60 365
60 377
60 384
60 393
60 394
60 395
60 396
61 211
62 29
62 85
62 188
62 277
62 331
62 388
62 394
64 251
65 266
69 15
69 20
69 52
69 67
69 175
69 215
69 314
69 367
69 369
69 379
69 389
74 109
74 130
74 185
74 301
74 377
74 393
76 135
76 178
76 209
76 287
76 389
77 229
77 256
78 3
78 23
78 32
78 39
78 68
78 80
78 124
78 147
78 170
78 185
78 195
78 200
78 205
78 231
78 259
78 266
78 274
78 275
78 276
78 277
78 278
78 279
78 280
78 289
78 294
78 296
78 299
78 304
78 313
78 333
78 336
78 347
78 348
79 161
79 313
80 68
80 304
84 26
85 277
86 254
91 12
91 14
91 32
91 35
91 52
91 53
91 67
91 86
91 108
91 109
91 121
91 132
91 133
91 135
91 178
91 209
91 210
91 211
91 214
91 215
91 249
91 254
91 259
91 260
91 273
91 282
91 283
91 294
91 314
91 335
91 339
91 369
91 389
92 54
93 40
94 39
94 44
94 138
94 200
97 5
101 320
102 13
102 38
102 95
102 142
104 335
105 169
105 179
105 322
105 348
108 259
112 246
112 296
112 387
121 14
121 32
121 52
121 108
121 215
121 249
121 259
121 294
121 335
123 267
123 283
127 39
127 44
127 63
127 94
127 138
127 164
127 200
127 297
127 304
127 319
127 347
127 375
131 143
132 53
132 133
134 248
134 336
135 178
135 209
135 389
137 25
137 54
137 267
145 334
146 90
149 154
149 308
150 221
151 4
151 309
152 313
153 144
159 173
160 157
160 266
160 351
168 3
168 4
168 8
168 9
168 23
168 39
168 40
168 41
168 50
168 53
168 68
168 79
168 80
168 95
168 100
168 114
168 118
168 130
168 132
168 133
168 141
168 150
168 161
168 170
168 172
168 178
168 186
168 195
168 202
168 221
168 232
168 239
168 242
168 248
168 254
168 266
168 278
168 280
168 281
168 289
168 290
168 292
168 293
168 296
168 299
168 301
168 304
168 313
168 331
168 333
168 349
168 364
168 365
168 377
168 396
170 39
170 68
170 80
170 299
170 304
172 114
172 254
179 169
182 247
182 341
182 364
183 15
183 67
183 108
183 133
183 259
183 282
183 339
183 340
184 12
184 141
184 231
184 239
184 242
184 257
184 280
186 349
187 5
187 114
187 124
187 172
187 254
190 155
190 295
190 298
199 79
199 152
199 161
199 211
199 313
199 398
200 39
204 4
204 9
204 10
204 19
204 36
204 40
204 52
204 67
204 90
204 93
204 112
204 141
204 142
204 151
204 167
204 188
204 205
204 215
204 217
204 232
204 246
204 257
204 275
204 289
204 293
204 296
204 299
204 305
204 309
204 314
204 366
204 369
204 387
204 389
204 393
205 299
208 398
209 178
210 12
210 335
213 12
213 19
213 43
213 141
213 173
213 184
213 210
213 217
213 231
213 239
213 242
213 257
213 280
213 335
213 346
213 361
215 52
216 35
216 351
219 147
223 14
223 120
223 164
223 226
223 276
223 278
224 139
226 14
227 10
227 169
227 202
227 261
227 273
227 322
227 348
231 280
234 11
240 106
240 228
242 239
244 395
245 3
245 144
245 195
245 274
245 279
245 375
249 52
249 294
250 201
257 141
261 10
261 202
261 348
262 185
264 378
264 24
264 34
264 49
264 124
264 167
264 177
264 329
264 385
270 297
270 346
271 100
271 310
272 399
274 3
274 195
274 279
275 205
275 289
275 296
275 299
282 133
282 259
284 378
284 3
284 13
284 14
284 15
284 20
284 23
284 24
284 25
284 27
284 28
284 32
284 34
284 37
284 38
284 39
284 43
284 44
284 49
284 52
284 54
284 63
284 68
284 75
284 78
284 80
284 85
284 94
284 104
284 105
284 106
284 108
284 112
284 120
284 121
284 122
284 124
284 126
284 127
284 137
284 138
284 140
284 144
284 147
284 152
284 156
284 157
284 158
284 160
284 163
284 164
284 167
284 169
284 170
284 171
284 177
284 179
284 185
284 195
284 200
284 201
284 205
284 215
284 217
284 218
284 219
284 222
284 223
284 226
284 231
284 236
284 241
284 245
284 246
284 249
284 256
284 259
284 262
284 264
284 266
284 267
284 270
284 274
284 275
284 276
284 277
284 278
284 279
284 280
284 287
284 289
284 294
284 295
284 296
284 297
284 298
284 299
284 302
284 304
284 308
284 312
284 313
284 315
284 319
284 322
284 326
284 329
284 330
284 333
284 335
284 336
284 340
284 346
284 347
284 348
284 350
284 351
284 357
284 358
284 366
284 367
284 371
284 375
284 385
284 387
284 388
284 391
286 59
286 61
286 79
286 152
286 161
286 199
286 208
286 211
286 218
286 306
286 313
286 326
286 398
288 72
288 81
288 171
288 260
288 391
290 8
290 9
290 23
290 41
290 50
290 53
290 68
290 80
290 114
290 118
290 130
290 132
290 133
290 150
290 161
290 195
290 202
290 221
290 232
290 239
290 242
290 281
290 289
290 292
290 293
290 301
290 304
290 333
290 349
290 365
291 100
291 156
291 265
291 271
291 310
292 8
292 23
292 50
292 53
292 118
292 232
292 281
293 232
301 130
302 34
302 52
302 63
302 138
302 163
302 205
302 246
302 299
302 366
305 90
305 112
305 246
305 296
305 387
309 4
310 100
312 185
312 256
312 262
312 357
316 149
316 154
316 220
316 308
317 4
317 14
317 120
317 150
317 151
317 159
317 164
317 173
317 181
317 192
317 214
317 221
317 223
317 226
317 253
317 276
317 278
317 300
317 306
317 309
317 353
317 355
317 379
317 383
317 390
319 375
321 28
321 96
322 169
322 348
327 12
327 19
327 43
327 55
327 72
327 104
327 141
327 159
327 173
327 175
327 184
327 210
327 213
327 217
327 222
327 231
327 239
327 242
327 257
327 269
327 270
327 280
327 297
327 335
327 344
327 346
327 359
327 361
328 115
330 52
330 249
330 294
333 23
333 68
333 80
333 195
333 289
333 304
340 15
340 108
340 259
341 364
343 35
343 64
343 65
343 89
343 157
343 160
343 216
343 251
343 266
343 344
343 351
343 370
343 390
345 147
345 186
345 349
347 39
347 200
347 304
350 20
350 63
350 112
350 246
350 296
350 387
352 128
352 400
359 19
359 141
359 175
359 217
359 257
360 139
360 224
360 332
362 378
362 5
362 24
362 86
362 90
362 97
362 114
362 124
362 167
362 172
362 187
362 230
362 251
362 253
362 254
365 8
365 23
365 41
365 50
365 53
365 68
365 118
365 130
365 221
365 232
365 239
365 281
365 292
365 293
366 52
366 205
366 246
366 299
367 15
367 20
367 52
367 215
369 52
369 67
369 215
369 314
369 389
370 89
373 12
373 14
373 15
373 20
373 32
373 35
373 52
373 53
373 61
373 67
373 69
373 76
373 86
373 91
373 96
373 104
373 108
373 109
373 110
373 121
373 132
373 133
373 135
373 175
373 178
373 183
373 209
373 210
373 211
373 214
373 215
373 216
373 226
373 247
373 249
373 254
373 258
373 259
373 260
373 265
373 273
373 282
373 283
373 287
373 294
373 314
373 330
373 335
373 339
373 340
373 351
373 357
373 367
373 369
373 379
373 389
377 130
377 301
1 378
1 2
1 3
1 4
1 5
1 6
1 7
1 8
1 9
1 10
1 11
1 12
1 13
1 14
1 15
1 16
1 17
1 18
1 19
1 20
1 21
1 22
1 23
1 24
1 25
1 26
1 27
1 28
1 29
1 30
1 31
1 32
1 33
1 34
1 35
1 36
1 37
1 38
1 39
1 40
1 41
1 42
1 43
1 44
1 45
1 46
1 47
1 48
1 49
1 50
1 51
1 52
1 53
1 54
1 55
1 56
1 57
1 58
1 59
1 60
1 61
1 62
1 63
1 64
1 65
1 66
1 67
1 68
1 69
1 70
1 71
1 72
1 73
1 74
1 75
1 76
1 77
1 78
1 79
1 80
1 81
1 82
1 83
1 84
1 85
1 86
1 87
1 88
1 89
1 90
1 91
1 92
1 93
1 94
1 95
1 96
1 97
1 98
1 99
1 100
1 101
1 102
1 103
1 104
1 105
1 106
1 107
1 108
1 109
1 110
1 111
1 112
1 113
1 114
1 115
1 116
1 117
1 118
1 119
1 120
1 121
1 122
1 123
1 124
1 125
1 126
1 127
1 128
1 129
1 130
1 131
1 132
1 133
1 134
1 135
1 136
1 137
1 138
1 139
1 140
1 141
1 142
1 143
1 144
1 145
1 146
1 147
1 148
1 149
1 150
1 151
1 152
1 153
1 154
1 155
1 156
1 157
1 158
1 159
1 160
1 161
1 162
1 163
1 164
1 165
1 166
1 167
1 168
1 169
1 170
1 171
1 172
1 173
1 174
1 175
1 176
1 177
1 178
1 179
1 180
1 181
1 182
1 183
1 184
1 185
1 186
1 187
1 188
1 189
1 190
1 191
1 192
1 193
1 194
1 195
1 196
1 197
1 198
1 199
1 200
1 201
1 202
1 203
1 204
1 205
1 206
1 207
1 208
1 209
1 210
1 211
1 212
1 213
1 214
1 215
1 216
1 217
1 218
1 219
1 220
1 221
1 222
1 223
1 224
1 225
1 226
1 227
1 228
1 229
1 230
1 231
1 232
1 233
1 234
1 235
1 236
1 237
1 238
1 239
1 240
1 241
1 242
1 243
1 244
1 245
1 246
1 247
1 248
1 249
1 250
1 251
1 252
1 253
1 254
1 255
1 256
1 257
1 258
1 259
1 260
1 261
1 262
1 263
1 264
1 265
1 266
1 267
1 268
1 269
1 270
1 271
1 272
1 273
1 274
1 275
1 276
1 277
1 278
1 279
1 280
1 281
1 282
1 283
1 284
1 285
1 286
1 287
1 288
1 289
1 290
1 291
1 292
1 293
1 294
1 295
1 296
1 297
1 298
1 299
1 300
1 301
1 302
1 303
1 304
1 305
1 306
1 307
1 308
1 309
1 310
1 311
1 312
1 313
1 314
1 315
1 316
1 317
1 318
1 319
1 320
1 321
1 322
1 323
1 324
1 325
1 326
1 327
1 328
1 329
1 330
1 331
1 332
1 333
1 334
1 335
1 336
1 337
1 338
1 339
1 340
1 341
1 342
1 343
1 344
1 345
1 346
1 347
1 348
1 349
1 350
1 351
1 352
1 353
1 354
1 355
1 356
1 357
1 358
1 359
1 360
1 361
1 362
1 363
1 364
1 365
1 366
1 367
1 368
1 369
1 370
1 371
1 372
1 373
1 374
1 375
1 376
1 377
1 379
1 380
1 381
1 382
1 383
1 384
1 385
1 386
1 387
1 388
1 389
1 390
1 391
1 392
1 393
1 394
1 395
1 396
1 397
1 398
1 399
1 400
381 136
382 117
382 122
385 34
385 167
394 277
394 331
396 3
396 40
396 41
396 118
396 178
396 195
