500 1412
3 35
5 424
7 155
7 363
7 452
8 470
12 169
12 270
12 376
14 24
14 73
14 337
19 352
19 495
21 2
21 20
21 24
21 35
21 59
21 84
21 87
21 106
21 111
21 125
21 158
21 161
21 185
21 200
21 213
21 221
21 227
21 235
21 248
21 279
21 283
21 291
21 297
21 318
21 334
21 352
21 375
21 381
21 382
21 438
21 469
21 481
21 488
22 196
22 332
29 321
36 146
38 88
45 308
49 457
51 95
51 100
51 146
51 150
51 158
51 196
51 205
51 273
51 321
51 349
51 360
51 377
51 382
51 384
51 396
51 398
51 417
51 434
51 472
53 110
53 205
53 320
53 349
53 360
59 185
59 352
1 60
1 2
1 3
1 4
1 5
1 6
1 7
1 8
1 9
1 10
1 11
1 12
1 13
1 14
1 15
1 16
1 17
1 18
1 19
1 20
1 21
1 22
1 23
1 24
1 25
1 26
1 27
1 28
1 29
1 30
1 31
1 32
1 33
1 34
1 35
1 36
1 37
1 38
1 39
1 40
1 41
1 42
1 43
1 44
1 45
1 46
1 47
1 48
1 49
1 50
1 51
1 52
1 53
1 54
1 55
1 56
1 57
1 58
1 59
1 61
1 62
1 63
1 64
1 65
1 66
1 67
1 68
1 69
1 70
1 71
1 72
1 73
1 74
1 75
1 76
1 77
1 78
1 79
1 80
1 81
1 82
1 83
1 84
1 85
1 86
1 87
1 88
1 89
1 90
1 91
1 92
1 93
1 94
1 95
1 96
1 97
1 98
1 99
1 100
1 101
1 102
1 103
1 104
1 105
1 106
1 107
1 108
1 109
1 110
1 111
1 112
1 113
1 114
1 115
1 116
1 117
1 118
1 119
1 120
1 121
1 122
1 123
1 124
1 125
1 126
1 127
1 128
1 129
1 130
1 131
1 132
1 133
1 134
1 135
1 136
1 137
1 138
1 139
1 140
1 141
1 142
1 143
1 144
1 145
1 146
1 147
1 148
1 149
1 150
1 151
1 152
1 153
1 154
1 155
1 156
1 157
1 158
1 159
1 160
1 161
1 162
1 163
1 164
1 165
1 166
1 167
1 168
1 169
1 170
1 171
1 172
1 173
1 174
1 175
1 176
1 177
1 178
1 179
1 180
1 181
1 182
1 183
1 184
1 185
1 186
1 187
1 188
1 189
1 190
1 191
1 192
1 193
1 194
1 195
1 196
1 197
1 198
1 199
1 200
1 201
1 202
1 203
1 204
1 205
1 206
1 207
1 208
1 209
1 210
1 211
1 212
1 213
1 214
1 215
1 216
1 217
1 218
1 219
1 220
1 221
1 222
1 223
1 224
1 225
1 226
1 227
1 228
1 229
1 230
1 231
1 232
1 233
1 234
1 235
1 236
1 237
1 238
1 239
1 240
1 241
1 242
1 243
1 244
1 245
1 246
1 247
1 248
1 249
1 250
1 251
1 252
1 253
1 254
1 255
1 256
1 257
1 258
1 259
1 260
1 261
1 262
1 263
1 264
1 265
1 266
1 267
1 268
1 269
1 270
1 271
1 272
1 273
1 274
1 275
1 276
1 277
1 278
1 279
1 280
1 281
1 282
1 283
1 284
1 285
1 286
1 287
1 288
1 289
1 290
1 291
1 292
1 293
1 294
1 295
1 296
1 297
1 298
1 299
1 300
1 301
1 302
1 303
1 304
1 305
1 306
1 307
1 308
1 309
1 310
1 311
1 312
1 313
1 314
1 315
1 316
1 317
1 318
1 319
1 320
1 321
1 322
1 323
1 324
1 325
1 326
1 327
1 328
1 329
1 330
1 331
1 332
1 333
1 334
1 335
1 336
1 337
1 338
1 339
1 340
1 341
1 342
1 343
1 344
1 345
1 346
1 347
1 348
1 349
1 350
1 351
1 352
1 353
1 354
1 355
1 356
1 357
1 358
1 359
1 360
1 361
1 362
1 363
1 364
1 365
1 366
1 367
1 368
1 369
1 370
1 371
1 372
1 373
1 374
1 375
1 376
1 377
1 378
1 379
1 380
1 381
1 382
1 383
1 384
1 385
1 386
1 387
1 388
1 389
1 390
1 391
1 392
1 393
1 394
1 395
1 396
1 397
1 398
1 399
1 400
1 401
1 402
1 403
1 404
1 405
1 406
1 407
1 408
1 409
1 410
1 411
1 412
1 413
1 414
1 415
1 416
1 417
1 418
1 419
1 420
1 421
1 422
1 423
1 424
1 425
1 426
1 427
1 428
1 429
1 430
1 431
1 432
1 433
1 434
1 435
1 436
1 437
1 438
1 439
1 440
1 441
1 442
1 443
1 444
1 445
1 446
1 447
1 448
1 449
1 450
1 451
1 452
1 453
1 454
1 455
1 456
1 457
1 458
1 459
1 460
1 461
1 462
1 463
1 464
1 465
1 466
1 467
1 468
1 469
1 470
1 471
1 472
1 473
1 474
1 475
1 476
1 477
1 478
1 479
1 480
1 481
1 482
1 483
1 484
1 485
1 486
1 487
1 488
1 489
1 490
1 491
1 492
1 493
1 494
1 495
1 496
1 497
1 498
1 499
1 500
63 30
63 95
63 100
63 110
63 224
63 349
63 384
63 398
63 416
63 417
63 434
63 471
63 472
63 473
63 483
64 393
65 182
65 320
67 68
67 150
67 283
67 320
67 413
67 417
67 438
68 283
68 413
68 417
78 160
81 369
81 450
82 344
82 375
83 322
86 133
87 20
87 200
87 334
87 375
87 381
89 91
89 264
89 292
89 311
89 373
89 397
92 73
92 469
95 100
96 114
96 360
97 6
97 103
97 149
97 183
97 194
97 198
97 209
97 224
97 227
97 304
97 319
97 323
97 357
97 414
97 443
97 454
97 455
97 475
97 491
99 132
101 52
101 67
101 68
101 150
101 162
101 210
101 235
101 249
101 279
101 283
101 320
101 376
101 413
101 417
101 438
104 273
104 275
104 380
106 111
109 78
109 98
109 160
109 415
110 349
113 46
113 102
124 79
128 110
128 349
129 2
129 44
129 83
129 148
129 166
129 234
129 281
129 322
129 327
129 370
131 400
135 23
135 133
135 171
135 223
135 458
136 8
136 41
136 148
136 158
136 208
136 251
136 256
136 269
136 296
136 314
136 336
136 344
136 354
136 363
136 382
136 406
136 454
136 470
137 54
138 216
141 111
141 208
141 406
142 8
142 59
142 151
142 159
142 172
142 182
142 185
142 204
142 352
142 470
142 475
142 490
143 90
149 6
150 417
164 153
167 20
167 206
168 22
168 123
168 161
168 196
168 202
168 213
168 232
168 252
168 253
168 286
168 310
168 315
168 332
168 338
168 353
168 371
168 399
168 442
168 455
168 468
168 473
168 482
171 23
173 285
173 339
177 405
188 147
191 105
191 114
191 296
191 472
192 35
192 77
193 72
195 11
200 375
201 15
201 65
201 67
201 68
201 105
201 134
201 150
201 169
201 182
201 183
201 214
201 226
201 256
201 283
201 302
201 314
201 320
201 327
201 369
201 413
201 417
201 438
201 451
201 457
202 196
202 473
203 16
204 159
205 360
207 186
207 497
210 320
214 105
214 134
214 150
214 256
214 302
214 417
221 20
221 24
221 469
222 356
226 134
226 451
228 60
228 31
228 94
228 104
228 162
228 179
228 273
228 275
228 289
228 307
228 378
228 380
228 440
228 488
230 82
230 200
230 344
230 375
231 285
231 481
232 161
232 196
232 202
232 442
232 473
233 2
233 57
233 166
233 187
233 370
234 44
234 148
234 281
234 322
234 370
235 283
236 280
237 96
237 114
237 205
237 360
237 470
238 4
239 163
244 220
244 240
244 421
246 6
246 53
246 110
246 128
246 205
246 320
246 349
246 360
248 125
248 185
248 291
250 36
250 41
250 146
250 180
252 213
252 442
252 473
255 7
255 49
255 76
255 155
255 209
255 222
255 245
255 267
255 342
255 356
255 363
255 422
255 452
255 457
255 480
259 10
262 93
262 362
263 345
266 138
266 216
266 276
267 356
267 422
267 452
267 480
268 11
268 25
268 195
271 61
271 428
272 261
272 299
272 403
279 235
279 283
279 438
281 44
284 54
284 106
284 111
284 321
284 325
284 368
284 376
284 396
284 483
286 161
286 196
286 202
286 213
286 232
286 252
286 253
286 442
286 473
290 41
290 84
297 125
297 185
297 213
297 235
297 248
297 283
297 291
297 334
297 381
297 469
300 90
300 143
300 186
301 36
301 41
301 146
301 180
301 250
302 105
304 224
305 159
305 204
305 329
306 15
306 82
306 151
306 206
306 251
306 344
306 375
306 381
307 273
311 264
314 256
315 161
316 60
316 30
316 62
316 63
316 68
316 71
316 73
316 86
316 92
316 94
316 95
316 100
316 110
316 125
316 128
316 133
316 166
316 176
316 185
316 187
316 213
316 224
316 235
316 243
316 248
316 249
316 252
316 283
316 291
316 297
316 325
316 334
316 349
316 358
316 381
316 384
316 391
316 398
316 413
316 416
316 417
316 419
316 422
316 434
316 442
316 449
316 469
316 471
316 472
316 473
316 483
316 495
316 496
316 497
318 2
318 24
318 111
318 125
318 158
318 161
318 227
318 283
318 375
318 381
318 382
318 438
324 317
325 483
328 99
328 132
330 58
330 254
330 423
332 196
334 381
338 22
338 161
338 196
338 202
338 232
338 310
338 315
338 332
338 399
338 442
338 455
338 468
338 473
340 298
341 34
342 7
342 155
342 363
342 422
342 452
342 457
342 480
343 23
343 74
343 86
343 133
343 135
343 171
343 223
343 348
343 458
346 12
346 29
346 38
346 54
346 76
346 88
346 106
346 111
346 121
346 137
346 138
346 141
346 169
346 208
346 216
346 266
346 270
346 276
346 284
346 288
346 319
346 321
346 325
346 368
346 376
346 387
346 396
346 406
346 427
346 435
346 461
346 483
347 15
347 20
347 82
347 87
347 147
347 151
347 167
347 198
347 200
347 206
347 230
347 251
347 288
347 289
347 306
347 334
347 344
347 375
347 381
354 158
354 251
354 256
354 296
354 470
357 6
361 212
365 28
366 327
368 111
368 321
368 396
368 483
373 292
374 85
374 117
374 121
374 147
374 188
374 371
374 412
374 419
374 460
374 487
377 95
377 100
377 158
377 196
377 205
377 321
377 360
377 434
377 472
380 275
382 158
384 95
384 100
384 349
384 398
384 417
384 434
384 472
385 23
385 29
385 44
385 95
385 96
385 100
385 105
385 114
385 158
385 180
385 191
385 196
385 205
385 237
385 251
385 256
385 275
385 281
385 296
385 302
385 317
385 321
385 332
385 339
385 354
385 360
385 377
385 380
385 434
385 443
385 466
385 470
385 472
388 17
389 351
389 433
394 17
394 43
394 140
394 388
394 409
395 2
395 3
395 5
395 8
395 10
395 13
395 15
395 17
395 20
395 21
395 24
395 25
395 26
395 35
395 37
395 41
395 46
395 59
395 79
395 82
395 84
395 87
395 98
395 106
395 111
395 122
395 125
395 127
395 136
395 141
395 142
395 144
395 147
395 148
395 151
395 158
395 159
395 161
395 167
395 172
395 178
395 182
395 185
395 188
395 198
395 200
395 204
395 206
395 208
395 213
395 221
395 223
395 227
395 230
395 231
395 235
395 248
395 251
395 254
395 256
395 261
395 269
395 270
395 279
395 283
395 285
395 288
395 289
395 290
395 291
395 296
395 297
395 306
395 309
395 314
395 315
395 318
395 334
395 336
395 344
395 347
395 352
395 354
395 363
395 375
395 378
395 381
395 382
395 388
395 397
395 406
395 424
395 431
395 438
395 441
395 450
395 454
395 459
395 469
395 470
395 474
395 475
395 481
395 486
395 488
395 490
396 321
399 468
403 299
406 208
407 478
411 265
414 103
414 194
416 30
416 398
420 386
434 100
434 472
435 29
435 88
435 208
435 216
435 321
435 396
435 406
435 483
438 283
441 261
442 473
444 437
445 47
448 197
448 350
451 134
453 335
458 133
460 117
460 412
460 419
460 487
461 29
461 38
461 88
461 111
461 138
461 141
461 169
461 208
461 216
461 321
461 368
461 396
461 406
461 435
461 483
462 219
462 439
464 126
464 309
465 303
471 30
471 95
471 100
471 398
471 416
476 71
476 294
476 459
477 77
477 317
477 324
480 422
480 452
482 253
482 399
482 468
484 4
484 5
484 70
484 238
484 278
484 424
485 172
485 436
490 182
491 6
491 149
491 194
491 224
491 227
491 304
493 401
496 110
496 128
496 185
496 349
496 495
