600 2328
5 393
9 67
9 172
9 220
9 553
9 566
10 60
10 71
10 156
10 397
10 431
10 475
11 103
11 143
11 175
11 180
11 347
11 467
11 589
11 595
1 13
1 2
1 3
1 4
1 5
1 6
1 7
1 8
1 9
1 10
1 11
1 12
1 14
1 15
1 16
1 17
1 18
1 19
1 20
1 21
1 22
1 23
1 24
1 25
1 26
1 27
1 28
1 29
1 30
1 31
1 32
1 33
1 34
1 35
1 36
1 37
1 38
1 39
1 40
1 41
1 42
1 43
1 44
1 45
1 46
1 47
1 48
1 49
1 50
1 51
1 52
1 53
1 54
1 55
1 56
1 57
1 58
1 59
1 60
1 61
1 62
1 63
1 64
1 65
1 66
1 67
1 68
1 69
1 70
1 71
1 72
1 73
1 74
1 75
1 76
1 77
1 78
1 79
1 80
1 81
1 82
1 83
1 84
1 85
1 86
1 87
1 88
1 89
1 90
1 91
1 92
1 93
1 94
1 95
1 96
1 97
1 98
1 99
1 100
1 101
1 102
1 103
1 104
1 105
1 106
1 107
1 108
1 109
1 110
1 111
1 112
1 113
1 114
1 115
1 116
1 117
1 118
1 119
1 120
1 121
1 122
1 123
1 124
1 125
1 126
1 127
1 128
1 129
1 130
1 131
1 132
1 133
1 134
1 135
1 136
1 137
1 138
1 139
1 140
1 141
1 142
1 143
1 144
1 145
1 146
1 147
1 148
1 149
1 150
1 151
1 152
1 153
1 154
1 155
1 156
1 157
1 158
1 159
1 160
1 161
1 162
1 163
1 164
1 165
1 166
1 167
1 168
1 169
1 170
1 171
1 172
1 173
1 174
1 175
1 176
1 177
1 178
1 179
1 180
1 181
1 182
1 183
1 184
1 185
1 186
1 187
1 188
1 189
1 190
1 191
1 192
1 193
1 194
1 195
1 196
1 197
1 198
1 199
1 200
1 201
1 202
1 203
1 204
1 205
1 206
1 207
1 208
1 209
1 210
1 211
1 212
1 213
1 214
1 215
1 216
1 217
1 218
1 219
1 220
1 221
1 222
1 223
1 224
1 225
1 226
1 227
1 228
1 229
1 230
1 231
1 232
1 233
1 234
1 235
1 236
1 237
1 238
1 239
1 240
1 241
1 242
1 243
1 244
1 245
1 246
1 247
1 248
1 249
1 250
1 251
1 252
1 253
1 254
1 255
1 256
1 257
1 258
1 259
1 260
1 261
1 262
1 263
1 264
1 265
1 266
1 267
1 268
1 269
1 270
1 271
1 272
1 273
1 274
1 275
1 276
1 277
1 278
1 279
1 280
1 281
1 282
1 283
1 284
1 285
1 286
1 287
1 288
1 289
1 290
1 291
1 292
1 293
1 294
1 295
1 296
1 297
1 298
1 299
1 300
1 301
1 302
1 303
1 304
1 305
1 306
1 307
1 308
1 309
1 310
1 311
1 312
1 313
1 314
1 315
1 316
1 317
1 318
1 319
1 320
1 321
1 322
1 323
1 324
1 325
1 326
1 327
1 328
1 329
1 330
1 331
1 332
1 333
1 334
1 335
1 336
1 337
1 338
1 339
1 340
1 341
1 342
1 343
1 344
1 345
1 346
1 347
1 348
1 349
1 350
1 351
1 352
1 353
1 354
1 355
1 356
1 357
1 358
1 359
1 360
1 361
1 362
1 363
1 364
1 365
1 366
1 367
1 368
1 369
1 370
1 371
1 372
1 373
1 374
1 375
1 376
1 377
1 378
1 379
1 380
1 381
1 382
1 383
1 384
1 385
1 386
1 387
1 388
1 389
1 390
1 391
1 392
1 393
1 394
1 395
1 396
1 397
1 398
1 399
1 400
1 401
1 402
1 403
1 404
1 405
1 406
1 407
1 408
1 409
1 410
1 411
1 412
1 413
1 414
1 415
1 416
1 417
1 418
1 419
1 420
1 421
1 422
1 423
1 424
1 425
1 426
1 427
1 428
1 429
1 430
1 431
1 432
1 433
1 434
1 435
1 436
1 437
1 438
1 439
1 440
1 441
1 442
1 443
1 444
1 445
1 446
1 447
1 448
1 449
1 450
1 451
1 452
1 453
1 454
1 455
1 456
1 457
1 458
1 459
1 460
1 461
1 462
1 463
1 464
1 465
1 466
1 467
1 468
1 469
1 470
1 471
1 472
1 473
1 474
1 475
1 476
1 477
1 478
1 479
1 480
1 481
1 482
1 483
1 484
1 485
1 486
1 487
1 488
1 489
1 490
1 491
1 492
1 493
1 494
1 495
1 496
1 497
1 498
1 499
1 500
1 501
1 502
1 503
1 504
1 505
1 506
1 507
1 508
1 509
1 510
1 511
1 512
1 513
1 514
1 515
1 516
1 517
1 518
1 519
1 520
1 521
1 522
1 523
1 524
1 525
1 526
1 527
1 528
1 529
1 530
1 531
1 532
1 533
1 534
1 535
1 536
1 537
1 538
1 539
1 540
1 541
1 542
1 543
1 544
1 545
1 546
1 547
1 548
1 549
1 550
1 551
1 552
1 553
1 554
1 555
1 556
1 557
1 558
1 559
1 560
1 561
1 562
1 563
1 564
1 565
1 566
1 567
1 568
1 569
1 570
1 571
1 572
1 573
1 574
1 575
1 576
1 577
1 578
1 579
1 580
1 581
1 582
1 583
1 584
1 585
1 586
1 587
1 588
1 589
1 590
1 591
1 592
1 593
1 594
1 595
1 596
1 597
1 598
1 599
1 600
14 34
14 293
14 394
15 153
15 582
17 14
17 18
17 24
17 31
17 34
17 84
17 91
17 97
17 106
17 143
17 152
17 155
17 181
17 195
17 225
17 253
17 262
17 268
17 293
17 358
17 387
17 394
17 422
17 511
17 531
17 560
17 576
17 597
19 7
19 12
19 16
19 20
19 22
19 41
19 42
19 49
19 50
19 51
19 52
19 63
19 64
19 69
19 79
19 93
19 101
19 112
19 117
19 120
19 121
19 127
19 128
19 129
19 130
19 131
19 135
19 137
19 148
19 153
19 156
19 157
19 163
19 167
19 169
19 170
19 172
19 178
19 179
19 184
19 189
19 192
19 196
19 198
19 203
19 206
19 223
19 228
19 230
19 232
19 235
19 236
19 242
19 246
19 253
19 255
19 262
19 263
19 265
19 269
19 280
19 282
19 286
19 287
19 291
19 293
19 297
19 298
19 305
19 307
19 308
19 311
19 313
19 315
19 316
19 323
19 328
19 330
19 331
19 336
19 347
19 349
19 355
19 358
19 359
19 363
19 365
19 373
19 385
19 387
19 390
19 395
19 397
19 398
19 399
19 403
19 407
19 408
19 410
19 414
19 416
19 422
19 423
19 428
19 430
19 432
19 435
19 444
19 447
19 448
19 450
19 453
19 455
19 457
19 467
19 471
19 475
19 478
19 481
19 483
19 486
19 489
19 497
19 500
19 505
19 506
19 509
19 512
19 516
19 524
19 528
19 534
19 538
19 541
19 547
19 548
19 549
19 550
19 554
19 556
19 564
19 565
19 571
19 579
19 580
19 590
19 596
19 600
20 93
20 298
20 528
25 408
26 75
26 82
26 137
26 206
26 226
26 236
26 295
26 323
26 331
26 380
26 407
26 438
26 456
26 463
26 465
26 577
27 131
28 161
28 184
28 594
30 44
30 353
30 508
33 14
33 34
33 93
33 94
33 116
33 125
33 135
33 163
33 177
33 220
33 226
33 246
33 293
33 352
33 388
33 394
33 395
33 417
33 426
33 485
33 549
36 41
40 49
46 21
47 63
47 148
47 152
47 161
47 184
47 241
47 257
47 282
47 286
47 363
47 372
47 439
47 453
47 457
47 577
50 600
51 347
51 359
51 467
51 489
55 3
55 4
55 7
55 12
55 15
55 16
55 18
55 19
55 20
55 21
55 22
55 25
55 26
55 27
55 35
55 36
55 40
55 41
55 42
55 45
55 47
55 48
55 49
55 50
55 51
55 52
55 59
55 60
55 63
55 64
55 67
55 69
55 70
55 74
55 75
55 78
55 79
55 82
55 84
55 87
55 92
55 93
55 95
55 99
55 101
55 103
55 104
55 106
55 112
55 113
55 117
55 118
55 120
55 121
55 123
55 127
55 128
55 129
55 130
55 131
55 132
55 134
55 135
55 136
55 137
55 140
55 144
55 145
55 148
55 152
55 153
55 156
55 157
55 161
55 163
55 167
55 169
55 170
55 171
55 172
55 175
55 177
55 178
55 179
55 184
55 185
55 188
55 189
55 192
55 194
55 196
55 198
55 202
55 203
55 204
55 205
55 206
55 212
55 215
55 216
55 219
55 223
55 224
55 225
55 226
55 228
55 230
55 231
55 232
55 235
55 236
55 241
55 242
55 244
55 245
55 246
55 252
55 253
55 255
55 256
55 257
55 258
55 259
55 260
55 262
55 263
55 264
55 265
55 269
55 277
55 278
55 280
55 282
55 286
55 287
55 289
55 291
55 293
55 295
55 297
55 298
55 300
55 301
55 305
55 307
55 308
55 311
55 312
55 313
55 315
55 316
55 319
55 321
55 323
55 324
55 328
55 330
55 331
55 336
55 337
55 344
55 345
55 347
55 348
55 349
55 350
55 353
55 355
55 358
55 359
55 363
55 365
55 366
55 372
55 373
55 380
55 383
55 385
55 386
55 387
55 390
55 392
55 393
55 394
55 395
55 396
55 397
55 398
55 399
55 400
55 403
55 405
55 407
55 408
55 409
55 410
55 414
55 415
55 416
55 421
55 422
55 423
55 425
55 426
55 428
55 430
55 432
55 433
55 435
55 438
55 439
55 443
55 444
55 445
55 447
55 448
55 450
55 453
55 455
55 456
55 457
55 458
55 461
55 462
55 463
55 464
55 465
55 467
55 471
55 472
55 475
55 477
55 478
55 480
55 481
55 483
55 484
55 486
55 489
55 492
55 497
55 500
55 501
55 503
55 505
55 506
55 507
55 509
55 510
55 512
55 513
55 516
55 522
55 524
55 528
55 529
55 533
55 534
55 538
55 540
55 541
55 542
55 547
55 548
55 549
55 550
55 552
55 553
55 554
55 555
55 556
55 557
55 561
55 562
55 564
55 565
55 568
55 569
55 571
55 574
55 575
55 577
55 579
55 580
55 582
55 583
55 586
55 590
55 591
55 592
55 593
55 596
55 598
55 600
58 110
58 152
58 181
58 241
58 352
58 363
58 453
58 457
58 469
58 535
58 594
61 260
63 148
63 184
63 282
63 286
63 363
63 453
63 457
70 67
70 157
70 172
70 185
70 216
70 287
70 321
70 553
73 92
73 273
73 402
73 522
73 556
74 36
74 41
74 264
74 297
74 366
74 410
74 414
74 554
75 331
78 130
79 336
81 501
82 206
82 226
82 295
82 456
86 194
89 15
89 151
89 153
89 582
91 18
91 34
91 106
91 155
91 181
91 195
91 253
91 268
91 387
94 34
94 116
94 135
94 246
94 395
94 485
95 298
99 50
99 344
99 568
99 600
103 347
104 113
104 117
105 517
106 18
106 253
106 387
115 243
119 31
119 316
121 291
125 93
126 40
126 49
126 482
127 430
132 120
132 189
132 301
132 472
133 479
133 496
133 575
138 45
140 196
145 84
145 123
145 177
145 373
145 444
145 592
145 598
150 369
150 438
154 278
154 514
160 304
161 184
169 547
169 571
170 169
170 196
170 232
170 298
170 316
170 547
170 571
171 129
173 56
173 116
173 265
173 426
173 574
174 100
174 390
175 103
175 347
175 467
176 209
176 259
178 163
178 262
178 363
178 403
178 416
178 444
178 448
178 506
182 429
182 465
183 252
186 31
186 111
186 119
186 191
186 222
186 225
186 268
186 316
186 358
186 511
186 555
186 560
187 24
187 264
187 297
187 488
187 551
189 120
192 512
192 596
198 497
203 308
207 78
207 130
208 32
209 259
210 12
210 15
210 39
210 40
210 49
210 89
210 123
210 126
210 151
210 153
210 155
210 197
210 246
210 253
210 295
210 296
210 362
210 482
210 485
210 488
210 535
210 582
212 232
212 571
213 486
215 121
215 291
215 353
215 593
217 20
217 93
217 95
217 125
217 298
217 389
217 491
217 528
218 109
218 266
218 348
218 400
224 245
224 365
225 358
227 557
229 306
230 280
230 416
230 550
236 137
236 206
236 323
236 331
236 407
237 484
242 69
247 110
247 577
248 144
248 361
248 384
248 483
249 562
250 219
254 28
254 47
254 53
254 58
254 63
254 68
254 102
254 110
254 122
254 148
254 152
254 161
254 181
254 184
254 200
254 222
254 241
254 247
254 251
254 257
254 282
254 286
254 310
254 352
254 363
254 372
254 404
254 439
254 453
254 457
254 469
254 535
254 577
254 594
255 153
255 232
255 506
256 51
256 103
256 175
256 205
256 347
256 359
256 439
256 445
256 467
256 489
256 492
256 586
257 286
261 235
261 307
261 374
261 498
261 526
261 532
266 348
267 134
267 559
269 305
272 31
272 151
272 212
272 232
272 243
272 571
277 305
281 78
281 107
281 130
281 141
281 190
281 207
281 311
281 315
285 569
288 270
296 295
307 235
310 257
310 286
310 352
311 130
311 315
312 79
312 204
312 336
313 22
313 69
313 112
313 128
313 156
313 163
313 178
313 179
313 230
313 262
313 280
313 282
313 287
313 291
313 323
313 363
313 403
313 410
313 416
313 430
313 444
313 447
313 448
313 450
313 500
313 506
313 509
313 528
313 547
313 550
313 580
314 64
314 108
314 197
314 237
314 240
314 269
314 277
314 305
314 466
314 484
314 505
314 525
314 531
318 104
318 113
318 117
318 418
318 446
318 460
319 16
319 18
322 30
322 44
322 121
322 215
322 291
322 353
322 508
322 593
325 123
325 195
325 362
325 598
328 428
330 127
330 137
330 169
330 358
330 430
330 471
330 500
330 506
330 528
330 547
330 550
330 571
330 600
333 480
335 35
338 177
338 198
338 389
338 417
338 497
342 4
345 562
346 16
346 18
346 65
346 97
346 319
346 560
346 576
349 50
349 179
349 478
349 534
349 600
350 84
350 228
350 455
351 2
351 564
355 127
355 373
355 430
356 199
356 524
356 537
356 578
357 2
357 9
357 11
357 12
357 14
357 15
357 17
357 18
357 23
357 24
357 30
357 31
357 32
357 33
357 34
357 39
357 40
357 44
357 49
357 52
357 57
357 58
357 61
357 67
357 76
357 78
357 82
357 84
357 89
357 91
357 92
357 93
357 94
357 97
357 98
357 101
357 103
357 105
357 106
357 110
357 114
357 116
357 123
357 125
357 126
357 130
357 134
357 135
357 143
357 144
357 145
357 146
357 151
357 152
357 153
357 154
357 155
357 163
357 172
357 175
357 177
357 178
357 180
357 181
357 187
357 195
357 197
357 201
357 202
357 206
357 207
357 209
357 210
357 212
357 220
357 225
357 226
357 232
357 233
357 235
357 239
357 241
357 243
357 245
357 246
357 249
357 253
357 255
357 259
357 260
357 262
357 264
357 266
357 267
357 268
357 270
357 272
357 274
357 275
357 276
357 277
357 278
357 289
357 293
357 295
357 296
357 297
357 301
357 305
357 306
357 325
357 326
357 329
357 332
357 336
357 344
357 347
357 348
357 352
357 353
357 358
357 361
357 362
357 363
357 367
357 369
357 370
357 373
357 374
357 381
357 385
357 387
357 388
357 392
357 394
357 395
357 397
357 398
357 401
357 403
357 411
357 416
357 417
357 421
357 422
357 426
357 428
357 429
357 432
357 444
357 448
357 453
357 456
357 457
357 460
357 466
357 467
357 469
357 471
357 476
357 478
357 481
357 482
357 485
357 488
357 496
357 503
357 506
357 508
357 511
357 512
357 514
357 515
357 517
357 519
357 527
357 531
357 532
357 533
357 535
357 538
357 539
357 540
357 549
357 551
357 553
357 559
357 560
357 562
357 563
357 566
357 571
357 573
357 575
357 576
357 582
357 584
357 589
357 590
357 592
357 594
357 595
357 597
357 598
361 144
362 123
367 289
370 276
370 428
372 148
372 152
374 235
374 532
375 27
375 131
375 411
376 276
376 415
377 591
378 6
378 516
378 533
380 226
382 24
382 36
382 41
382 74
382 90
382 187
382 264
382 294
382 297
382 366
382 410
382 414
382 442
382 488
382 523
382 551
382 554
382 588
385 12
385 135
385 163
385 178
385 262
385 297
385 305
385 336
385 358
385 363
385 403
385 416
385 444
385 448
385 457
385 467
385 471
385 481
385 506
385 571
386 134
386 548
387 253
392 12
392 15
392 18
392 40
392 49
392 52
392 67
392 78
392 82
392 84
392 92
392 93
392 101
392 103
392 106
392 123
392 130
392 134
392 135
392 144
392 145
392 152
392 153
392 163
392 172
392 175
392 177
392 178
392 202
392 206
392 212
392 225
392 226
392 232
392 235
392 241
392 245
392 246
392 253
392 255
392 259
392 260
392 262
392 264
392 277
392 278
392 289
392 293
392 295
392 297
392 301
392 305
392 336
392 344
392 347
392 348
392 353
392 358
392 363
392 373
392 385
392 387
392 394
392 395
392 397
392 398
392 403
392 416
392 421
392 422
392 426
392 428
392 432
392 444
392 448
392 453
392 456
392 457
392 467
392 471
392 478
392 481
392 503
392 506
392 512
392 533
392 538
392 540
392 549
392 553
392 562
392 571
392 575
392 582
392 590
392 592
392 598
394 293
395 135
395 246
398 12
398 49
398 52
398 93
398 101
398 130
398 135
398 153
398 163
398 172
398 178
398 206
398 232
398 235
398 246
398 253
398 255
398 262
398 293
398 297
398 305
398 336
398 347
398 358
398 363
398 373
398 385
398 387
398 395
398 397
398 403
398 416
398 422
398 428
398 432
398 444
398 448
398 453
398 457
398 467
398 471
398 478
398 481
398 506
398 512
398 538
398 549
398 571
398 590
400 348
405 50
405 99
405 179
405 258
405 344
405 349
405 465
405 478
405 534
405 568
405 600
407 137
412 383
414 297
414 410
417 177
421 15
421 153
421 232
421 255
421 506
421 582
421 598
422 253
422 262
422 293
422 358
422 387
433 167
433 293
433 394
435 52
435 112
435 483
436 231
448 403
449 65
449 84
449 111
449 195
449 228
449 350
449 455
449 518
449 597
450 430
450 444
450 447
451 7
453 363
453 457
455 228
457 363
464 95
464 140
464 169
464 170
464 196
464 212
464 232
464 298
464 316
464 463
464 547
464 568
464 571
466 197
468 270
468 288
468 326
468 340
468 371
468 432
470 26
470 71
470 75
470 82
470 90
470 110
470 137
470 150
470 182
470 206
470 226
470 236
470 247
470 271
470 275
470 295
470 296
470 323
470 331
470 340
470 368
470 369
470 380
470 407
470 429
470 438
470 456
470 463
470 465
470 474
470 539
470 577
471 358
471 506
471 571
474 463
475 156
481 12
481 135
481 403
481 448
481 506
489 467
491 95
491 298
492 359
494 185
494 220
495 461
496 575
499 289
499 367
499 490
500 430
500 506
500 528
500 547
500 550
504 72
504 249
504 345
504 562
505 64
505 269
505 305
507 565
511 31
511 225
511 268
511 358
511 560
515 15
515 31
515 89
515 93
515 125
515 144
515 151
515 153
515 180
515 212
515 225
515 232
515 243
515 255
515 268
515 270
515 272
515 275
515 276
515 344
515 358
515 361
515 373
515 421
515 456
515 469
515 471
515 506
515 508
515 511
515 538
515 560
515 563
515 566
515 571
515 573
515 582
515 592
515 598
522 92
522 556
523 36
523 41
527 39
527 478
527 563
534 179
534 600
538 93
538 153
538 232
538 255
538 358
538 373
538 471
538 506
538 571
539 82
539 110
539 206
539 226
539 275
539 295
539 296
539 369
539 429
539 456
540 101
545 28
545 65
545 75
545 84
545 111
545 115
545 123
545 127
545 145
545 146
545 161
545 177
545 184
545 195
545 198
545 228
545 237
545 243
545 258
545 294
545 321
545 325
545 331
545 338
545 350
545 354
545 355
545 362
545 371
545 373
545 389
545 396
545 417
545 424
545 430
545 444
545 447
545 449
545 450
545 455
545 484
545 497
545 518
545 570
545 586
545 592
545 594
545 595
545 597
545 598
549 93
549 135
549 163
549 246
549 293
549 395
551 264
551 488
552 423
553 67
553 172
554 41
554 297
554 410
554 414
555 225
555 316
555 358
567 118
573 344
573 563
574 265
574 426
576 18
576 97
576 560
579 22
580 128
580 262
585 136
588 24
588 366
589 103
589 347
590 12
590 49
590 135
590 153
590 232
590 246
590 253
590 255
590 347
590 387
590 395
590 403
590 448
590 478
590 481
590 506
592 373
592 598
597 84
597 195
599 98
