300 879
161 53
161 238
2 282
6 135
6 188
6 286
10 110
10 133
13 164
13 229
13 230
14 19
14 48
14 81
14 97
14 122
14 139
14 148
14 206
14 227
19 97
24 39
24 80
24 236
29 42
29 184
34 85
34 166
34 240
34 267
34 287
35 9
35 59
35 126
35 247
35 282
35 300
36 57
36 113
36 174
36 265
36 299
41 46
48 206
49 39
49 62
49 73
49 75
49 85
49 89
49 228
49 236
49 290
51 37
54 285
56 7
56 138
56 157
56 245
56 281
68 12
73 89
74 20
74 24
74 39
74 58
74 72
74 80
74 83
74 89
74 111
74 143
74 151
74 191
74 206
74 215
74 236
74 240
74 274
74 284
74 289
77 223
86 7
86 8
86 9
86 16
86 18
86 23
86 24
86 26
86 30
86 31
86 34
86 35
86 38
86 39
86 41
86 46
86 47
86 49
86 50
86 56
86 59
86 61
86 62
86 64
86 69
86 70
86 73
86 75
86 80
86 81
86 82
86 85
86 89
86 93
86 94
86 97
86 98
86 99
86 100
86 102
86 103
86 104
86 105
86 109
86 110
86 113
86 114
86 117
86 126
86 129
86 135
86 137
86 138
86 139
86 140
86 148
86 151
86 157
86 164
86 166
86 170
86 171
86 172
86 173
86 175
86 188
86 189
86 197
86 199
86 214
86 218
86 219
86 223
86 225
86 227
86 228
86 230
86 232
86 236
86 239
86 240
86 242
86 243
86 245
86 247
86 248
86 252
86 261
86 267
86 269
86 270
86 281
86 282
86 285
86 287
86 288
86 290
86 292
86 300
88 9
92 105
92 111
96 23
98 24
98 31
98 39
98 73
98 80
98 89
98 105
98 151
98 230
98 236
98 240
98 247
98 290
100 114
107 12
107 34
107 60
107 68
107 72
107 85
107 141
107 142
107 155
107 166
107 178
107 202
107 209
107 240
107 259
107 267
107 284
107 287
109 38
109 138
117 129
120 94
122 48
122 81
122 206
124 4
124 12
124 13
124 15
124 17
124 20
124 22
124 24
124 31
124 39
124 42
124 46
124 48
124 49
124 58
124 60
124 62
124 68
124 72
124 73
124 74
124 75
124 77
124 80
124 81
124 83
124 85
124 89
124 92
124 98
124 101
124 105
124 111
124 122
124 129
124 132
124 143
124 146
124 151
124 155
124 158
124 164
124 166
124 167
124 177
124 178
124 188
124 191
124 202
124 203
124 206
124 215
124 223
124 228
124 229
124 230
124 236
124 239
124 240
124 246
124 247
124 266
124 269
124 274
124 280
124 283
124 284
124 289
124 290
124 291
124 299
126 59
126 247
130 15
130 146
132 20
134 103
135 188
137 239
145 69
145 78
146 15
148 139
151 80
152 4
152 171
155 12
155 72
155 178
155 240
155 284
156 270
156 280
157 281
159 30
159 123
1 161
1 2
1 3
1 4
1 5
1 6
1 7
1 8
1 9
1 10
1 11
1 12
1 13
1 14
1 15
1 16
1 17
1 18
1 19
1 20
1 21
1 22
1 23
1 24
1 25
1 26
1 27
1 28
1 29
1 30
1 31
1 32
1 33
1 34
1 35
1 36
1 37
1 38
1 39
1 40
1 41
1 42
1 43
1 44
1 45
1 46
1 47
1 48
1 49
1 50
1 51
1 52
1 53
1 54
1 55
1 56
1 57
1 58
1 59
1 60
1 61
1 62
1 63
1 64
1 65
1 66
1 67
1 68
1 69
1 70
1 71
1 72
1 73
1 74
1 75
1 76
1 77
1 78
1 79
1 80
1 81
1 82
1 83
1 84
1 85
1 86
1 87
1 88
1 89
1 90
1 91
1 92
1 93
1 94
1 95
1 96
1 97
1 98
1 99
1 100
1 101
1 102
1 103
1 104
1 105
1 106
1 107
1 108
1 109
1 110
1 111
1 112
1 113
1 114
1 115
1 116
1 117
1 118
1 119
1 120
1 121
1 122
1 123
1 124
1 125
1 126
1 127
1 128
1 129
1 130
1 131
1 132
1 133
1 134
1 135
1 136
1 137
1 138
1 139
1 140
1 141
1 142
1 143
1 144
1 145
1 146
1 147
1 148
1 149
1 150
1 151
1 152
1 153
1 154
1 155
1 156
1 157
1 158
1 159
1 160
1 162
1 163
1 164
1 165
1 166
1 167
1 168
1 169
1 170
1 171
1 172
1 173
1 174
1 175
1 176
1 177
1 178
1 179
1 180
1 181
1 182
1 183
1 184
1 185
1 186
1 187
1 188
1 189
1 190
1 191
1 192
1 193
1 194
1 195
1 196
1 197
1 198
1 199
1 200
1 201
1 202
1 203
1 204
1 205
1 206
1 207
1 208
1 209
1 210
1 211
1 212
1 213
1 214
1 215
1 216
1 217
1 218
1 219
1 220
1 221
1 222
1 223
1 224
1 225
1 226
1 227
1 228
1 229
1 230
1 231
1 232
1 233
1 234
1 235
1 236
1 237
1 238
1 239
1 240
1 241
1 242
1 243
1 244
1 245
1 246
1 247
1 248
1 249
1 250
1 251
1 252
1 253
1 254
1 255
1 256
1 257
1 258
1 259
1 260
1 261
1 262
1 263
1 264
1 265
1 266
1 267
1 268
1 269
1 270
1 271
1 272
1 273
1 274
1 275
1 276
1 277
1 278
1 279
1 280
1 281
1 282
1 283
1 284
1 285
1 286
1 287
1 288
1 289
1 290
1 291
1 292
1 293
1 294
1 295
1 296
1 297
1 298
1 299
1 300
162 4
162 32
162 152
162 171
162 196
162 242
163 8
164 230
165 61
165 71
165 177
165 182
165 199
168 7
168 82
168 108
168 142
168 166
168 178
168 185
168 243
168 284
168 287
172 170
172 197
175 7
175 38
175 56
175 59
175 64
175 80
175 82
175 97
175 99
175 104
175 109
175 117
175 129
175 138
175 151
175 157
175 166
175 170
175 243
175 245
175 252
175 281
175 287
175 300
176 16
176 20
176 41
176 46
176 104
176 112
176 115
176 121
176 132
176 279
176 293
176 298
178 284
179 2
179 3
179 32
179 37
179 38
179 51
179 60
179 75
179 79
179 92
179 102
179 105
179 109
179 111
179 115
179 138
179 147
179 154
179 158
179 200
179 214
179 219
179 229
179 232
179 255
179 263
179 282
179 294
180 18
180 45
184 42
185 142
186 70
186 291
187 173
189 164
189 230
189 292
191 39
191 143
191 215
198 119
198 141
198 170
198 172
198 197
198 200
198 207
198 217
199 61
203 129
203 266
207 141
207 197
210 108
212 3
212 15
212 125
212 130
212 146
213 193
214 75
216 13
216 44
216 131
216 164
216 189
216 229
216 230
216 292
221 202
225 31
225 269
226 67
227 81
227 139
228 62
228 73
228 89
232 75
232 138
232 214
235 209
236 39
241 6
241 93
241 135
241 188
241 204
241 250
241 261
241 286
242 171
243 7
243 82
243 166
243 287
249 87
249 153
250 286
252 82
252 117
252 129
255 60
255 102
256 5
256 26
256 31
256 37
256 51
256 83
256 99
256 201
256 202
256 221
256 225
256 251
256 268
256 269
256 276
258 167
259 12
259 68
259 142
259 267
261 93
261 135
261 188
262 90
263 154
263 219
265 113
265 299
268 5
268 99
268 201
269 31
271 58
271 137
271 140
271 181
271 194
271 209
271 235
271 239
271 297
273 13
273 44
273 64
273 108
273 118
273 119
273 131
273 164
273 189
273 194
273 210
273 216
273 229
273 230
273 292
274 24
274 39
274 72
274 80
274 143
274 191
274 215
274 236
274 289
276 31
276 37
276 83
276 201
276 202
276 225
276 269
277 100
277 114
277 246
279 16
287 166
290 39
290 73
290 89
290 236
293 104
293 121
293 298
294 79
295 22
295 59
295 300
297 58
297 137
297 209
297 239
300 59
