200 520
6 78
6 112
6 140
9 41
10 55
12 119
15 60
16 83
16 93
20 13
20 197
21 57
23 95
26 15
26 35
26 46
26 57
26 60
26 69
26 94
26 112
26 130
26 132
26 156
26 186
26 187
28 51
29 38
29 167
31 33
31 138
31 145
34 102
34 109
34 163
35 15
35 57
35 60
35 69
35 132
35 156
35 186
36 163
42 24
42 31
42 33
42 34
42 41
42 45
42 60
42 65
42 67
42 68
42 82
42 83
42 85
42 93
42 95
42 102
42 109
42 115
42 119
42 132
42 138
42 145
42 156
42 163
42 171
42 174
42 182
42 192
42 197
45 68
49 9
49 41
49 66
49 87
49 107
49 162
50 4
50 54
50 195
52 173
56 109
56 118
56 163
56 172
56 199
58 100
58 114
58 116
59 115
64 40
65 82
66 41
66 87
66 107
67 119
67 171
67 197
72 173
73 77
74 101
74 134
74 170
75 68
76 3
76 16
76 32
76 39
76 62
76 83
76 90
76 93
76 136
76 149
76 178
81 12
81 13
81 20
81 24
81 33
81 36
81 54
81 63
81 67
81 70
81 85
81 119
81 132
81 145
81 163
81 171
81 190
81 197
83 93
85 24
85 33
85 132
85 145
85 163
85 171
85 197
88 194
88 2
88 3
88 4
88 5
88 14
88 15
88 17
88 18
88 21
88 22
88 24
88 26
88 31
88 32
88 33
88 34
88 35
88 37
88 40
88 41
88 42
88 44
88 45
88 46
88 51
88 52
88 55
88 56
88 57
88 60
88 65
88 66
88 67
88 68
88 69
88 71
88 72
88 75
88 77
88 82
88 83
88 85
88 87
88 89
88 93
88 94
88 95
88 96
88 97
88 99
88 101
88 102
88 107
88 109
88 112
88 115
88 116
88 117
88 118
88 119
88 124
88 130
88 132
88 135
88 138
88 141
88 145
88 146
88 149
88 151
88 153
88 156
88 158
88 159
88 163
88 171
88 172
88 173
88 174
88 179
88 181
88 182
88 185
88 186
88 187
88 189
88 192
88 197
88 198
88 199
88 200
94 57
96 194
98 2
98 142
98 153
98 190
107 87
108 63
108 65
108 82
108 84
110 97
111 37
111 105
121 46
124 141
124 159
124 181
125 182
131 57
131 94
133 46
133 52
133 72
133 121
133 125
133 150
133 173
133 182
137 102
138 33
139 147
139 160
139 200
141 181
142 190
143 146
144 34
144 36
144 91
144 102
144 105
144 109
144 137
144 163
145 33
149 3
152 104
152 129
152 143
152 146
152 158
152 174
152 192
153 2
156 60
156 132
157 47
157 189
161 99
164 84
165 71
171 197
172 109
172 118
174 192
176 19
177 7
177 44
178 32
179 194
179 31
179 32
179 33
179 69
179 96
179 138
179 145
179 159
179 173
179 186
179 199
180 122
180 135
186 69
193 168
1 194
1 2
1 3
1 4
1 5
1 6
1 7
1 8
1 9
1 10
1 11
1 12
1 13
1 14
1 15
1 16
1 17
1 18
1 19
1 20
1 21
1 22
1 23
1 24
1 25
1 26
1 27
1 28
1 29
1 30
1 31
1 32
1 33
1 34
1 35
1 36
1 37
1 38
1 39
1 40
1 41
1 42
1 43
1 44
1 45
1 46
1 47
1 48
1 49
1 50
1 51
1 52
1 53
1 54
1 55
1 56
1 57
1 58
1 59
1 60
1 61
1 62
1 63
1 64
1 65
1 66
1 67
1 68
1 69
1 70
1 71
1 72
1 73
1 74
1 75
1 76
1 77
1 78
1 79
1 80
1 81
1 82
1 83
1 84
1 85
1 86
1 87
1 88
1 89
1 90
1 91
1 92
1 93
1 94
1 95
1 96
1 97
1 98
1 99
1 100
1 101
1 102
1 103
1 104
1 105
1 106
1 107
1 108
1 109
1 110
1 111
1 112
1 113
1 114
1 115
1 116
1 117
1 118
1 119
1 120
1 121
1 122
1 123
1 124
1 125
1 126
1 127
1 128
1 129
1 130
1 131
1 132
1 133
1 134
1 135
1 136
1 137
1 138
1 139
1 140
1 141
1 142
1 143
1 144
1 145
1 146
1 147
1 148
1 149
1 150
1 151
1 152
1 153
1 154
1 155
1 156
1 157
1 158
1 159
1 160
1 161
1 162
1 163
1 164
1 165
1 166
1 167
1 168
1 169
1 170
1 171
1 172
1 173
1 174
1 175
1 176
1 177
1 178
1 179
1 180
1 181
1 182
1 183
1 184
1 185
1 186
1 187
1 188
1 189
1 190
1 191
1 192
1 193
1 195
1 196
1 197
1 198
1 199
1 200
