100 260
26 5
26 6
26 22
26 54
3 60
3 77
3 78
8 43
8 67
10 29
11 80
11 97
13 78
15 2
15 6
15 13
15 16
15 17
15 19
15 21
15 22
15 25
15 28
15 33
15 35
15 44
15 46
15 47
15 48
15 50
15 52
15 55
15 58
15 65
15 67
15 68
15 71
15 78
15 82
15 87
15 89
15 91
15 95
15 96
16 17
16 21
16 35
16 55
16 65
16 91
20 5
20 10
20 29
20 51
20 76
20 91
22 6
1 26
1 2
1 3
1 4
1 5
1 6
1 7
1 8
1 9
1 10
1 11
1 12
1 13
1 14
1 15
1 16
1 17
1 18
1 19
1 20
1 21
1 22
1 23
1 24
1 25
1 27
1 28
1 29
1 30
1 31
1 32
1 33
1 34
1 35
1 36
1 37
1 38
1 39
1 40
1 41
1 42
1 43
1 44
1 45
1 46
1 47
1 48
1 49
1 50
1 51
1 52
1 53
1 54
1 55
1 56
1 57
1 58
1 59
1 60
1 61
1 62
1 63
1 64
1 65
1 66
1 67
1 68
1 69
1 70
1 71
1 72
1 73
1 74
1 75
1 76
1 77
1 78
1 79
1 80
1 81
1 82
1 83
1 84
1 85
1 86
1 87
1 88
1 89
1 90
1 91
1 92
1 93
1 94
1 95
1 96
1 97
1 98
1 99
1 100
32 24
33 6
33 16
33 17
33 19
33 21
33 22
33 28
33 35
33 46
33 47
33 55
33 65
33 67
33 71
33 78
33 91
35 91
38 26
38 5
38 6
38 10
38 19
38 20
38 22
38 28
38 29
38 35
38 39
38 43
38 46
38 51
38 54
38 55
38 56
38 60
38 61
38 65
38 74
38 76
38 77
38 80
38 91
39 76
39 77
42 53
42 89
45 18
46 6
46 35
46 91
47 78
50 67
55 35
55 65
55 91
59 74
60 77
61 28
66 19
66 24
66 51
68 16
68 17
68 21
68 35
68 52
68 55
68 65
68 91
68 95
68 96
70 54
71 28
79 75
81 19
81 24
81 32
81 40
81 51
81 66
81 73
84 26
84 5
84 6
84 17
84 22
84 24
84 54
84 70
84 75
85 27
85 62
85 82
86 57
87 6
87 17
87 22
87 58
88 56
88 69
90 2
93 63
97 80
