700 2563
2 328
5 353
5 420
5 639
6 56
6 92
6 322
6 467
8 92
8 638
9 441
10 291
10 675
11 72
11 77
11 124
11 215
11 318
11 517
11 592
12 127
12 342
12 447
12 449
19 303
19 651
23 54
23 323
23 632
26 534
26 601
27 322
27 467
27 649
35 203
35 463
35 620
36 101
37 123
38 139
39 123
39 450
41 620
43 154
43 210
43 249
43 283
43 308
43 614
43 625
43 672
43 677
45 266
45 451
45 508
45 579
47 63
47 255
47 454
47 626
49 149
49 569
52 134
52 271
52 404
52 549
53 117
53 380
53 569
53 571
53 590
53 678
54 323
55 525
58 254
58 327
58 595
59 60
62 573
62 26
62 33
62 46
62 47
62 49
62 51
62 63
62 74
62 84
62 87
62 96
62 132
62 133
62 149
62 154
62 177
62 236
62 250
62 255
62 259
62 263
62 284
62 294
62 299
62 301
62 320
62 364
62 378
62 382
62 394
62 411
62 425
62 440
62 443
62 454
62 476
62 478
62 484
62 485
62 509
62 511
62 523
62 524
62 534
62 538
62 546
62 550
62 564
62 569
62 587
62 601
62 603
62 626
62 659
62 662
62 673
62 688
62 695
65 7
65 74
65 99
65 106
65 115
65 118
65 126
65 131
65 135
65 192
65 256
65 261
65 277
65 279
65 285
65 290
65 304
65 309
65 346
65 366
65 409
65 431
65 479
65 482
65 509
65 524
65 533
65 537
65 544
65 634
65 641
68 24
68 55
68 84
68 164
68 302
68 317
68 361
68 512
68 525
68 526
68 615
72 124
72 215
73 372
76 8
76 63
76 92
76 107
76 120
76 159
76 161
76 164
76 186
76 221
76 231
76 297
76 352
76 354
76 361
76 444
76 579
76 614
76 626
76 638
76 666
77 517
78 375
79 293
83 109
83 194
83 200
83 271
83 404
83 410
83 513
87 587
87 601
91 268
95 24
95 67
95 69
95 103
95 127
95 156
95 226
95 269
95 308
95 310
95 339
95 342
95 417
95 428
95 449
95 491
95 520
95 547
95 634
95 658
96 259
99 346
99 537
103 69
103 127
103 342
107 8
107 63
107 92
107 159
107 221
107 231
107 352
107 354
107 361
107 444
107 638
107 666
109 513
111 649
113 52
113 83
113 109
113 134
113 194
113 200
113 271
113 350
113 404
113 410
113 419
113 513
113 536
113 549
113 696
114 27
114 30
114 145
114 322
114 352
114 444
114 467
114 476
114 649
115 106
115 131
117 590
118 256
118 285
118 409
118 431
119 332
119 353
119 370
128 90
128 123
129 56
129 162
129 178
129 191
129 405
129 504
129 622
129 657
132 485
132 626
140 51
140 281
140 302
140 316
140 412
140 512
140 621
140 664
142 195
142 529
143 475
143 500
143 686
144 548
145 649
148 18
155 265
155 298
155 478
155 543
155 565
155 629
157 54
157 323
157 554
157 686
161 120
161 231
161 579
161 638
161 666
163 548
164 361
173 337
175 5
175 242
175 332
175 353
175 420
175 578
175 639
179 23
179 54
179 71
179 143
179 157
179 216
179 246
179 259
179 323
179 346
179 402
179 475
179 500
179 504
179 554
179 589
179 593
179 632
179 651
179 686
181 254
182 329
183 169
183 591
187 130
187 158
187 235
187 390
187 692
191 622
205 186
205 571
207 8
207 16
207 37
207 79
207 92
207 116
207 123
207 132
207 134
207 142
207 143
207 162
207 167
207 186
207 195
207 205
207 212
207 277
207 290
207 293
207 332
207 338
207 351
207 353
207 385
207 386
207 389
207 398
207 451
207 468
207 470
207 475
207 485
207 500
207 508
207 529
207 545
207 563
207 571
207 577
207 622
207 626
207 638
207 686
207 699
208 6
208 12
208 25
208 33
208 53
208 54
208 56
208 79
208 92
208 102
208 106
208 115
208 117
208 127
208 129
208 131
208 136
208 157
208 162
208 173
208 178
208 191
208 212
208 216
208 217
208 242
208 250
208 261
208 264
208 271
208 293
208 298
208 300
208 312
208 322
208 323
208 337
208 342
208 347
208 351
208 363
208 364
208 380
208 385
208 386
208 402
208 405
208 423
208 447
208 449
208 467
208 482
208 484
208 496
208 500
208 502
208 504
208 508
208 511
208 522
208 525
208 526
208 529
208 542
208 549
208 554
208 564
208 569
208 571
208 577
208 578
208 586
208 587
208 589
208 590
208 602
208 621
208 622
208 639
208 657
208 675
208 678
208 679
208 686
210 154
210 249
210 283
210 614
210 625
210 672
212 92
212 162
212 293
212 351
212 386
212 571
212 686
213 452
215 124
216 54
216 157
216 323
216 402
216 500
216 504
216 554
216 589
216 686
217 525
217 526
217 577
217 586
217 621
217 657
219 37
219 39
219 123
219 374
219 450
223 28
223 80
223 167
223 237
223 355
223 379
223 515
223 544
223 546
223 607
223 618
223 643
224 61
224 324
224 501
226 24
228 583
229 232
233 395
236 511
236 626
237 28
238 566
239 334
241 488
241 606
242 578
242 639
243 48
243 481
243 551
244 31
244 59
244 60
244 356
244 378
244 392
247 471
248 144
248 163
248 548
249 614
250 33
250 364
251 90
251 399
253 220
255 63
255 626
256 285
260 156
260 382
260 393
260 547
260 642
260 658
261 106
261 115
261 131
261 482
262 463
263 49
263 149
263 485
263 569
265 629
270 494
272 555
273 13
273 16
273 19
273 31
273 49
273 53
273 59
273 60
273 81
273 111
273 117
273 120
273 139
273 145
273 149
273 156
273 159
273 186
273 194
273 205
273 244
273 254
273 281
273 286
273 294
273 302
273 303
273 310
273 311
273 339
273 356
273 373
273 378
273 380
273 392
273 454
273 491
273 506
273 512
273 528
273 541
273 563
273 569
273 571
273 584
273 590
273 600
273 649
273 651
273 660
273 662
273 664
273 678
275 670
276 8
276 16
276 29
276 39
276 47
276 59
276 60
276 61
276 63
276 76
276 77
276 92
276 107
276 109
276 120
276 123
276 146
276 156
276 159
276 161
276 162
276 164
276 167
276 186
276 195
276 205
276 212
276 221
276 231
276 249
276 255
276 266
276 268
276 270
276 277
276 293
276 297
276 321
276 351
276 352
276 353
276 354
276 361
276 369
276 370
276 386
276 389
276 398
276 424
276 444
276 450
276 454
276 458
276 466
276 494
276 513
276 517
276 533
276 540
276 547
276 563
276 571
276 579
276 614
276 620
276 626
276 638
276 658
276 663
276 666
276 677
276 686
278 71
280 25
280 669
281 302
281 512
281 664
283 614
283 625
283 672
284 33
284 149
284 236
284 484
284 511
284 626
286 111
286 649
287 668
289 275
289 406
289 670
290 277
292 311
292 374
295 221
295 632
297 221
300 117
300 178
300 590
304 74
304 277
304 290
304 533
307 22
307 422
310 339
312 33
312 56
312 405
312 522
312 590
313 555
315 39
315 90
315 94
315 123
315 128
315 251
315 311
315 399
315 450
318 124
318 215
318 517
319 202
325 456
332 353
333 42
333 144
333 163
333 248
333 548
333 655
335 188
335 499
336 12
336 69
336 88
336 103
336 127
336 342
336 447
336 449
336 641
342 127
344 314
344 420
348 64
349 67
350 109
350 134
350 513
351 92
351 386
351 571
352 444
354 231
354 352
354 444
355 167
356 31
356 60
356 392
358 218
358 472
364 33
370 353
376 94
380 571
380 590
380 678
385 79
385 162
385 293
385 622
387 221
387 295
387 297
387 303
387 323
387 632
388 18
388 46
388 148
389 8
389 16
389 92
389 123
389 162
389 167
389 186
389 195
389 205
389 212
389 277
389 293
389 351
389 353
389 386
389 398
389 563
389 571
389 626
389 638
389 686
390 235
390 692
393 547
394 51
394 84
394 299
397 156
397 310
397 339
397 341
397 491
397 642
402 504
402 554
403 584
405 56
408 82
408 460
408 610
408 650
410 200
410 404
410 513
411 26
411 33
411 46
411 47
411 49
411 63
411 84
411 149
411 154
411 177
411 236
411 255
411 284
411 294
411 364
411 378
411 425
411 454
411 476
411 484
411 509
411 511
411 534
411 538
411 564
411 569
411 601
411 626
411 662
412 621
412 664
413 308
414 171
418 88
418 269
421 136
421 272
421 555
424 221
424 297
424 369
425 33
425 49
425 149
425 236
425 284
425 364
425 484
425 511
425 564
425 569
425 601
425 626
426 7
426 125
426 193
426 270
426 347
426 357
426 384
426 494
426 557
426 645
426 654
429 116
431 285
431 409
436 553
440 47
440 63
440 74
440 132
440 255
440 299
440 382
440 454
440 485
440 626
440 673
442 5
442 81
442 86
442 119
442 175
442 242
442 314
442 332
442 344
442 353
442 370
442 420
442 559
442 578
442 628
442 639
442 676
442 700
443 382
447 449
448 31
448 480
451 508
455 18
455 46
455 148
455 388
455 468
455 542
455 609
455 682
459 683
461 112
461 669
464 27
464 28
464 30
464 111
464 114
464 145
464 231
464 322
464 328
464 352
464 354
464 409
464 428
464 444
464 467
464 476
464 506
464 644
464 649
464 672
467 322
470 16
470 79
470 116
470 293
470 386
470 451
470 508
470 638
482 106
484 33
484 511
487 287
487 400
487 603
487 668
487 694
490 305
491 156
491 310
491 339
496 6
496 33
496 53
496 54
496 56
496 92
496 106
496 115
496 117
496 127
496 131
496 136
496 157
496 162
496 212
496 271
496 293
496 312
496 322
496 323
496 342
496 347
496 351
496 364
496 380
496 386
496 405
496 449
496 467
496 484
496 511
496 522
496 525
496 526
496 554
496 564
496 569
496 571
496 586
496 590
496 602
496 639
496 675
496 678
496 679
496 686
500 686
501 324
506 111
506 145
506 649
507 427
510 331
512 302
514 305
514 321
514 490
516 104
516 630
518 445
518 498
519 150
519 340
519 343
519 430
520 69
520 127
520 339
520 428
522 56
522 405
523 177
526 525
527 105
527 136
527 192
527 272
527 313
527 325
527 373
527 416
527 421
527 456
527 555
527 558
527 604
527 699
528 111
528 145
528 159
528 286
528 506
528 649
530 363
531 616
532 71
532 142
532 195
532 264
532 529
532 602
535 493
538 63
538 236
538 294
538 476
538 511
538 626
539 57
540 16
540 120
540 161
540 231
540 266
540 293
540 369
540 386
540 547
540 579
540 638
540 666
541 111
541 186
541 286
541 649
541 678
543 298
543 629
549 271
552 36
552 101
552 288
552 521
556 116
556 164
556 299
556 316
556 361
556 398
556 429
556 577
557 125
557 270
557 347
557 357
557 494
557 645
559 81
560 238
560 566
561 697
562 570
563 16
563 186
563 205
563 571
564 33
564 364
564 484
564 511
564 569
568 417
1 573
1 2
1 3
1 4
1 5
1 6
1 7
1 8
1 9
1 10
1 11
1 12
1 13
1 14
1 15
1 16
1 17
1 18
1 19
1 20
1 21
1 22
1 23
1 24
1 25
1 26
1 27
1 28
1 29
1 30
1 31
1 32
1 33
1 34
1 35
1 36
1 37
1 38
1 39
1 40
1 41
1 42
1 43
1 44
1 45
1 46
1 47
1 48
1 49
1 50
1 51
1 52
1 53
1 54
1 55
1 56
1 57
1 58
1 59
1 60
1 61
1 62
1 63
1 64
1 65
1 66
1 67
1 68
1 69
1 70
1 71
1 72
1 73
1 74
1 75
1 76
1 77
1 78
1 79
1 80
1 81
1 82
1 83
1 84
1 85
1 86
1 87
1 88
1 89
1 90
1 91
1 92
1 93
1 94
1 95
1 96
1 97
1 98
1 99
1 100
1 101
1 102
1 103
1 104
1 105
1 106
1 107
1 108
1 109
1 110
1 111
1 112
1 113
1 114
1 115
1 116
1 117
1 118
1 119
1 120
1 121
1 122
1 123
1 124
1 125
1 126
1 127
1 128
1 129
1 130
1 131
1 132
1 133
1 134
1 135
1 136
1 137
1 138
1 139
1 140
1 141
1 142
1 143
1 144
1 145
1 146
1 147
1 148
1 149
1 150
1 151
1 152
1 153
1 154
1 155
1 156
1 157
1 158
1 159
1 160
1 161
1 162
1 163
1 164
1 165
1 166
1 167
1 168
1 169
1 170
1 171
1 172
1 173
1 174
1 175
1 176
1 177
1 178
1 179
1 180
1 181
1 182
1 183
1 184
1 185
1 186
1 187
1 188
1 189
1 190
1 191
1 192
1 193
1 194
1 195
1 196
1 197
1 198
1 199
1 200
1 201
1 202
1 203
1 204
1 205
1 206
1 207
1 208
1 209
1 210
1 211
1 212
1 213
1 214
1 215
1 216
1 217
1 218
1 219
1 220
1 221
1 222
1 223
1 224
1 225
1 226
1 227
1 228
1 229
1 230
1 231
1 232
1 233
1 234
1 235
1 236
1 237
1 238
1 239
1 240
1 241
1 242
1 243
1 244
1 245
1 246
1 247
1 248
1 249
1 250
1 251
1 252
1 253
1 254
1 255
1 256
1 257
1 258
1 259
1 260
1 261
1 262
1 263
1 264
1 265
1 266
1 267
1 268
1 269
1 270
1 271
1 272
1 273
1 274
1 275
1 276
1 277
1 278
1 279
1 280
1 281
1 282
1 283
1 284
1 285
1 286
1 287
1 288
1 289
1 290
1 291
1 292
1 293
1 294
1 295
1 296
1 297
1 298
1 299
1 300
1 301
1 302
1 303
1 304
1 305
1 306
1 307
1 308
1 309
1 310
1 311
1 312
1 313
1 314
1 315
1 316
1 317
1 318
1 319
1 320
1 321
1 322
1 323
1 324
1 325
1 326
1 327
1 328
1 329
1 330
1 331
1 332
1 333
1 334
1 335
1 336
1 337
1 338
1 339
1 340
1 341
1 342
1 343
1 344
1 345
1 346
1 347
1 348
1 349
1 350
1 351
1 352
1 353
1 354
1 355
1 356
1 357
1 358
1 359
1 360
1 361
1 362
1 363
1 364
1 365
1 366
1 367
1 368
1 369
1 370
1 371
1 372
1 373
1 374
1 375
1 376
1 377
1 378
1 379
1 380
1 381
1 382
1 383
1 384
1 385
1 386
1 387
1 388
1 389
1 390
1 391
1 392
1 393
1 394
1 395
1 396
1 397
1 398
1 399
1 400
1 401
1 402
1 403
1 404
1 405
1 406
1 407
1 408
1 409
1 410
1 411
1 412
1 413
1 414
1 415
1 416
1 417
1 418
1 419
1 420
1 421
1 422
1 423
1 424
1 425
1 426
1 427
1 428
1 429
1 430
1 431
1 432
1 433
1 434
1 435
1 436
1 437
1 438
1 439
1 440
1 441
1 442
1 443
1 444
1 445
1 446
1 447
1 448
1 449
1 450
1 451
1 452
1 453
1 454
1 455
1 456
1 457
1 458
1 459
1 460
1 461
1 462
1 463
1 464
1 465
1 466
1 467
1 468
1 469
1 470
1 471
1 472
1 473
1 474
1 475
1 476
1 477
1 478
1 479
1 480
1 481
1 482
1 483
1 484
1 485
1 486
1 487
1 488
1 489
1 490
1 491
1 492
1 493
1 494
1 495
1 496
1 497
1 498
1 499
1 500
1 501
1 502
1 503
1 504
1 505
1 506
1 507
1 508
1 509
1 510
1 511
1 512
1 513
1 514
1 515
1 516
1 517
1 518
1 519
1 520
1 521
1 522
1 523
1 524
1 525
1 526
1 527
1 528
1 529
1 530
1 531
1 532
1 533
1 534
1 535
1 536
1 537
1 538
1 539
1 540
1 541
1 542
1 543
1 544
1 545
1 546
1 547
1 548
1 549
1 550
1 551
1 552
1 553
1 554
1 555
1 556
1 557
1 558
1 559
1 560
1 561
1 562
1 563
1 564
1 565
1 566
1 567
1 568
1 569
1 570
1 571
1 572
1 574
1 575
1 576
1 577
1 578
1 579
1 580
1 581
1 582
1 583
1 584
1 585
1 586
1 587
1 588
1 589
1 590
1 591
1 592
1 593
1 594
1 595
1 596
1 597
1 598
1 599
1 600
1 601
1 602
1 603
1 604
1 605
1 606
1 607
1 608
1 609
1 610
1 611
1 612
1 613
1 614
1 615
1 616
1 617
1 618
1 619
1 620
1 621
1 622
1 623
1 624
1 625
1 626
1 627
1 628
1 629
1 630
1 631
1 632
1 633
1 634
1 635
1 636
1 637
1 638
1 639
1 640
1 641
1 642
1 643
1 644
1 645
1 646
1 647
1 648
1 649
1 650
1 651
1 652
1 653
1 654
1 655
1 656
1 657
1 658
1 659
1 660
1 661
1 662
1 663
1 664
1 665
1 666
1 667
1 668
1 669
1 670
1 671
1 672
1 673
1 674
1 675
1 676
1 677
1 678
1 679
1 680
1 681
1 682
1 683
1 684
1 685
1 686
1 687
1 688
1 689
1 690
1 691
1 692
1 693
1 694
1 695
1 696
1 697
1 698
1 699
1 700
575 531
575 616
580 2
580 13
580 67
580 177
580 195
580 328
580 458
580 602
580 690
582 2
582 5
582 6
582 8
582 11
582 13
582 16
582 18
582 19
582 23
582 24
582 26
582 27
582 28
582 29
582 30
582 31
582 32
582 33
582 35
582 36
582 39
582 43
582 46
582 47
582 49
582 53
582 54
582 55
582 56
582 57
582 58
582 59
582 60
582 61
582 63
582 64
582 66
582 67
582 68
582 69
582 72
582 73
582 76
582 77
582 81
582 83
582 84
582 85
582 90
582 92
582 93
582 94
582 95
582 101
582 103
582 104
582 106
582 107
582 109
582 110
582 111
582 112
582 114
582 115
582 117
582 118
582 120
582 121
582 123
582 124
582 125
582 127
582 128
582 131
582 136
582 137
582 139
582 141
582 144
582 145
582 146
582 147
582 148
582 149
582 151
582 153
582 154
582 156
582 157
582 159
582 161
582 162
582 163
582 164
582 167
582 168
582 169
582 170
582 171
582 172
582 177
582 182
582 183
582 185
582 186
582 189
582 194
582 195
582 197
582 200
582 203
582 205
582 206
582 210
582 211
582 212
582 215
582 218
582 220
582 221
582 224
582 226
582 231
582 232
582 235
582 236
582 237
582 238
582 240
582 241
582 244
582 248
582 249
582 251
582 254
582 255
582 256
582 265
582 266
582 268
582 269
582 270
582 271
582 272
582 273
582 275
582 276
582 277
582 281
582 283
582 284
582 285
582 286
582 287
582 291
582 293
582 294
582 295
582 297
582 302
582 303
582 305
582 308
582 310
582 311
582 312
582 313
582 314
582 315
582 317
582 318
582 321
582 322
582 323
582 324
582 327
582 328
582 329
582 331
582 334
582 339
582 340
582 342
582 344
582 347
582 351
582 352
582 353
582 354
582 356
582 357
582 360
582 361
582 364
582 369
582 370
582 372
582 373
582 378
582 379
582 380
582 386
582 387
582 388
582 389
582 390
582 392
582 395
582 398
582 399
582 400
582 404
582 405
582 409
582 410
582 411
582 414
582 417
582 420
582 421
582 424
582 425
582 427
582 428
582 431
582 435
582 436
582 437
582 441
582 444
582 445
582 449
582 450
582 452
582 454
582 456
582 458
582 461
582 463
582 464
582 466
582 467
582 471
582 473
582 476
582 484
582 488
582 489
582 490
582 491
582 493
582 494
582 496
582 497
582 499
582 501
582 506
582 507
582 509
582 511
582 512
582 513
582 514
582 517
582 520
582 522
582 525
582 526
582 528
582 531
582 533
582 534
582 537
582 538
582 540
582 541
582 547
582 548
582 551
582 553
582 554
582 555
582 557
582 562
582 563
582 564
582 566
582 569
582 570
582 571
582 572
582 579
582 580
582 581
582 583
582 584
582 586
582 588
582 590
582 591
582 592
582 594
582 595
582 599
582 600
582 601
582 602
582 604
582 606
582 610
582 612
582 613
582 614
582 615
582 616
582 617
582 618
582 620
582 624
582 625
582 626
582 628
582 629
582 631
582 632
582 634
582 638
582 639
582 644
582 645
582 649
582 650
582 651
582 658
582 660
582 661
582 662
582 663
582 664
582 666
582 667
582 668
582 669
582 670
582 671
582 672
582 675
582 676
582 677
582 678
582 679
582 683
582 686
582 690
582 692
582 697
582 700
593 475
593 589
593 651
594 23
594 54
594 221
594 295
594 297
594 303
594 317
594 323
594 369
594 387
594 417
594 424
594 632
596 305
596 321
596 338
596 423
596 490
596 514
596 698
597 91
597 268
597 436
597 553
598 246
598 317
600 31
600 60
600 111
600 120
600 145
600 149
600 159
600 186
600 205
600 286
600 294
600 302
600 303
600 310
600 311
600 339
600 356
600 373
600 380
600 392
600 506
600 512
600 528
600 541
600 571
600 590
600 649
600 678
604 136
604 272
604 313
604 373
604 421
604 456
604 555
605 197
610 650
615 361
617 6
617 8
617 23
617 27
617 33
617 54
617 55
617 56
617 69
617 90
617 92
617 103
617 111
617 124
617 127
617 131
617 149
617 186
617 205
617 215
617 236
617 256
617 272
617 284
617 285
617 286
617 291
617 312
617 322
617 323
617 342
617 351
617 357
617 379
617 380
617 386
617 404
617 405
617 420
617 463
617 467
617 484
617 511
617 522
617 525
617 526
617 541
617 548
617 555
617 571
617 588
617 590
617 625
617 626
617 629
617 632
617 638
617 644
617 649
617 669
617 678
617 679
618 28
618 237
618 379
619 146
624 360
627 50
627 58
627 181
627 254
627 301
627 327
627 365
627 595
628 5
628 81
628 314
628 344
628 353
628 370
628 420
628 639
628 676
628 700
633 29
635 12
635 24
635 67
635 69
635 88
635 95
635 103
635 122
635 127
635 156
635 193
635 226
635 260
635 269
635 308
635 310
635 336
635 339
635 341
635 342
635 349
635 365
635 382
635 393
635 397
635 413
635 416
635 417
635 418
635 419
635 428
635 443
635 447
635 449
635 491
635 520
635 547
635 568
635 634
635 641
635 642
635 658
635 682
636 138
636 206
642 156
644 27
644 111
644 322
644 467
644 649
645 347
645 357
646 89
646 141
646 439
647 369
654 347
654 357
654 384
654 645
656 241
656 488
656 606
658 156
658 547
660 16
660 49
660 53
660 111
660 117
660 149
660 186
660 205
660 286
660 380
660 541
660 563
660 569
660 571
660 590
660 649
660 651
660 664
660 678
662 49
662 149
662 294
662 378
662 454
662 569
666 231
666 638
667 146
667 189
674 40
674 85
674 230
674 562
674 570
677 249
677 614
679 6
679 56
679 92
679 127
679 322
679 323
679 405
679 467
679 511
679 522
679 525
679 678
681 61
688 154
691 55
691 116
691 217
691 246
691 366
691 398
691 412
691 525
691 526
691 577
691 586
691 621
691 657
691 664
693 612
696 194
698 321
698 338
