800 3495
10 425
24 62
24 159
24 164
24 375
24 404
24 405
28 151
32 106
32 178
32 201
32 202
32 215
32 236
32 257
32 259
32 288
32 345
32 381
32 399
32 490
32 533
32 708
33 578
35 127
35 146
35 740
37 232
37 643
42 94
42 161
42 385
42 409
42 775
43 13
43 125
43 131
43 164
43 210
43 213
43 220
43 231
43 239
43 240
43 259
43 261
43 314
43 376
43 379
43 404
43 405
43 425
43 429
43 436
43 461
43 494
43 585
43 616
43 637
43 643
43 649
43 673
43 705
43 706
43 712
43 719
43 727
43 734
43 752
43 761
43 762
43 773
44 213
44 238
44 321
44 413
44 514
44 626
44 639
44 654
44 695
44 724
44 734
44 792
46 789
47 307
48 13
48 24
48 27
48 37
48 43
48 62
48 125
48 130
48 131
48 138
48 140
48 159
48 164
48 179
48 210
48 213
48 220
48 231
48 232
48 239
48 240
48 246
48 251
48 255
48 259
48 261
48 263
48 314
48 328
48 344
48 348
48 368
48 372
48 375
48 376
48 379
48 388
48 404
48 405
48 410
48 420
48 425
48 429
48 434
48 436
48 444
48 449
48 450
48 456
48 457
48 461
48 493
48 494
48 506
48 543
48 585
48 596
48 611
48 614
48 616
48 624
48 637
48 643
48 649
48 673
48 678
48 684
48 700
48 705
48 706
48 712
48 719
48 727
48 734
48 750
48 752
48 761
48 762
48 773
48 775
48 781
48 789
49 175
49 669
51 140
55 5
55 18
55 31
55 51
55 66
55 103
55 115
55 117
55 140
55 153
55 246
55 249
55 274
55 299
55 416
55 508
55 536
55 549
55 558
55 583
55 586
55 682
55 713
55 774
55 788
57 323
57 432
59 220
59 272
59 420
59 596
59 606
59 647
59 649
59 750
59 785
60 474
63 150
63 332
68 339
68 719
74 37
74 67
74 232
74 308
74 440
74 643
75 81
75 237
75 292
75 431
75 723
78 3
78 44
78 50
78 69
78 70
78 71
78 82
78 85
78 94
78 115
78 116
78 117
78 135
78 141
78 147
78 151
78 174
78 190
78 198
78 211
78 213
78 220
78 230
78 231
78 237
78 238
78 261
78 275
78 296
78 298
78 302
78 305
78 306
78 314
78 317
78 321
78 338
78 341
78 351
78 356
78 387
78 390
78 396
78 404
78 411
78 413
78 425
78 427
78 428
78 433
78 461
78 463
78 475
78 494
78 496
78 514
78 515
78 520
78 553
78 567
78 577
78 578
78 581
78 597
78 602
78 617
78 626
78 627
78 636
78 639
78 649
78 654
78 655
78 673
78 685
78 691
78 695
78 703
78 704
78 705
78 709
78 712
78 719
78 724
78 727
78 734
78 741
78 752
78 753
78 757
78 758
78 762
78 763
78 765
78 773
78 779
78 791
78 792
79 730
79 58
79 111
79 156
79 159
79 276
83 15
83 91
83 199
83 250
83 293
83 624
83 739
85 135
85 151
85 231
85 520
85 627
85 654
85 752
85 763
87 56
92 275
92 368
92 432
92 458
96 730
96 2
96 23
96 24
96 28
96 33
96 39
96 58
96 62
96 79
96 97
96 111
96 113
96 118
96 151
96 156
96 159
96 164
96 196
96 204
96 224
96 248
96 249
96 260
96 271
96 276
96 305
96 327
96 342
96 367
96 375
96 378
96 399
96 404
96 405
96 416
96 418
96 427
96 465
96 466
96 467
96 495
96 505
96 521
96 578
96 580
96 587
96 597
96 603
96 613
96 652
96 660
96 676
96 677
96 695
96 703
96 714
96 731
96 736
96 745
96 751
96 757
96 785
96 792
104 94
104 131
104 248
104 344
104 384
104 483
104 759
104 775
107 318
110 105
110 441
111 159
113 58
113 97
113 164
113 305
113 327
113 613
113 714
113 731
115 117
116 296
118 33
118 39
118 156
118 224
118 260
118 327
118 378
118 416
118 465
118 578
118 587
118 652
118 745
118 751
118 757
118 785
120 411
120 780
121 362
121 435
121 437
121 451
121 481
121 503
121 539
121 567
121 603
121 616
121 701
121 711
121 781
121 791
122 632
124 730
124 3
124 10
124 13
124 19
124 28
124 33
124 34
124 43
124 44
124 50
124 56
124 69
124 70
124 71
124 77
124 78
124 82
124 85
124 87
124 93
124 94
124 105
124 108
124 115
124 116
124 117
124 125
124 131
124 134
124 135
124 141
124 142
124 147
124 148
124 151
124 155
124 157
124 160
124 164
124 167
124 174
124 175
124 182
124 190
124 196
124 197
124 198
124 210
124 211
124 213
124 214
124 220
124 225
124 226
124 227
124 228
124 230
124 231
124 237
124 238
124 239
124 240
124 242
124 252
124 257
124 259
124 260
124 261
124 270
124 271
124 275
124 281
124 285
124 287
124 291
124 293
124 296
124 298
124 301
124 302
124 303
124 305
124 306
124 311
124 314
124 317
124 321
124 335
124 338
124 341
124 342
124 343
124 346
124 351
124 356
124 360
124 366
124 376
124 379
124 386
124 387
124 390
124 396
124 404
124 405
124 411
124 413
124 424
124 425
124 427
124 428
124 429
124 433
124 436
124 439
124 445
124 447
124 458
124 461
124 463
124 465
124 469
124 471
124 474
124 475
124 478
124 490
124 491
124 494
124 496
124 514
124 515
124 517
124 519
124 520
124 537
124 538
124 542
124 549
124 553
124 558
124 567
124 570
124 572
124 577
124 578
124 581
124 585
124 597
124 599
124 600
124 602
124 605
124 609
124 616
124 617
124 618
124 626
124 627
124 630
124 636
124 637
124 639
124 643
124 649
124 654
124 655
124 672
124 673
124 679
124 685
124 691
124 695
124 701
124 703
124 704
124 705
124 706
124 709
124 712
124 719
124 723
124 724
124 727
124 731
124 734
124 737
124 741
124 748
124 752
124 753
124 757
124 758
124 759
124 760
124 761
124 762
124 763
124 764
124 765
124 772
124 773
124 776
124 779
124 780
124 791
124 792
124 794
125 210
125 220
125 637
125 649
125 761
125 773
126 128
126 579
127 146
129 23
129 39
129 73
129 174
129 197
129 294
129 348
129 355
129 387
129 482
129 491
129 497
129 515
129 545
129 601
129 764
132 570
133 307
133 343
134 3
138 210
141 82
144 3
144 86
144 134
144 392
144 633
144 707
145 205
147 69
148 33
148 105
148 197
148 226
148 386
148 390
148 411
148 428
148 570
148 578
148 626
148 655
148 753
148 758
148 773
148 776
148 780
149 688
149 697
153 103
154 9
154 69
154 147
154 287
154 334
154 357
154 580
154 585
154 618
154 718
154 754
155 765
155 772
157 82
157 141
157 175
157 436
158 691
169 53
169 167
169 179
169 289
169 304
169 629
169 674
171 158
171 194
171 268
171 691
178 236
186 446
187 13
187 95
187 209
187 303
187 333
187 335
187 418
187 569
187 646
188 34
188 132
188 240
188 356
188 388
188 488
188 489
188 553
188 570
188 572
188 660
188 784
190 50
190 704
192 67
192 353
195 730
195 3
195 26
195 58
195 79
195 86
195 88
195 111
195 122
195 134
195 144
195 156
195 159
195 163
195 168
195 170
195 178
195 180
195 236
195 239
195 252
195 263
195 273
195 274
195 276
195 294
195 317
195 337
195 370
195 379
195 392
195 401
195 434
195 468
195 483
195 485
195 492
195 508
195 511
195 537
195 558
195 581
195 594
195 604
195 606
195 611
195 625
195 628
195 632
195 633
195 641
195 670
195 680
195 681
195 707
195 717
195 718
195 720
195 735
195 741
195 744
195 747
195 761
195 771
195 782
196 427
196 465
198 211
199 15
199 91
200 46
200 372
200 425
200 476
200 493
200 789
201 106
201 215
201 345
201 381
201 490
201 708
202 215
203 638
206 369
206 661
207 36
207 551
207 796
208 412
208 449
208 466
208 577
208 749
208 770
217 245
219 11
224 751
226 411
226 780
229 37
229 67
229 74
229 126
229 128
229 192
229 232
229 233
229 308
229 353
229 440
229 475
229 486
229 541
229 579
229 605
229 643
229 717
229 788
230 298
231 752
233 37
233 232
233 353
233 475
233 579
233 605
233 643
238 413
238 514
238 734
239 379
239 761
243 108
243 542
243 543
243 593
246 140
247 50
247 251
250 15
250 293
250 624
252 730
252 3
252 134
252 239
252 317
252 379
252 537
252 558
252 581
252 741
252 761
253 552
255 251
257 259
257 490
258 272
258 476
258 568
258 611
258 684
258 698
258 700
258 750
258 773
260 33
260 465
260 578
260 757
261 213
261 220
261 461
261 649
261 673
261 719
262 130
263 159
263 239
263 379
263 434
263 611
263 761
270 70
272 750
273 401
274 558
276 730
276 156
276 159
279 11
279 219
279 228
279 280
279 295
279 329
279 341
279 402
279 568
279 614
279 625
279 647
279 710
280 568
280 614
280 647
281 28
281 85
281 135
281 151
281 182
281 231
281 429
281 517
281 520
281 599
281 627
281 637
281 654
281 752
281 763
281 794
289 179
299 18
299 31
299 103
299 117
299 153
299 416
299 586
299 713
300 41
300 71
300 301
300 401
300 446
302 317
302 321
302 390
302 413
302 514
302 626
302 758
302 773
306 44
306 213
306 238
306 298
306 302
306 314
306 317
306 321
306 387
306 390
306 413
306 514
306 626
306 639
306 654
306 673
306 695
306 703
306 704
306 724
306 734
306 758
306 763
306 773
306 792
308 232
313 359
313 756
314 213
314 673
314 734
314 773
319 191
319 283
320 170
320 456
320 517
320 520
320 599
321 413
321 514
321 626
325 41
325 71
325 123
325 186
325 273
325 300
325 301
325 401
325 446
325 642
325 677
325 721
325 799
328 637
329 228
329 402
334 287
335 13
335 303
344 131
344 775
345 708
349 57
349 92
349 275
349 323
349 368
349 432
349 458
349 644
350 17
350 77
350 98
350 370
350 512
350 748
351 341
351 639
354 120
354 181
354 226
354 411
354 513
354 780
355 482
358 240
358 388
358 610
358 623
363 21
363 235
363 445
363 518
371 214
371 554
372 425
372 493
372 789
374 173
375 405
377 27
378 587
381 490
381 708
383 469
383 582
385 775
386 411
386 428
386 753
386 758
386 776
386 780
389 130
389 228
389 262
389 329
389 402
389 613
390 626
390 758
390 773
391 49
391 82
391 141
391 157
391 175
391 256
391 436
391 484
391 634
391 669
392 3
392 86
392 134
393 155
393 330
393 765
393 772
394 38
394 221
394 476
394 493
394 511
394 559
394 666
395 160
395 203
395 590
395 638
396 44
396 69
396 71
396 82
396 116
396 211
396 213
396 220
396 230
396 238
396 296
396 298
396 302
396 306
396 314
396 317
396 321
396 341
396 351
396 387
396 390
396 404
396 413
396 428
396 433
396 461
396 463
396 514
396 515
396 626
396 627
396 639
396 654
396 673
396 695
396 703
396 704
396 724
396 727
396 734
396 741
396 752
396 758
396 763
396 773
396 791
396 792
400 225
400 487
400 743
402 228
412 749
414 138
414 210
415 172
415 206
415 367
415 369
415 423
415 661
415 709
415 737
417 30
417 525
417 668
419 198
419 211
419 609
422 477
426 679
429 231
429 637
429 752
430 499
431 81
433 220
433 296
433 302
433 317
433 321
433 341
433 390
433 413
433 428
433 514
433 626
433 741
433 758
433 773
434 611
434 761
438 527
443 2
443 14
443 20
443 29
443 75
443 81
443 105
443 109
443 110
443 116
443 138
443 168
443 182
443 210
443 237
443 271
443 292
443 296
443 378
443 414
443 431
443 441
443 460
443 470
443 496
443 534
443 536
443 541
443 569
443 587
443 602
443 621
443 670
443 716
443 723
443 747
443 762
443 766
444 130
444 164
444 251
444 255
444 376
444 420
444 450
444 456
444 705
444 727
448 424
450 376
450 420
452 176
452 364
454 50
454 97
454 181
454 190
454 247
454 251
454 255
454 292
454 478
454 507
454 513
454 604
454 658
454 662
454 704
454 798
455 310
455 501
455 672
458 275
460 182
461 213
461 220
461 673
462 316
462 480
462 538
463 704
463 724
463 727
464 407
467 28
467 151
467 736
470 2
470 138
470 210
470 414
470 762
471 228
471 341
471 342
471 351
471 639
471 712
473 9
473 31
473 34
473 38
473 41
473 50
473 58
473 67
473 75
473 81
473 88
473 90
473 97
473 113
473 120
473 130
473 145
473 161
473 164
473 165
473 170
473 181
473 185
473 190
473 192
473 202
473 205
473 215
473 218
473 226
473 228
473 237
473 247
473 251
473 255
473 256
473 262
473 267
473 292
473 305
473 316
473 320
473 327
473 329
473 330
473 333
473 339
473 353
473 354
473 362
473 376
473 384
473 389
473 402
473 411
473 420
473 423
473 431
473 435
473 444
473 450
473 454
473 456
473 463
473 478
473 488
473 503
473 507
473 510
473 513
473 517
473 520
473 531
473 537
473 549
473 551
473 559
473 564
473 581
473 583
473 593
473 599
473 604
473 613
473 622
473 636
473 641
473 642
473 644
473 650
473 658
473 662
473 665
473 675
473 682
473 696
473 704
473 705
473 714
473 721
473 723
473 724
473 727
473 731
473 739
473 740
473 779
473 780
473 782
473 798
480 538
484 669
485 483
488 34
491 174
491 197
491 387
491 515
491 764
494 213
494 220
494 231
494 261
494 314
494 404
494 425
494 461
494 649
494 673
494 705
494 712
494 719
494 727
494 734
494 752
494 762
494 773
495 204
496 116
496 237
496 296
496 602
496 762
500 136
500 678
501 672
503 362
503 435
505 62
505 196
505 427
505 465
505 652
506 130
506 614
506 712
507 478
508 274
508 558
509 291
510 339
510 376
510 420
510 450
512 77
513 181
514 413
515 387
518 445
519 33
519 50
519 56
519 77
519 94
519 105
519 108
519 117
519 125
519 135
519 148
519 174
519 175
519 197
519 210
519 220
519 226
519 228
519 260
519 287
519 296
519 301
519 302
519 303
519 317
519 321
519 341
519 356
519 386
519 390
519 411
519 413
519 428
519 433
519 465
519 469
519 490
519 514
519 517
519 537
519 570
519 572
519 578
519 602
519 605
519 609
519 626
519 637
519 649
519 655
519 701
519 741
519 753
519 757
519 758
519 761
519 764
519 772
519 773
519 776
519 779
519 780
521 62
523 311
528 11
528 33
528 91
528 98
528 103
528 105
528 110
528 120
528 126
528 128
528 132
528 148
528 153
528 181
528 186
528 197
528 209
528 219
528 221
528 223
528 224
528 226
528 258
528 268
528 272
528 282
528 304
528 313
528 323
528 345
528 354
528 359
528 369
528 380
528 386
528 390
528 409
528 411
528 428
528 437
528 441
528 446
528 476
528 484
528 497
528 499
528 513
528 557
528 568
528 570
528 575
528 578
528 579
528 582
528 594
528 611
528 621
528 626
528 638
528 655
528 666
528 669
528 680
528 684
528 698
528 700
528 707
528 708
528 713
528 720
528 735
528 750
528 751
528 753
528 756
528 758
528 773
528 776
528 780
528 786
528 787
532 346
534 14
534 81
534 105
534 109
534 110
534 138
534 168
534 210
534 296
534 378
534 414
534 431
534 441
534 587
534 602
534 621
539 362
539 437
539 567
539 616
539 701
539 781
539 791
542 108
546 710
547 70
547 270
548 218
548 630
548 685
550 10
550 38
550 204
550 221
550 372
550 425
550 493
550 650
550 789
553 356
556 347
557 132
557 570
559 38
561 189
563 683
567 791
572 356
572 570
574 227
574 442
575 282
575 428
575 700
575 753
575 776
583 31
583 549
583 682
584 8
584 769
589 421
591 56
591 552
591 690
596 220
596 420
596 649
596 750
597 151
597 305
597 404
597 427
597 578
597 695
597 703
597 757
597 792
598 2
598 13
598 24
598 27
598 37
598 43
598 46
598 48
598 51
598 59
598 62
598 63
598 67
598 68
598 74
598 88
598 106
598 111
598 125
598 130
598 131
598 136
598 138
598 140
598 150
598 159
598 164
598 172
598 179
598 194
598 200
598 210
598 213
598 216
598 220
598 231
598 232
598 235
598 239
598 240
598 241
598 246
598 251
598 253
598 255
598 258
598 259
598 261
598 262
598 263
598 266
598 272
598 280
598 288
598 289
598 308
598 314
598 327
598 328
598 332
598 339
598 344
598 348
598 358
598 368
598 372
598 375
598 376
598 377
598 379
598 385
598 388
598 404
598 405
598 410
598 414
598 420
598 425
598 429
598 434
598 436
598 440
598 442
598 444
598 449
598 450
598 451
598 456
598 457
598 461
598 470
598 476
598 493
598 494
598 500
598 506
598 510
598 521
598 525
598 530
598 543
598 552
598 563
598 568
598 571
598 585
598 586
598 590
598 596
598 606
598 610
598 611
598 614
598 616
598 623
598 624
598 637
598 641
598 643
598 646
598 647
598 649
598 671
598 673
598 675
598 678
598 681
598 682
598 683
598 684
598 698
598 700
598 705
598 706
598 711
598 712
598 714
598 719
598 727
598 734
598 736
598 744
598 750
598 752
598 754
598 761
598 762
598 769
598 770
598 773
598 775
598 781
598 785
598 789
598 798
598 799
598 800
599 517
599 520
601 545
602 296
617 230
617 298
618 69
618 147
618 287
618 585
621 441
622 38
622 50
622 81
622 120
622 226
622 228
622 247
622 251
622 402
622 411
622 420
622 517
622 537
622 779
622 780
622 782
623 388
627 654
627 752
627 763
628 122
628 170
628 632
629 53
629 304
630 685
633 86
633 707
635 28
635 85
635 122
635 135
635 151
635 182
635 231
635 281
635 328
635 429
635 456
635 460
635 517
635 520
635 545
635 599
635 627
635 632
635 637
635 654
635 752
635 756
635 763
635 794
636 50
636 190
636 237
636 305
636 411
636 463
636 520
636 581
636 704
636 705
636 724
636 727
636 779
641 88
642 41
642 721
648 27
648 185
648 338
648 377
648 383
648 469
648 582
648 771
649 220
650 38
651 640
652 465
653 772
655 390
655 411
655 428
655 578
655 626
655 753
655 758
655 773
656 242
658 50
658 97
658 190
658 247
658 251
658 255
658 478
658 507
658 704
662 478
662 507
663 615
664 72
665 9
665 34
665 38
665 41
665 50
665 81
665 97
665 120
665 130
665 164
665 185
665 190
665 205
665 226
665 228
665 237
665 247
665 251
665 255
665 267
665 305
665 330
665 333
665 353
665 362
665 376
665 384
665 402
665 411
665 420
665 444
665 450
665 456
665 463
665 478
665 488
665 507
665 517
665 520
665 531
665 537
665 549
665 581
665 593
665 599
665 622
665 636
665 650
665 658
665 704
665 705
665 723
665 724
665 727
665 731
665 779
665 780
665 782
671 647
673 213
674 53
674 167
674 179
675 67
675 88
675 130
675 164
675 251
675 255
675 262
675 327
675 339
675 376
675 420
675 444
675 450
675 456
675 510
675 641
675 682
675 705
675 714
675 727
675 798
684 611
684 700
684 750
684 773
689 352
690 56
693 360
695 792
696 593
697 688
702 132
702 356
702 388
702 468
702 557
702 570
702 572
702 623
702 745
702 784
703 695
703 792
705 727
706 213
706 220
706 261
706 376
706 379
706 405
706 461
706 649
706 673
706 719
711 451
711 616
711 781
713 103
714 164
714 327
716 14
716 766
720 594
720 611
720 680
720 707
720 735
723 237
725 730
725 3
725 6
725 7
725 8
725 9
725 10
725 11
725 13
725 15
725 16
725 19
725 23
725 24
725 26
725 27
725 28
725 30
725 33
725 34
725 36
725 37
725 38
725 41
725 43
725 44
725 48
725 49
725 50
725 53
725 56
725 62
725 66
725 69
725 70
725 71
725 72
725 77
725 78
725 81
725 82
725 84
725 85
725 86
725 87
725 89
725 92
725 93
725 94
725 97
725 103
725 104
725 105
725 108
725 110
725 115
725 116
725 117
725 120
725 122
725 124
725 125
725 127
725 130
725 131
725 132
725 133
725 134
725 135
725 138
725 140
725 141
725 142
725 146
725 147
725 148
725 151
725 155
725 156
725 157
725 158
725 159
725 160
725 164
725 166
725 167
725 173
725 174
725 175
725 176
725 179
725 182
725 185
725 188
725 190
725 196
725 197
725 198
725 204
725 205
725 209
725 210
725 211
725 213
725 214
725 219
725 220
725 221
725 222
725 225
725 226
725 227
725 228
725 230
725 231
725 232
725 233
725 236
725 237
725 238
725 239
725 240
725 242
725 243
725 245
725 246
725 247
725 248
725 249
725 250
725 251
725 252
725 255
725 257
725 259
725 260
725 261
725 263
725 267
725 269
725 270
725 271
725 274
725 275
725 276
725 281
725 282
725 283
725 285
725 287
725 291
725 293
725 296
725 298
725 300
725 301
725 302
725 303
725 305
725 306
725 307
725 311
725 314
725 315
725 317
725 318
725 321
725 328
725 330
725 333
725 334
725 335
725 338
725 341
725 342
725 343
725 344
725 346
725 347
725 348
725 351
725 352
725 353
725 356
725 360
725 361
725 362
725 366
725 368
725 371
725 372
725 375
725 376
725 379
725 381
725 384
725 386
725 387
725 388
725 390
725 392
725 393
725 396
725 401
725 402
725 403
725 404
725 405
725 407
725 410
725 411
725 413
725 419
725 420
725 421
725 424
725 425
725 427
725 428
725 429
725 430
725 432
725 433
725 434
725 436
725 437
725 439
725 441
725 444
725 445
725 446
725 447
725 448
725 449
725 450
725 456
725 457
725 458
725 460
725 461
725 463
725 465
725 469
725 471
725 474
725 475
725 478
725 480
725 482
725 483
725 488
725 489
725 490
725 491
725 492
725 493
725 494
725 496
725 498
725 499
725 501
725 504
725 505
725 506
725 507
725 509
725 512
725 514
725 515
725 517
725 518
725 519
725 520
725 527
725 531
725 532
725 536
725 537
725 538
725 539
725 542
725 543
725 545
725 547
725 549
725 550
725 553
725 554
725 558
725 560
725 565
725 567
725 570
725 572
725 575
725 577
725 578
725 579
725 581
725 585
725 587
725 593
725 594
725 596
725 597
725 599
725 600
725 602
725 605
725 609
725 611
725 614
725 616
725 617
725 618
725 620
725 622
725 624
725 626
725 627
725 630
725 632
725 635
725 636
725 637
725 639
725 643
725 649
725 650
725 652
725 654
725 655
725 656
725 658
725 659
725 660
725 661
725 665
725 669
725 670
725 672
725 673
725 674
725 678
725 679
725 684
725 685
725 688
725 690
725 691
725 692
725 693
725 695
725 697
725 700
725 701
725 703
725 704
725 705
725 706
725 708
725 709
725 712
725 713
725 719
725 723
725 724
725 727
725 729
725 731
725 732
725 734
725 737
725 741
725 743
725 748
725 749
725 750
725 752
725 753
725 756
725 757
725 758
725 759
725 760
725 761
725 762
725 763
725 764
725 765
725 766
725 772
725 773
725 774
725 775
725 776
725 779
725 780
725 781
725 782
725 783
725 784
725 786
725 787
725 789
725 791
725 792
725 794
725 795
725 797
726 403
1 730
1 2
1 3
1 4
1 5
1 6
1 7
1 8
1 9
1 10
1 11
1 12
1 13
1 14
1 15
1 16
1 17
1 18
1 19
1 20
1 21
1 22
1 23
1 24
1 25
1 26
1 27
1 28
1 29
1 30
1 31
1 32
1 33
1 34
1 35
1 36
1 37
1 38
1 39
1 40
1 41
1 42
1 43
1 44
1 45
1 46
1 47
1 48
1 49
1 50
1 51
1 52
1 53
1 54
1 55
1 56
1 57
1 58
1 59
1 60
1 61
1 62
1 63
1 64
1 65
1 66
1 67
1 68
1 69
1 70
1 71
1 72
1 73
1 74
1 75
1 76
1 77
1 78
1 79
1 80
1 81
1 82
1 83
1 84
1 85
1 86
1 87
1 88
1 89
1 90
1 91
1 92
1 93
1 94
1 95
1 96
1 97
1 98
1 99
1 100
1 101
1 102
1 103
1 104
1 105
1 106
1 107
1 108
1 109
1 110
1 111
1 112
1 113
1 114
1 115
1 116
1 117
1 118
1 119
1 120
1 121
1 122
1 123
1 124
1 125
1 126
1 127
1 128
1 129
1 130
1 131
1 132
1 133
1 134
1 135
1 136
1 137
1 138
1 139
1 140
1 141
1 142
1 143
1 144
1 145
1 146
1 147
1 148
1 149
1 150
1 151
1 152
1 153
1 154
1 155
1 156
1 157
1 158
1 159
1 160
1 161
1 162
1 163
1 164
1 165
1 166
1 167
1 168
1 169
1 170
1 171
1 172
1 173
1 174
1 175
1 176
1 177
1 178
1 179
1 180
1 181
1 182
1 183
1 184
1 185
1 186
1 187
1 188
1 189
1 190
1 191
1 192
1 193
1 194
1 195
1 196
1 197
1 198
1 199
1 200
1 201
1 202
1 203
1 204
1 205
1 206
1 207
1 208
1 209
1 210
1 211
1 212
1 213
1 214
1 215
1 216
1 217
1 218
1 219
1 220
1 221
1 222
1 223
1 224
1 225
1 226
1 227
1 228
1 229
1 230
1 231
1 232
1 233
1 234
1 235
1 236
1 237
1 238
1 239
1 240
1 241
1 242
1 243
1 244
1 245
1 246
1 247
1 248
1 249
1 250
1 251
1 252
1 253
1 254
1 255
1 256
1 257
1 258
1 259
1 260
1 261
1 262
1 263
1 264
1 265
1 266
1 267
1 268
1 269
1 270
1 271
1 272
1 273
1 274
1 275
1 276
1 277
1 278
1 279
1 280
1 281
1 282
1 283
1 284
1 285
1 286
1 287
1 288
1 289
1 290
1 291
1 292
1 293
1 294
1 295
1 296
1 297
1 298
1 299
1 300
1 301
1 302
1 303
1 304
1 305
1 306
1 307
1 308
1 309
1 310
1 311
1 312
1 313
1 314
1 315
1 316
1 317
1 318
1 319
1 320
1 321
1 322
1 323
1 324
1 325
1 326
1 327
1 328
1 329
1 330
1 331
1 332
1 333
1 334
1 335
1 336
1 337
1 338
1 339
1 340
1 341
1 342
1 343
1 344
1 345
1 346
1 347
1 348
1 349
1 350
1 351
1 352
1 353
1 354
1 355
1 356
1 357
1 358
1 359
1 360
1 361
1 362
1 363
1 364
1 365
1 366
1 367
1 368
1 369
1 370
1 371
1 372
1 373
1 374
1 375
1 376
1 377
1 378
1 379
1 380
1 381
1 382
1 383
1 384
1 385
1 386
1 387
1 388
1 389
1 390
1 391
1 392
1 393
1 394
1 395
1 396
1 397
1 398
1 399
1 400
1 401
1 402
1 403
1 404
1 405
1 406
1 407
1 408
1 409
1 410
1 411
1 412
1 413
1 414
1 415
1 416
1 417
1 418
1 419
1 420
1 421
1 422
1 423
1 424
1 425
1 426
1 427
1 428
1 429
1 430
1 431
1 432
1 433
1 434
1 435
1 436
1 437
1 438
1 439
1 440
1 441
1 442
1 443
1 444
1 445
1 446
1 447
1 448
1 449
1 450
1 451
1 452
1 453
1 454
1 455
1 456
1 457
1 458
1 459
1 460
1 461
1 462
1 463
1 464
1 465
1 466
1 467
1 468
1 469
1 470
1 471
1 472
1 473
1 474
1 475
1 476
1 477
1 478
1 479
1 480
1 481
1 482
1 483
1 484
1 485
1 486
1 487
1 488
1 489
1 490
1 491
1 492
1 493
1 494
1 495
1 496
1 497
1 498
1 499
1 500
1 501
1 502
1 503
1 504
1 505
1 506
1 507
1 508
1 509
1 510
1 511
1 512
1 513
1 514
1 515
1 516
1 517
1 518
1 519
1 520
1 521
1 522
1 523
1 524
1 525
1 526
1 527
1 528
1 529
1 530
1 531
1 532
1 533
1 534
1 535
1 536
1 537
1 538
1 539
1 540
1 541
1 542
1 543
1 544
1 545
1 546
1 547
1 548
1 549
1 550
1 551
1 552
1 553
1 554
1 555
1 556
1 557
1 558
1 559
1 560
1 561
1 562
1 563
1 564
1 565
1 566
1 567
1 568
1 569
1 570
1 571
1 572
1 573
1 574
1 575
1 576
1 577
1 578
1 579
1 580
1 581
1 582
1 583
1 584
1 585
1 586
1 587
1 588
1 589
1 590
1 591
1 592
1 593
1 594
1 595
1 596
1 597
1 598
1 599
1 600
1 601
1 602
1 603
1 604
1 605
1 606
1 607
1 608
1 609
1 610
1 611
1 612
1 613
1 614
1 615
1 616
1 617
1 618
1 619
1 620
1 621
1 622
1 623
1 624
1 625
1 626
1 627
1 628
1 629
1 630
1 631
1 632
1 633
1 634
1 635
1 636
1 637
1 638
1 639
1 640
1 641
1 642
1 643
1 644
1 645
1 646
1 647
1 648
1 649
1 650
1 651
1 652
1 653
1 654
1 655
1 656
1 657
1 658
1 659
1 660
1 661
1 662
1 663
1 664
1 665
1 666
1 667
1 668
1 669
1 670
1 671
1 672
1 673
1 674
1 675
1 676
1 677
1 678
1 679
1 680
1 681
1 682
1 683
1 684
1 685
1 686
1 687
1 688
1 689
1 690
1 691
1 692
1 693
1 694
1 695
1 696
1 697
1 698
1 699
1 700
1 701
1 702
1 703
1 704
1 705
1 706
1 707
1 708
1 709
1 710
1 711
1 712
1 713
1 714
1 715
1 716
1 717
1 718
1 719
1 720
1 721
1 722
1 723
1 724
1 725
1 726
1 727
1 728
1 729
1 731
1 732
1 733
1 734
1 735
1 736
1 737
1 738
1 739
1 740
1 741
1 742
1 743
1 744
1 745
1 746
1 747
1 748
1 749
1 750
1 751
1 752
1 753
1 754
1 755
1 756
1 757
1 758
1 759
1 760
1 761
1 762
1 763
1 764
1 765
1 766
1 767
1 768
1 769
1 770
1 771
1 772
1 773
1 774
1 775
1 776
1 777
1 778
1 779
1 780
1 781
1 782
1 783
1 784
1 785
1 786
1 787
1 788
1 789
1 790
1 791
1 792
1 793
1 794
1 795
1 796
1 797
1 798
1 799
1 800
731 164
731 305
735 594
735 680
737 709
741 317
742 166
743 225
744 379
744 606
746 137
747 168
747 670
748 77
753 428
757 578
759 94
759 131
763 654
764 174
764 197
768 332
768 430
768 499
770 449
774 66
774 103
774 115
774 117
774 140
774 246
774 249
774 274
774 536
774 549
774 558
774 713
776 428
776 753
777 424
777 448
779 50
779 411
780 411
781 616
782 537
784 132
784 356
784 388
784 570
784 572
786 11
786 103
786 120
786 282
786 386
786 411
786 428
786 441
786 575
786 594
786 700
786 750
786 753
786 756
786 758
786 776
786 780
787 11
787 33
787 103
787 105
787 110
787 120
787 132
787 148
787 197
787 209
787 219
787 221
787 226
787 282
787 386
787 390
787 411
787 428
787 437
787 441
787 446
787 499
787 570
787 575
787 578
787 579
787 594
787 611
787 626
787 655
787 669
787 684
787 700
787 708
787 713
787 750
787 753
787 756
787 758
787 773
787 776
787 780
787 786
796 36
798 251
