1000 4157
1 2
1 3
1 4
1 5
1 6
1 7
1 8
1 9
1 10
1 11
1 12
1 13
1 14
1 15
1 16
1 17
1 18
1 19
1 20
1 21
1 22
1 23
1 24
1 25
1 26
1 27
1 28
1 29
1 30
1 31
1 32
1 33
1 34
1 35
1 36
1 37
1 38
1 39
1 40
1 41
1 42
1 43
1 44
1 45
1 46
1 47
1 48
1 49
1 50
1 51
1 52
1 53
1 54
1 55
1 56
1 57
1 58
1 59
1 60
1 61
1 62
1 63
1 64
1 65
1 66
1 67
1 68
1 69
1 70
1 71
1 72
1 73
1 74
1 75
1 76
1 77
1 78
1 79
1 80
1 81
1 82
1 83
1 84
1 85
1 86
1 87
1 88
1 89
1 90
1 91
1 92
1 93
1 94
1 95
1 96
1 97
1 98
1 99
1 100
1 101
1 102
1 103
1 104
1 105
1 106
1 107
1 108
1 109
1 110
1 111
1 112
1 113
1 114
1 115
1 116
1 117
1 118
1 119
1 120
1 121
1 122
1 123
1 124
1 125
1 126
1 127
1 128
1 129
1 130
1 131
1 132
1 133
1 134
1 135
1 136
1 137
1 138
1 139
1 140
1 141
1 142
1 143
1 144
1 145
1 146
1 147
1 148
1 149
1 150
1 151
1 152
1 153
1 154
1 155
1 156
1 157
1 158
1 159
1 160
1 161
1 162
1 163
1 164
1 165
1 166
1 167
1 168
1 169
1 170
1 171
1 172
1 173
1 174
1 175
1 176
1 177
1 178
1 179
1 180
1 181
1 182
1 183
1 184
1 185
1 186
1 187
1 188
1 189
1 190
1 191
1 192
1 193
1 194
1 195
1 196
1 197
1 198
1 199
1 200
1 201
1 202
1 203
1 204
1 205
1 206
1 207
1 208
1 209
1 210
1 211
1 212
1 213
1 214
1 215
1 216
1 217
1 218
1 219
1 220
1 221
1 222
1 223
1 224
1 225
1 226
1 227
1 228
1 229
1 230
1 231
1 232
1 233
1 234
1 235
1 236
1 237
1 238
1 239
1 240
1 241
1 242
1 243
1 244
1 245
1 246
1 247
1 248
1 249
1 250
1 251
1 252
1 253
1 254
1 255
1 256
1 257
1 258
1 259
1 260
1 261
1 262
1 263
1 264
1 265
1 266
1 267
1 268
1 269
1 270
1 271
1 272
1 273
1 274
1 275
1 276
1 277
1 278
1 279
1 280
1 281
1 282
1 283
1 284
1 285
1 286
1 287
1 288
1 289
1 290
1 291
1 292
1 293
1 294
1 295
1 296
1 297
1 298
1 299
1 300
1 301
1 302
1 303
1 304
1 305
1 306
1 307
1 308
1 309
1 310
1 311
1 312
1 313
1 314
1 315
1 316
1 317
1 318
1 319
1 320
1 321
1 322
1 323
1 324
1 325
1 326
1 327
1 328
1 329
1 330
1 331
1 332
1 333
1 334
1 335
1 336
1 337
1 338
1 339
1 340
1 341
1 342
1 343
1 344
1 345
1 346
1 347
1 348
1 349
1 350
1 351
1 352
1 353
1 354
1 355
1 356
1 357
1 358
1 359
1 360
1 361
1 362
1 363
1 364
1 365
1 366
1 367
1 368
1 369
1 370
1 371
1 372
1 373
1 374
1 375
1 376
1 377
1 378
1 379
1 380
1 381
1 382
1 383
1 384
1 385
1 386
1 387
1 388
1 389
1 390
1 391
1 392
1 393
1 394
1 395
1 396
1 397
1 398
1 399
1 400
1 401
1 402
1 403
1 404
1 405
1 406
1 407
1 408
1 409
1 410
1 411
1 412
1 413
1 414
1 415
1 416
1 417
1 418
1 419
1 420
1 421
1 422
1 423
1 424
1 425
1 426
1 427
1 428
1 429
1 430
1 431
1 432
1 433
1 434
1 435
1 436
1 437
1 438
1 439
1 440
1 441
1 442
1 443
1 444
1 445
1 446
1 447
1 448
1 449
1 450
1 451
1 452
1 453
1 454
1 455
1 456
1 457
1 458
1 459
1 460
1 461
1 462
1 463
1 464
1 465
1 466
1 467
1 468
1 469
1 470
1 471
1 472
1 473
1 474
1 475
1 476
1 477
1 478
1 479
1 480
1 481
1 482
1 483
1 484
1 485
1 486
1 487
1 488
1 489
1 490
1 491
1 492
1 493
1 494
1 495
1 496
1 497
1 498
1 499
1 500
1 501
1 502
1 503
1 504
1 505
1 506
1 507
1 508
1 509
1 510
1 511
1 512
1 513
1 514
1 515
1 516
1 517
1 518
1 519
1 520
1 521
1 522
1 523
1 524
1 525
1 526
1 527
1 528
1 529
1 530
1 531
1 532
1 533
1 534
1 535
1 536
1 537
1 538
1 539
1 540
1 541
1 542
1 543
1 544
1 545
1 546
1 547
1 548
1 549
1 550
1 551
1 552
1 553
1 554
1 555
1 556
1 557
1 558
1 559
1 560
1 561
1 562
1 563
1 564
1 565
1 566
1 567
1 568
1 569
1 570
1 571
1 572
1 573
1 574
1 575
1 576
1 577
1 578
1 579
1 580
1 581
1 582
1 583
1 584
1 585
1 586
1 587
1 588
1 589
1 590
1 591
1 592
1 593
1 594
1 595
1 596
1 597
1 598
1 599
1 600
1 601
1 602
1 603
1 604
1 605
1 606
1 607
1 608
1 609
1 610
1 611
1 612
1 613
1 614
1 615
1 616
1 617
1 618
1 619
1 620
1 621
1 622
1 623
1 624
1 625
1 626
1 627
1 628
1 629
1 630
1 631
1 632
1 633
1 634
1 635
1 636
1 637
1 638
1 639
1 640
1 641
1 642
1 643
1 644
1 645
1 646
1 647
1 648
1 649
1 650
1 651
1 652
1 653
1 654
1 655
1 656
1 657
1 658
1 659
1 660
1 661
1 662
1 663
1 664
1 665
1 666
1 667
1 668
1 669
1 670
1 671
1 672
1 673
1 674
1 675
1 676
1 677
1 678
1 679
1 680
1 681
1 682
1 683
1 684
1 685
1 686
1 687
1 688
1 689
1 690
1 691
1 692
1 693
1 694
1 695
1 696
1 697
1 698
1 699
1 700
1 701
1 702
1 703
1 704
1 705
1 706
1 707
1 708
1 709
1 710
1 711
1 712
1 713
1 714
1 715
1 716
1 717
1 718
1 719
1 720
1 721
1 722
1 723
1 724
1 725
1 726
1 727
1 728
1 729
1 730
1 731
1 732
1 733
1 734
1 735
1 736
1 737
1 738
1 739
1 740
1 741
1 742
1 743
1 744
1 745
1 746
1 747
1 748
1 749
1 750
1 751
1 752
1 753
1 754
1 755
1 756
1 757
1 758
1 759
1 760
1 761
1 762
1 763
1 764
1 765
1 766
1 767
1 768
1 769
1 770
1 771
1 772
1 773
1 774
1 775
1 776
1 777
1 778
1 779
1 780
1 781
1 782
1 783
1 784
1 785
1 786
1 787
1 788
1 789
1 790
1 791
1 792
1 793
1 794
1 795
1 796
1 797
1 798
1 799
1 800
1 801
1 802
1 803
1 804
1 805
1 806
1 807
1 808
1 809
1 810
1 811
1 812
1 813
1 814
1 815
1 816
1 817
1 818
1 819
1 820
1 821
1 822
1 823
1 824
1 825
1 826
1 827
1 828
1 829
1 830
1 831
1 832
1 833
1 834
1 835
1 836
1 837
1 838
1 839
1 840
1 841
1 842
1 843
1 844
1 845
1 846
1 847
1 848
1 849
1 850
1 851
1 852
1 853
1 854
1 855
1 856
1 857
1 858
1 859
1 860
1 861
1 862
1 863
1 864
1 865
1 866
1 867
1 868
1 869
1 870
1 871
1 872
1 873
1 874
1 875
1 876
1 877
1 878
1 879
1 880
1 881
1 882
1 883
1 884
1 885
1 886
1 887
1 888
1 889
1 890
1 891
1 892
1 893
1 894
1 895
1 896
1 897
1 898
1 899
1 900
1 901
1 902
1 903
1 904
1 905
1 906
1 907
1 908
1 909
1 910
1 911
1 912
1 913
1 914
1 915
1 916
1 917
1 918
1 919
1 920
1 921
1 922
1 923
1 924
1 925
1 926
1 927
1 928
1 929
1 930
1 931
1 932
1 933
1 934
1 935
1 936
1 937
1 938
1 939
1 940
1 941
1 942
1 943
1 944
1 945
1 946
1 947
1 948
1 949
1 950
1 951
1 952
1 953
1 954
1 955
1 956
1 957
1 958
1 959
1 960
1 961
1 962
1 963
1 964
1 965
1 966
1 967
1 968
1 969
1 970
1 971
1 972
1 973
1 974
1 975
1 976
1 977
1 978
1 979
1 980
1 981
1 982
1 983
1 984
1 985
1 986
1 987
1 988
1 989
1 990
1 991
1 992
1 993
1 994
1 995
1 996
1 997
1 998
1 999
1 1000
2 36
2 63
2 90
2 111
2 123
2 169
2 197
2 218
2 347
2 361
2 372
2 410
2 503
2 516
2 564
2 572
2 663
2 686
2 755
2 812
2 853
2 996
4 448
5 111
5 759
7 957
8 413
11 352
11 483
11 497
11 800
12 917
13 10
13 180
13 360
13 377
13 525
13 709
13 912
15 228
15 905
15 970
16 203
20 385
24 425
24 973
25 508
25 547
28 108
28 109
32 192
32 200
32 454
32 693
34 280
34 645
37 583
40 20
40 42
40 58
40 209
40 223
40 233
40 302
40 349
40 373
40 385
40 389
40 397
40 400
40 402
40 458
40 460
40 488
40 656
40 720
40 744
40 893
40 969
41 328
41 843
42 349
42 397
42 458
44 73
44 187
44 233
44 300
44 376
44 383
44 406
44 407
44 423
44 517
44 518
44 529
44 584
44 620
44 680
44 682
44 703
44 799
44 836
44 883
44 892
44 915
44 946
44 957
44 991
46 15
46 64
46 72
46 97
46 98
46 151
46 154
46 167
46 187
46 197
46 228
46 277
46 305
46 313
46 356
46 357
46 363
46 369
46 383
46 401
46 442
46 471
46 525
46 538
46 590
46 595
46 626
46 630
46 637
46 643
46 703
46 705
46 724
46 731
46 735
46 737
46 760
46 796
46 823
46 834
46 845
46 850
46 854
46 883
46 905
46 917
46 918
46 932
46 953
46 970
52 29
52 274
52 948
57 175
59 38
59 636
60 357
60 401
60 817
60 862
69 6
69 18
69 20
69 38
69 59
69 74
69 80
69 87
69 130
69 138
69 152
69 175
69 176
69 181
69 184
69 189
69 221
69 232
69 235
69 270
69 305
69 313
69 315
69 336
69 369
69 371
69 376
69 385
69 386
69 404
69 406
69 439
69 453
69 475
69 516
69 521
69 542
69 552
69 554
69 556
69 584
69 599
69 620
69 626
69 636
69 640
69 650
69 660
69 670
69 703
69 728
69 735
69 858
69 862
69 867
69 883
69 895
69 911
69 913
69 936
69 958
69 961
69 968
69 992
73 300
73 584
73 915
74 80
74 521
74 992
80 992
81 232
81 475
81 570
81 590
81 748
81 834
83 366
85 185
85 244
85 327
85 852
86 687
86 964
89 21
90 123
90 197
90 347
90 572
90 996
91 811
92 525
96 228
96 542
96 728
100 410
100 540
100 624
100 666
100 712
100 763
100 772
100 959
101 169
101 906
101 985
102 386
102 449
105 298
113 83
113 366
113 415
113 501
113 793
113 943
114 84
114 572
114 588
114 800
114 819
114 932
114 996
115 380
115 518
115 682
115 899
115 956
116 235
116 445
116 466
116 471
118 731
120 246
120 727
123 197
123 572
128 45
137 242
137 347
137 819
138 895
139 552
140 154
140 442
140 456
140 624
140 645
141 8
141 300
141 413
141 521
141 650
141 663
141 932
141 992
144 8
144 218
144 413
144 729
144 965
151 305
153 512
153 786
153 947
154 442
156 823
157 253
157 345
157 541
157 982
159 341
159 625
160 50
160 112
160 455
160 555
160 804
160 831
160 848
160 910
161 64
161 204
161 963
165 139
165 214
165 552
165 646
166 37
166 64
166 82
166 87
166 161
166 162
166 172
166 204
166 223
166 244
166 311
166 327
166 336
166 366
166 452
166 501
166 505
166 583
166 595
166 630
166 640
166 660
166 692
166 733
166 735
166 750
166 752
166 793
166 852
166 906
166 914
166 949
166 963
166 985
170 653
171 271
174 923
176 74
176 80
176 516
176 521
176 584
176 650
176 992
179 226
179 880
181 270
181 556
181 913
184 542
184 554
187 383
187 703
187 883
191 482
192 693
193 213
193 829
194 98
194 845
199 84
199 228
199 801
199 850
201 134
201 603
201 926
202 382
202 782
205 417
207 61
207 147
207 689
208 211
208 273
208 378
208 777
208 779
208 863
208 869
208 911
208 933
208 972
209 302
209 400
209 460
209 969
212 453
213 829
215 145
219 178
222 61
222 710
229 75
230 330
230 433
234 976
236 301
237 788
240 861
241 12
241 19
241 34
241 72
241 106
241 122
241 137
241 151
241 186
241 242
241 257
241 278
241 280
241 305
241 314
241 346
241 347
241 369
241 405
241 432
241 497
241 511
241 553
241 563
241 593
241 601
241 605
241 643
241 645
241 705
241 708
241 724
241 801
241 819
241 917
241 919
241 970
241 972
242 819
244 327
244 852
248 142
251 5
251 6
251 48
251 63
251 111
251 123
251 126
251 158
251 197
251 204
251 218
251 279
251 397
251 503
251 516
251 564
251 572
251 663
251 680
251 755
251 759
251 795
251 905
251 959
252 172
252 220
252 277
252 335
252 474
252 615
252 627
252 716
252 929
254 570
255 126
257 919
261 646
262 225
263 279
263 406
263 407
263 423
263 680
263 755
263 884
263 888
265 753
265 860
270 556
272 84
272 118
272 199
272 200
272 228
272 323
272 511
272 563
272 705
272 713
272 731
272 737
272 801
272 850
272 851
273 378
273 911
274 29
275 684
276 6
276 15
276 18
276 20
276 38
276 57
276 59
276 69
276 74
276 80
276 87
276 96
276 98
276 130
276 131
276 132
276 134
276 138
276 139
276 151
276 152
276 175
276 176
276 181
276 184
276 189
276 198
276 212
276 221
276 228
276 232
276 235
276 253
276 259
276 270
276 287
276 298
276 305
276 307
276 313
276 315
276 335
276 336
276 357
276 369
276 371
276 376
276 378
276 381
276 383
276 385
276 386
276 396
276 404
276 406
276 407
276 413
276 437
276 439
276 448
276 453
276 461
276 466
276 469
276 475
276 516
276 521
276 530
276 538
276 540
276 542
276 549
276 552
276 554
276 556
276 584
276 589
276 595
276 599
276 609
276 617
276 620
276 626
276 636
276 640
276 650
276 660
276 670
276 680
276 685
276 692
276 700
276 703
276 716
276 728
276 735
276 751
276 782
276 785
276 820
276 829
276 832
276 834
276 835
276 854
276 858
276 862
276 867
276 868
276 883
276 889
276 892
276 895
276 905
276 911
276 912
276 913
276 915
276 918
276 923
276 936
276 945
276 949
276 958
276 961
276 963
276 968
276 970
276 991
276 992
279 680
279 755
281 104
281 167
281 224
281 439
281 935
281 945
282 484
283 359
283 451
283 459
283 830
283 955
286 132
290 301
290 449
291 36
291 48
291 164
291 224
291 303
291 559
291 597
291 665
291 694
291 784
291 994
292 29
292 129
292 138
292 174
292 271
292 274
292 436
292 895
292 923
293 4
293 448
293 674
293 749
296 279
296 352
296 393
296 680
296 755
296 853
297 743
299 309
312 310
314 72
314 242
314 605
314 724
314 801
314 819
314 970
316 450
319 116
319 235
319 370
319 445
319 466
319 471
319 604
319 757
319 986
319 998
321 983
329 54
329 63
329 106
329 284
329 315
329 340
329 361
329 387
329 393
329 429
329 469
329 504
329 564
329 741
329 749
329 763
329 765
329 808
329 864
329 884
329 890
329 918
329 967
331 611
337 127
338 309
343 634
344 842
349 397
350 6
350 8
350 10
350 15
350 38
350 63
350 64
350 72
350 73
350 74
350 80
350 96
350 121
350 130
350 141
350 161
350 174
350 176
350 197
350 204
350 224
350 228
350 287
350 300
350 335
350 339
350 351
350 356
350 371
350 396
350 404
350 413
350 433
350 437
350 442
350 445
350 449
350 451
350 460
350 461
350 516
350 518
350 521
350 542
350 547
350 570
350 584
350 598
350 637
350 650
350 663
350 670
350 680
350 699
350 724
350 728
350 748
350 759
350 760
350 799
350 817
350 832
350 850
350 881
350 889
350 897
350 898
350 905
350 915
350 923
350 926
350 929
350 932
350 936
350 963
350 968
350 970
350 992
351 38
351 832
360 10
363 917
364 90
364 106
364 118
364 123
364 133
364 182
364 197
364 284
364 346
364 347
364 352
364 572
364 624
364 643
364 708
364 712
364 731
364 741
364 790
364 795
364 841
364 854
364 888
364 905
364 918
364 996
367 510
368 225
371 6
371 80
371 936
371 992
374 356
378 911
379 10
379 13
379 92
379 180
379 360
379 377
379 426
379 525
379 569
379 709
379 730
379 761
379 912
379 952
382 782
383 703
383 883
384 178
384 219
384 323
384 479
384 678
384 751
388 390
392 493
394 214
395 156
395 332
395 339
395 354
395 381
395 655
395 662
395 681
395 771
395 823
395 875
395 885
395 942
398 375
398 839
399 873
400 460
401 357
404 670
407 406
407 680
408 358
408 732
409 365
411 23
411 879
415 793
420 356
420 538
420 796
423 406
423 407
423 680
424 924
427 247
428 403
428 783
430 162
431 844
435 27
435 227
436 174
436 271
436 923
437 130
440 5
440 96
440 108
440 111
440 228
440 542
440 693
440 728
440 759
440 801
440 850
440 898
443 15
443 64
443 72
443 123
443 197
443 228
443 242
443 271
443 314
443 356
443 442
443 456
443 477
443 483
443 491
443 572
443 605
443 637
443 724
443 760
443 784
443 795
443 801
443 819
443 850
443 905
443 932
443 970
447 768
454 693
455 848
455 910
456 442
463 105
463 298
463 548
463 561
463 726
464 978
465 256
465 632
466 235
468 143
469 315
469 918
475 232
480 534
481 18
481 71
481 107
481 130
481 140
481 154
481 177
481 311
481 437
481 442
481 454
481 456
481 467
481 485
481 540
481 543
481 602
481 611
481 624
481 635
481 645
481 693
481 699
481 715
481 772
481 867
481 946
481 959
485 635
485 699
487 977
488 58
488 209
488 302
488 349
488 373
488 397
488 400
488 460
488 969
494 476
495 533
496 212
496 453
496 731
496 759
498 152
498 324
498 418
498 461
498 598
498 820
498 882
500 7
500 11
500 33
500 44
500 58
500 73
500 83
500 113
500 115
500 187
500 220
500 231
500 233
500 256
500 263
500 268
500 269
500 279
500 296
500 300
500 303
500 318
500 346
500 352
500 366
500 376
500 377
500 380
500 383
500 393
500 406
500 407
500 415
500 423
500 424
500 465
500 479
500 483
500 497
500 501
500 502
500 507
500 517
500 518
500 528
500 529
500 550
500 562
500 582
500 584
500 593
500 601
500 620
500 632
500 666
500 669
500 680
500 682
500 683
500 703
500 715
500 722
500 729
500 730
500 755
500 767
500 793
500 797
500 799
500 800
500 808
500 824
500 836
500 846
500 851
500 853
500 859
500 877
500 883
500 884
500 888
500 892
500 894
500 899
500 900
500 915
500 924
500 934
500 943
500 946
500 955
500 956
500 957
500 987
500 991
500 998
501 366
501 793
502 424
502 529
502 924
502 934
503 63
503 111
503 123
503 197
503 218
503 516
503 564
503 572
503 663
503 755
505 204
505 336
505 750
505 949
507 836
508 547
509 168
509 287
509 652
509 802
511 705
511 801
513 259
513 433
515 537
517 991
520 677
521 992
523 809
526 930
527 84
527 764
530 961
531 126
531 256
531 641
531 817
531 902
531 938
532 131
539 22
541 253
543 18
543 130
543 154
543 311
543 437
543 442
543 540
543 699
543 772
543 867
543 946
546 285
546 612
549 287
551 264
553 12
553 19
553 72
553 151
553 242
553 305
553 314
553 369
553 511
553 601
553 605
553 643
553 645
553 705
553 724
553 801
553 819
553 917
553 919
553 970
555 848
557 472
560 117
563 511
563 705
563 801
564 63
571 30
571 60
571 71
571 103
571 126
571 188
571 255
571 256
571 320
571 357
571 365
571 401
571 405
571 409
571 465
571 531
571 616
571 632
571 641
571 817
571 862
571 902
571 938
571 980
573 109
573 221
573 363
573 404
573 529
573 609
573 670
573 852
573 858
573 889
573 897
573 917
575 941
578 108
578 327
578 404
578 670
578 889
578 897
578 954
579 216
579 473
579 526
579 930
582 507
582 836
585 35
586 96
586 104
586 109
586 184
586 212
586 228
586 453
586 496
586 517
586 542
586 554
586 599
586 692
586 705
586 728
586 731
586 737
586 751
586 759
586 785
586 850
586 861
586 898
586 991
587 84
587 90
587 114
587 123
587 137
587 164
587 197
587 242
587 302
587 347
587 483
587 572
587 588
587 637
587 800
587 819
587 907
587 932
587 938
587 996
590 834
593 346
593 497
593 601
594 476
594 494
594 904
595 735
596 19
596 167
596 784
598 461
599 184
599 453
599 542
599 554
599 728
600 865
602 130
602 437
602 442
602 456
602 485
602 635
602 693
602 699
602 715
602 959
603 134
603 926
604 471
604 986
605 72
607 467
607 514
608 589
609 221
609 404
609 670
609 858
609 889
610 57
610 97
610 121
610 142
610 175
610 248
610 249
610 278
610 297
610 477
610 621
610 671
610 743
610 894
614 452
615 929
616 60
616 71
616 126
616 357
616 365
616 401
616 632
616 817
616 862
620 376
621 121
621 142
621 248
621 477
626 313
626 369
626 703
627 277
629 172
630 64
630 595
630 735
633 158
633 254
633 491
633 570
633 748
637 197
637 932
639 38
639 59
639 82
639 98
639 177
639 194
639 238
639 351
639 507
639 636
639 732
639 832
639 836
639 845
639 931
640 87
640 336
640 660
640 735
641 817
641 902
641 938
642 299
642 309
642 325
642 338
647 544
648 131
648 532
648 673
648 789
650 521
650 992
654 130
654 192
654 267
654 280
654 355
654 410
654 437
654 442
654 456
654 485
654 514
654 524
654 602
654 635
654 693
654 699
654 715
654 907
654 959
655 339
655 681
655 771
655 942
660 87
661 76
661 840
662 156
662 332
662 339
662 381
662 681
662 771
662 823
664 18
664 32
664 34
664 49
664 71
664 100
664 107
664 130
664 140
664 154
664 177
664 192
664 200
664 267
664 280
664 295
664 311
664 331
664 355
664 389
664 410
664 426
664 437
664 442
664 454
664 456
664 467
664 481
664 485
664 514
664 524
664 540
664 543
664 602
664 607
664 611
664 624
664 635
664 645
664 654
664 657
664 666
664 693
664 699
664 712
664 715
664 763
664 772
664 859
664 867
664 907
664 946
664 959
665 36
665 48
667 264
667 551
667 581
671 97
671 278
671 477
672 588
672 803
672 812
672 965
678 751
681 339
681 771
682 518
686 218
686 812
689 147
691 158
691 770
691 857
694 48
694 224
694 784
696 245
697 78
702 2
702 5
702 6
702 36
702 48
702 54
702 63
702 90
702 111
702 123
702 126
702 158
702 169
702 182
702 197
702 204
702 218
702 251
702 279
702 284
702 296
702 347
702 349
702 352
702 361
702 372
702 393
702 397
702 410
702 503
702 516
702 564
702 572
702 576
702 652
702 659
702 663
702 665
702 674
702 680
702 686
702 755
702 759
702 770
702 790
702 795
702 812
702 853
702 890
702 905
702 948
702 959
702 967
702 996
706 628
707 324
707 461
707 598
707 613
707 659
708 106
708 346
708 347
708 643
712 624
713 228
713 511
713 705
713 731
713 737
713 801
713 850
713 851
714 43
714 318
714 606
714 617
716 335
720 373
721 589
721 608
724 72
724 970
726 561
728 542
730 377
734 5
734 111
734 212
734 453
734 496
734 504
734 731
734 759
736 951
737 228
737 705
737 731
737 850
740 78
740 198
740 575
740 697
740 797
740 941
740 971
741 918
746 478
746 762
747 4
747 5
747 6
747 7
747 8
747 10
747 12
747 13
747 14
747 15
747 18
747 19
747 20
747 21
747 23
747 24
747 25
747 28
747 29
747 31
747 35
747 37
747 38
747 43
747 44
747 45
747 46
747 48
747 57
747 59
747 60
747 63
747 64
747 67
747 68
747 69
747 71
747 72
747 73
747 74
747 75
747 78
747 80
747 81
747 82
747 87
747 88
747 93
747 96
747 97
747 98
747 102
747 104
747 105
747 107
747 108
747 109
747 111
747 116
747 117
747 121
747 123
747 126
747 127
747 129
747 130
747 131
747 132
747 134
747 135
747 136
747 138
747 139
747 140
747 141
747 142
747 144
747 145
747 146
747 147
747 149
747 151
747 152
747 154
747 155
747 156
747 157
747 158
747 161
747 162
747 165
747 166
747 167
747 172
747 174
747 175
747 176
747 177
747 180
747 181
747 184
747 187
747 189
747 190
747 193
747 194
747 197
747 198
747 201
747 202
747 204
747 205
747 210
747 211
747 212
747 213
747 214
747 215
747 217
747 218
747 220
747 221
747 223
747 224
747 225
747 226
747 227
747 228
747 229
747 232
747 233
747 235
747 238
747 242
747 244
747 245
747 247
747 251
747 252
747 253
747 254
747 259
747 260
747 262
747 263
747 264
747 270
747 271
747 273
747 274
747 275
747 276
747 277
747 279
747 281
747 286
747 287
747 292
747 298
747 300
747 305
747 307
747 309
747 310
747 311
747 313
747 314
747 315
747 324
747 327
747 332
747 335
747 336
747 338
747 339
747 341
747 345
747 350
747 351
747 353
747 356
747 357
747 360
747 363
747 365
747 366
747 367
747 369
747 370
747 371
747 375
747 376
747 377
747 378
747 380
747 381
747 382
747 383
747 385
747 386
747 387
747 396
747 397
747 398
747 400
747 401
747 403
747 404
747 406
747 407
747 413
747 414
747 416
747 417
747 418
747 420
747 423
747 425
747 431
747 433
747 434
747 436
747 437
747 439
747 440
747 442
747 443
747 444
747 445
747 446
747 448
747 449
747 451
747 452
747 453
747 454
747 455
747 456
747 458
747 460
747 461
747 466
747 467
747 469
747 471
747 472
747 473
747 474
747 475
747 476
747 477
747 480
747 481
747 483
747 484
747 485
747 486
747 487
747 489
747 491
747 493
747 496
747 498
747 501
747 503
747 504
747 505
747 507
747 508
747 510
747 511
747 512
747 513
747 515
747 516
747 517
747 518
747 519
747 521
747 522
747 525
747 529
747 530
747 532
747 533
747 534
747 537
747 538
747 540
747 541
747 542
747 543
747 544
747 547
747 549
747 551
747 552
747 553
747 554
747 556
747 558
747 561
747 564
747 570
747 572
747 573
747 574
747 578
747 583
747 584
747 586
747 589
747 590
747 595
747 596
747 598
747 599
747 601
747 602
747 603
747 605
747 608
747 609
747 611
747 612
747 615
747 616
747 617
747 620
747 624
747 626
747 627
747 628
747 630
747 632
747 633
747 634
747 635
747 636
747 637
747 639
747 640
747 643
747 645
747 646
747 650
747 660
747 662
747 663
747 668
747 670
747 677
747 678
747 680
747 681
747 682
747 684
747 685
747 687
747 688
747 692
747 693
747 694
747 695
747 698
747 699
747 700
747 703
747 705
747 706
747 709
747 710
747 713
747 715
747 716
747 719
747 721
747 724
747 727
747 728
747 729
747 731
747 732
747 733
747 734
747 735
747 737
747 741
747 743
747 744
747 748
747 750
747 751
747 752
747 753
747 755
747 757
747 759
747 760
747 766
747 771
747 772
747 776
747 780
747 781
747 782
747 783
747 784
747 785
747 786
747 793
747 795
747 796
747 798
747 799
747 801
747 802
747 805
747 809
747 811
747 814
747 817
747 819
747 820
747 821
747 822
747 823
747 826
747 828
747 829
747 830
747 832
747 833
747 834
747 835
747 836
747 837
747 838
747 839
747 840
747 841
747 842
747 844
747 845
747 846
747 848
747 850
747 851
747 852
747 854
747 855
747 857
747 858
747 861
747 862
747 864
747 865
747 867
747 868
747 869
747 873
747 881
747 882
747 883
747 884
747 888
747 889
747 892
747 893
747 894
747 895
747 897
747 898
747 904
747 905
747 906
747 910
747 911
747 912
747 913
747 914
747 915
747 917
747 918
747 919
747 921
747 923
747 926
747 929
747 930
747 931
747 932
747 935
747 936
747 944
747 945
747 946
747 949
747 950
747 953
747 954
747 956
747 957
747 958
747 959
747 961
747 963
747 965
747 968
747 970
747 971
747 973
747 974
747 976
747 977
747 978
747 982
747 983
747 985
747 988
747 991
747 992
747 993
747 995
748 570
750 204
750 336
750 949
752 64
752 87
752 161
752 204
752 311
752 336
752 583
752 595
752 630
752 640
752 660
752 692
752 735
752 750
752 852
752 949
752 963
756 136
757 370
757 445
760 15
760 64
760 72
760 197
760 228
760 356
760 442
760 637
760 724
760 850
760 905
760 932
760 970
769 515
769 537
769 871
770 158
772 540
778 618
778 953
778 995
781 4
781 5
781 6
781 29
781 48
781 63
781 111
781 123
781 126
781 158
781 197
781 204
781 212
781 218
781 251
781 263
781 274
781 279
781 315
781 332
781 336
781 367
781 387
781 397
781 406
781 407
781 423
781 448
781 453
781 458
781 469
781 474
781 496
781 503
781 504
781 505
781 510
781 516
781 522
781 540
781 564
781 572
781 624
781 643
781 663
781 680
781 709
781 731
781 734
781 741
781 743
781 750
781 755
781 759
781 772
781 776
781 795
781 841
781 854
781 857
781 864
781 884
781 888
781 905
781 913
781 918
781 931
781 935
781 949
781 959
785 96
785 184
785 212
785 228
785 453
785 542
785 554
785 599
785 692
785 728
785 751
785 991
787 12
787 28
787 85
787 107
787 108
787 109
787 179
787 185
787 221
787 226
787 238
787 244
787 267
787 306
787 327
787 363
787 365
787 372
787 404
787 409
787 424
787 429
787 495
787 502
787 529
787 533
787 573
787 578
787 609
787 638
787 670
787 723
787 744
787 761
787 776
787 779
787 852
787 858
787 875
787 880
787 889
787 897
787 917
787 921
787 924
787 934
787 937
787 954
787 989
787 994
790 90
790 123
790 182
790 197
790 284
790 347
790 352
790 572
790 795
790 905
790 996
791 399
791 688
791 873
794 11
794 15
794 61
794 64
794 72
794 84
794 90
794 112
794 114
794 123
794 137
794 148
794 164
794 171
794 182
794 197
794 199
794 228
794 242
794 271
794 280
794 284
794 301
794 302
794 314
794 347
794 352
794 356
794 374
794 442
794 443
794 456
794 477
794 483
794 491
794 497
794 572
794 587
794 588
794 605
794 613
794 618
794 637
794 653
794 724
794 760
794 784
794 790
794 795
794 800
794 801
794 819
794 850
794 905
794 907
794 932
794 938
794 951
794 970
794 986
794 996
794 997
795 123
795 197
795 572
795 905
796 356
796 538
798 6
798 8
798 10
798 15
798 18
798 20
798 21
798 23
798 29
798 31
798 38
798 44
798 46
798 57
798 59
798 60
798 63
798 64
798 69
798 72
798 73
798 74
798 75
798 80
798 81
798 87
798 96
798 97
798 98
798 104
798 105
798 109
798 116
798 121
798 130
798 131
798 132
798 134
798 138
798 139
798 141
798 145
798 151
798 152
798 154
798 161
798 167
798 174
798 175
798 176
798 181
798 184
798 187
798 189
798 197
798 198
798 204
798 212
798 213
798 217
798 221
798 224
798 227
798 228
798 232
798 233
798 235
798 253
798 259
798 264
798 270
798 273
798 276
798 277
798 281
798 286
798 287
798 298
798 300
798 305
798 307
798 311
798 313
798 315
798 335
798 336
798 339
798 350
798 351
798 356
798 357
798 363
798 369
798 371
798 375
798 376
798 378
798 381
798 382
798 383
798 385
798 386
798 396
798 401
798 404
798 406
798 407
798 413
798 416
798 417
798 423
798 425
798 433
798 437
798 439
798 442
798 445
798 448
798 449
798 451
798 453
798 458
798 460
798 461
798 466
798 469
798 471
798 475
798 489
798 496
798 510
798 513
798 516
798 517
798 518
798 521
798 525
798 529
798 530
798 534
798 537
798 538
798 540
798 541
798 542
798 543
798 547
798 549
798 552
798 554
798 556
798 558
798 570
798 573
798 583
798 584
798 586
798 589
798 590
798 595
798 598
798 599
798 603
798 608
798 609
798 617
798 620
798 626
798 628
798 630
798 636
798 637
798 640
798 643
798 650
798 660
798 663
798 670
798 680
798 682
798 684
798 685
798 688
798 692
798 699
798 700
798 703
798 705
798 709
798 716
798 724
798 728
798 731
798 735
798 737
798 743
798 748
798 750
798 751
798 752
798 759
798 760
798 772
798 782
798 783
798 785
798 786
798 796
798 799
798 805
798 814
798 817
798 820
798 823
798 826
798 828
798 829
798 832
798 833
798 834
798 835
798 836
798 845
798 850
798 852
798 854
798 858
798 861
798 862
798 867
798 868
798 881
798 882
798 883
798 889
798 892
798 893
798 895
798 897
798 898
798 905
798 910
798 911
798 912
798 913
798 915
798 917
798 918
798 923
798 926
798 929
798 931
798 932
798 935
798 936
798 945
798 946
798 949
798 953
798 957
798 958
798 961
798 963
798 968
798 970
798 977
798 991
798 992
799 73
799 300
799 518
799 584
799 680
799 915
802 287
805 881
808 393
808 884
814 868
816 676
816 982
820 152
820 461
821 31
821 809
822 217
824 729
826 685
831 112
831 555
831 848
832 38
833 530
833 953
833 961
835 189
835 396
835 448
835 538
835 958
837 814
837 868
841 123
841 197
841 572
841 624
841 643
841 731
841 741
841 795
841 854
841 888
841 905
841 918
845 98
846 300
846 729
849 719
850 228
853 755
854 905
854 918
856 68
856 150
856 258
856 412
856 736
856 951
857 158
858 221
858 670
864 63
864 315
864 387
864 469
864 504
864 564
864 741
864 884
864 918
867 18
867 130
869 211
869 273
869 378
869 911
874 24
874 425
874 973
874 979
878 91
878 307
878 414
878 722
878 811
882 152
882 461
882 598
882 820
883 703
885 332
890 54
890 63
890 284
890 361
890 393
890 564
890 967
891 5
891 54
891 111
891 118
891 212
891 453
891 496
891 504
891 731
891 734
891 759
891 987
892 376
892 383
892 406
892 407
892 584
892 620
892 680
892 703
892 883
892 915
892 991
893 20
893 233
893 385
893 458
893 460
896 33
896 172
896 206
896 220
896 252
896 277
896 335
896 432
896 438
896 474
896 535
896 615
896 627
896 629
896 657
896 716
896 928
896 929
896 997
897 404
897 670
897 889
904 476
909 487
909 977
914 692
915 584
921 12
921 363
921 917
928 474
937 28
937 108
937 109
937 989
944 881
945 439
947 512
949 336
952 10
952 360
956 518
958 189
962 29
962 52
962 129
962 138
962 171
962 174
962 271
962 274
962 292
962 317
962 436
962 528
962 704
962 895
962 923
962 948
968 6
968 38
968 74
968 80
968 130
968 176
968 371
968 404
968 516
968 521
968 542
968 584
968 650
968 670
968 728
968 936
968 992
971 78
971 198
974 260
974 356
974 396
975 25
975 119
975 269
975 508
975 547
979 973
981 9
981 134
981 201
981 288
981 499
981 603
981 926
985 906
988 558
989 108
993 5
993 6
993 8
993 10
993 15
993 38
993 43
993 48
993 63
993 64
993 68
993 72
993 73
993 74
993 80
993 96
993 108
993 111
993 121
993 123
993 126
993 130
993 136
993 141
993 142
993 144
993 147
993 158
993 161
993 162
993 174
993 176
993 197
993 204
993 218
993 224
993 225
993 228
993 242
993 251
993 254
993 260
993 271
993 279
993 287
993 300
993 314
993 324
993 327
993 335
993 339
993 350
993 351
993 356
993 360
993 366
993 370
993 371
993 396
993 397
993 400
993 403
993 404
993 413
993 433
993 436
993 437
993 440
993 442
993 443
993 445
993 446
993 449
993 451
993 456
993 460
993 461
993 473
993 476
993 477
993 483
993 485
993 491
993 503
993 508
993 512
993 516
993 518
993 521
993 542
993 547
993 561
993 564
993 570
993 572
993 578
993 584
993 598
993 602
993 605
993 615
993 633
993 635
993 637
993 646
993 650
993 663
993 670
993 680
993 681
993 693
993 694
993 699
993 715
993 724
993 728
993 729
993 748
993 755
993 757
993 759
993 760
993 771
993 784
993 795
993 799
993 801
993 802
993 809
993 811
993 817
993 819
993 832
993 839
993 844
993 846
993 848
993 850
993 873
993 881
993 889
993 897
993 898
993 905
993 906
993 915
993 923
993 926
993 929
993 932
993 936
993 944
993 954
993 956
993 959
993 963
993 965
993 968
993 970
993 973
993 974
993 978
993 982
993 985
993 992
995 953
996 572
