19119
2
18
190
5
33
28
99
189
47
30
6
23
15
1
10
66
49
68
14
11
182
31
8
29
13
60
34
111
42
9
35
26
50
38
45
12
32
3
78
141
46
64
37
48
22
55
105
62
76
126
75
4
39
19
36
58
54
21
41
161
123
72
43
16
84
52
103
44
79
17
53
77
184
63
27
25
59
65
188
69
92
132
82
85
95
97
57
104
117
181
74
81
122
108
61
80
131
130
71
143
134
110
144
73
176
56
94
107
113
51
150
40
89
114
125
145
167
67
91
118
106
170
155
152
136
102
109
153
129
157
149
120
100
116
156
177
148
119
133
135
86
178
179
162
96
127
88
151
147
171
173
154
98
138
180
20
168
112
137
142
101
140
160
187
128
115
7
121
165
87
174
158
124
70
185
163
24
175
159
139
83
90
172
169
93
183
166
186
146
164
