19031
3
29
30
155
10
68
14
11
80
40
34
190
12
5
51
57
157
9
23
22
33
31
18
96
15
43
6
41
54
4
26
8
97
65
20
36
81
38
67
59
39
16
110
183
53
50
62
13
42
58
28
125
151
47
27
83
104
66
179
82
75
45
195
63
61
71
88
24
90
93
140
108
37
84
35
106
56
123
91
180
86
111
72
85
118
184
136
113
44
175
76
74
177
70
135
200
79
133
32
46
120
78
100
101
87
73
115
92
142
127
52
147
102
121
124
149
103
1
189
7
181
109
98
128
150
160
107
158
134
116
144
129
130
99
112
152
95
126
139
141
2
169
132
173
17
163
105
145
168
166
21
167
153
161
49
131
185
137
191
162
199
196
164
148
182
117
174
192
159
143
94
55
171
154
176
187
156
146
165
64
114
89
188
138
178
172
170
186
19
69
122
60
25
48
198
193
197
77
194
119
