19375
135
141
17
21
125
7
77
36
38
60
120
49
4
54
89
78
55
16
63
9
58
27
153
19
74
103
51
40
75
123
119
67
110
39
140
111
143
108
45
130
99
8
145
59
80
33
56
61
32
62
37
1
101
68
137
72
15
20
107
11
100
155
139
91
132
22
41
24
121
76
146
71
84
116
160
95
47
48
86
43
87
82
104
30
128
64
69
93
52
83
151
88
92
14
12
42
133
5
138
73
31
44
85
149
90
102
13
29
136
10
158
152
127
122
118
66
154
98
159
26
124
105
115
18
129
142
112
150
53
35
65
3
106
25
81
79
94
134
157
34
96
70
144
2
28
97
113
57
109
50
23
156
126
6
147
114
131
148
117
46
