40
4114 5806 15611 15721 18503 2571 13739 8957 13008 13588 5572 13232 6879 90 17145 13119 9927 867 6122 10469 14058 3706 7717 17770 18813 6841 10712 1992 9353 2613 4511 3612 10321 532 3169 495 4012 11905 17328 11336 
6314 3250 10003 18331 18826 10659 17150 13777 607 12304 18960 288 8001 1277 12814 19306 15953 5957 3829 7607 19276 10067 13948 6479 17291 9645 15493 13262 10288 9080 142 9942 1236 3431 19236 8479 1190 19196 16387 17569 
1820 10723 18298 510 3516 14462 14748 18872 12486 8228 3677 1658 5304 7675 2298 4638 4331 17165 10189 9548 12456 17219 15294 17836 593 15731 18768 18653 6362 15151 19610 15763 7402 12804 5020 3068 17759 16539 17413 3439 
763 2909 14032 10528 16858 10043 97 18261 9805 2428 1425 7689 19704 9756 7460 5897 16268 7060 656 16645 10794 8288 13134 7437 10251 10534 16576 2705 1948 11099 16265 17790 2197 4567 5233 13416 7423 12092 19442 15334 
11143 77 19929 8836 15279 10441 12878 2812 9206 9643 3521 3056 15002 8681 4839 19484 2327 11217 6977 16977 1364 12047 18323 4520 7265 13084 14183 2330 14544 9053 13991 11656 4838 73 12995 16950 16496 13331 19347 15084 
9413 1017 12546 11303 3563 6720 4164 6608 14653 17468 6796 6253 15349 3599 2169 4037 15505 13652 4345 2091 19830 16470 18968 10837 6442 7685 4478 18808 14727 2801 6230 7026 15960 4031 19476 7613 5118 13105 2114 11327 
17315 7213 3171 13714 17310 283 17946 14561 15517 16777 5746 10335 8954 10201 11157 4300 10573 3498 14794 3995 15410 13534 4454 765 16979 6846 2621 11027 12369 18849 11254 3969 19460 13693 19799 5353 14715 6940 7363 12124 
4966 18276 14976 17508 11648 6414 8905 11283 10911 3407 925 4913 18045 10529 16505 16239 9665 2936 6849 13399 2081 15278 5712 2678 9300 5459 16943 9977 9095 18725 3686 10573 10578 19279 15187 6869 1710 1593 12122 18832 
195 18621 16412 16774 16193 9096 16434 11201 275 11089 3596 19393 15081 14030 1181 13408 14106 6376 11425 19205 16043 1105 11749 1563 8141 6231 16093 14491 16997 12531 2280 1809 10232 15661 11360 17601 17480 14857 9854 1213 
4129 15403 10855 6487 16261 7056 14912 9925 215 15622 16631 7468 5215 9856 7944 14567 2506 10885 13970 9256 19432 16335 2414 2887 11888 16361 12437 8234 3591 3748 13939 19654 5609 5289 13186 4973 14573 6618 5722 13810 
13024 7687 2512 12008 329 11072 230 16866 7587 10310 11659 12863 14999 10425 17121 12551 15091 17866 2874 12322 10277 2015 17429 17711 18160 15473 1708 17953 3031 5293 13990 14455 16994 12371 15577 12883 19165 1156 8123 13556 
6361 6886 18561 19820 13743 12532 12560 9102 8834 12634 2461 16326 7350 6219 622 4386 4290 5990 14106 1343 18713 15969 1656 9063 15648 14792 18901 12961 13568 6824 2707 7545 10864 8306 10640 17449 9773 702 16454 18648 
1170 8438 7555 9523 18684 3233 15383 6493 15568 2190 14623 3870 2760 11846 12224 2653 11571 15374 12120 17923 9442 5105 6626 19552 2200 7576 10424 5885 1262 13290 18087 15113 19217 8360 11073 3999 2215 10241 5135 8658 
12626 14734 14070 7076 374 6438 10759 8053 6412 9859 11432 16263 6756 3339 14084 8110 10530 3013 7001 18074 10443 8967 8306 234 9153 10796 2495 14655 9945 14741 4868 13321 5160 19596 9816 5313 820 13570 3891 5906 
880 9299 9599 19288 19541 19183 10853 9565 15082 18248 16023 19775 3612 6714 19522 3559 16221 9455 7863 19202 7934 14544 1131 733 11927 18064 5794 5747 17427 7381 19809 4667 14748 58 15944 1114 15891 600 14263 18075 
4143 2223 19706 9561 11128 5826 5706 2447 4724 13358 9783 18166 16308 17771 12036 8957 746 16736 12500 8355 7583 2321 8268 603 6853 3813 16355 18675 17960 5870 13209 5609 15066 9194 6825 18815 7413 5909 2393 2074 
18029 6838 7421 14884 9252 2858 7261 13871 8500 7523 6992 5929 12742 13153 583 17792 15091 17555 13278 11713 1967 3585 8146 1950 14263 18729 12720 11735 10950 6884 6681 15424 18566 9542 16508 15506 15017 18552 8041 9163 
1134 7651 12890 4072 18419 14953 9632 8128 16424 13585 5727 2785 18193 12649 11094 14693 17210 15708 19293 5329 4286 8982 17228 3297 7826 16427 9336 8995 15915 3913 7178 6335 13655 19655 379 1198 14191 3110 9858 11314 
6874 19519 9273 17259 10982 2277 5635 9247 8447 10325 15008 9420 14029 12747 14257 14302 6363 17766 14761 7124 8320 8315 9033 14701 10132 11384 6202 8537 13699 13323 17262 14869 1527 18283 16055 3316 18738 11998 6912 8831 
1574 18083 14893 6641 10852 19037 19553 4863 13794 19140 18199 4483 2670 11441 9534 1387 3699 16001 13670 10127 14645 1606 9411 14121 14531 8117 14770 11950 13930 11654 1633 14478 19254 19802 535 12440 9488 9020 16463 19216 
8798 1447 1631 18470 3463 3290 16167 11332 16550 11980 12651 2824 18795 4286 5434 12212 19096 2574 10679 16968 3089 1399 8065 5034 13215 1612 88 15075 8733 4180 9897 9410 9118 895 3599 9298 9261 4172 7982 7287 
19942 3106 19580 16291 11975 17999 6021 98 7496 10518 5607 14988 6809 11698 16042 17156 4244 14955 8266 15619 11447 6309 6326 15304 11556 9005 19208 19992 12691 4709 15593 9817 14196 18480 17451 13008 4077 19697 13426 16545 
11065 16127 17939 5440 19744 3331 6955 5313 2192 16587 6346 7956 4550 17516 13785 4573 11980 12610 125 16389 437 5836 1174 17298 8693 12512 15823 8264 9052 6642 11464 8133 201 18889 2625 10570 10614 7389 13764 1790 
5974 8576 2166 18782 19026 219 1872 12703 5319 13856 14582 7139 13250 18801 18464 5920 1878 4928 10817 10163 4917 16411 5515 9253 4365 13609 11175 15432 2198 5276 985 16681 3564 18302 10129 7607 9923 17151 1746 2991 
5564 10202 7369 3705 5942 5163 12762 9682 1258 762 5115 19620 13748 6892 2518 2112 12081 10399 11664 7895 11341 8707 4702 17894 12002 18457 11199 6753 16348 11356 6130 6549 5771 14419 19843 362 7387 16796 932 400 
3405 10366 7963 10363 1685 16285 10978 16725 10933 14688 8727 18642 8948 19713 12557 11149 17390 7049 12903 1354 1474 6191 9308 2299 18055 14590 9920 14196 522 15885 11399 7700 13949 9399 15170 8932 18932 3104 960 10922 
7569 7216 3563 1164 19987 10634 3757 19979 14889 7393 9330 9356 12533 5325 7126 16979 13596 14112 12081 5108 2348 14927 4151 19021 7585 18838 9106 14682 19754 6174 4093 10345 7700 4034 13934 11769 3489 4124 9073 5728 
8727 8122 1132 1519 824 12740 16996 5135 2636 11692 17367 15811 3925 16731 10738 19614 8072 4967 18704 19777 2477 4633 13568 8450 16099 16507 14162 9575 12548 13149 10834 7556 12192 3176 15524 1415 1703 12731 17889 9129 
14478 1352 13385 11828 10378 14421 14272 12544 8228 19386 19459 9195 9493 17933 4137 6502 16601 11312 15136 16513 14318 988 2935 2432 7635 11813 6283 5428 14593 9905 10339 19135 17489 12426 4301 1498 895 11432 9429 18686 
9936 19007 13430 727 7254 5836 12118 13582 12104 10440 4302 17328 10019 1233 10833 5138 6470 18599 13747 2755 2978 9181 16445 13137 19099 9558 10845 15971 8725 1512 2447 16730 4141 6053 9237 4975 6274 8417 15388 6581 
4569 11192 5673 19574 14930 17787 11546 8270 9172 13415 4818 15404 14404 15791 19864 16935 5799 12709 10311 9208 1180 8719 11127 3177 10851 8063 2064 5357 1133 6066 13388 10205 15018 6184 19822 13621 18396 4866 13657 2235 
5281 11455 12962 18199 480 15279 5821 4139 3144 17148 16552 17985 19634 7428 4830 12341 19134 17884 13656 18098 10469 19483 7122 16970 3538 3341 3885 12650 3823 7000 17309 15255 13397 13223 18204 18772 16877 13503 1099 16173 
15750 13460 19987 1889 19524 2322 4482 16349 7124 13678 12321 12240 16985 9681 19156 7207 9275 5906 11561 12654 8677 19029 14209 13361 1184 4537 7134 17572 3329 16631 14046 2272 7297 7539 7595 3321 10350 8400 2571 5140 
2015 18919 12930 9637 7447 17985 13618 9056 10441 12428 13112 12440 4491 6108 7625 399 5368 16527 12905 7857 3633 11146 14570 19485 525 596 2919 7491 15675 10971 3148 6464 64 2394 16916 4953 12683 6035 16199 18473 
4308 16774 15361 13627 16857 3703 12390 18026 11738 5637 15230 15698 5647 3842 14145 12672 17240 9150 6064 2426 13121 5659 1824 5887 6592 18203 12274 5666 7581 15780 14152 19224 7212 8120 1694 644 5431 17592 14897 5713 
15145 13622 386 19981 1293 1827 5806 14507 18307 5036 13697 18963 14377 18397 5777 6784 15980 5756 13563 12068 11096 9483 16293 2890 14550 10956 12059 737 3931 3867 13103 742 19501 7549 1212 12402 6555 12519 4148 5477 
3657 15398 19049 10751 5192 5435 13742 10344 11674 9778 1903 17260 6241 9722 13002 8862 784 5085 2970 3962 139 8932 16528 18209 17784 19800 17111 17470 1479 3650 5332 13878 12281 2697 11911 14253 5379 13331 16020 15570 
6181 306 4977 7159 96 19382 16217 4345 19436 5621 7498 3186 15897 9502 6251 11021 12032 8067 14047 12507 10174 3265 7081 15822 2232 4702 18639 8745 8810 18959 14475 19274 1071 12688 17031 493 3799 1666 19444 4356 
3092 2992 15280 14091 7111 12608 14919 9899 13346 15355 4547 7647 811 19722 8678 15233 10629 14498 2150 16312 3424 9503 2532 16083 6975 7586 18873 8802 12554 87 17748 11725 3399 2936 12515 15171 3750 15590 6736 3375 
1890 9982 7699 5838 5625 1688 10971 3845 13649 480 1925 1856 11220 2460 5177 18437 3589 10974 17874 16439 5625 18470 7758 17094 11068 6507 1964 7732 9844 6101 17473 17795 6889 5578 9156 2838 911 18147 16369 1208 
