60
16166 7958 12423 17972 5387 3497 17717 4679 11331 11424 9161 4751 4993 1447 3902 1966 10462 15049 9610 10916 16932 14344 12484 15798 6377 9143 16374 4759 19039 13199 7699 13251 3949 5526 5857 14825 6650 17779 3811 2804 11313 13582 8536 11275 19439 10787 16017 8830 12327 2565 487 3504 9501 18292 2588 2339 284 10154 6153 14011 
10694 16408 18273 7970 12873 17254 12373 8512 9216 4223 18944 7235 8392 9056 13654 2310 15451 2981 17497 18008 3202 2340 8692 2912 17045 1507 10997 10268 10446 19025 8147 8893 13250 7895 19081 18093 6 5980 13668 5019 10506 7428 13602 7902 19713 1077 8164 13608 19277 6766 19531 2944 17812 5493 17328 2154 12138 4367 7103 4045 
6667 2268 2413 7185 3111 7178 15217 6595 7727 1107 4250 14390 8250 13554 6082 13795 17736 9437 18528 14980 7478 2442 11120 6147 16193 9710 2312 18307 7670 8813 8110 7193 14060 2958 11820 731 6995 5339 9588 5515 3730 18599 11443 10736 495 10321 2496 12970 10232 10490 14022 10301 6925 1873 19079 19185 3694 19234 12371 12513 
16841 18348 19036 2299 13053 730 2048 15435 1928 5021 2916 15955 1020 983 15379 12227 5595 7015 16767 12543 283 17155 6733 17507 14805 8483 8034 2691 10977 4874 9046 9973 13164 18038 12711 11009 19387 11783 1592 11268 15253 432 13733 8077 17914 17347 9006 1098 2222 14483 10630 18693 6286 18912 11561 8599 18614 17261 424 6360 
14015 4001 6690 19953 10464 14512 9776 14034 4112 8878 1757 2259 4624 17340 18384 1107 18044 3345 18083 3644 9356 5135 13635 16661 1950 1802 6218 9637 16163 14757 16500 8950 14097 548 12468 15781 2881 15960 18685 11147 13594 1339 16662 16501 18007 13076 11026 3336 10352 1190 1181 10225 6292 12943 3142 10753 16295 8431 11230 747 
15575 19083 14327 18279 17820 5010 6359 14846 4864 12136 15707 1183 9510 15052 3239 16151 13680 16536 3631 12112 9093 19659 9686 15262 12638 13441 4323 4334 13654 17966 9933 16116 15283 19915 9781 11231 17096 14446 1152 18601 11177 14356 4920 2041 8850 12467 1231 17426 236 8175 5981 13850 13836 14092 7794 17239 8313 3727 10166 19834 
13675 6137 8477 3993 4036 18491 16550 13750 9150 12476 2451 12561 16896 15498 18218 10681 3916 12594 13193 10608 16577 12 5670 4027 9460 6390 12514 18703 13548 2460 1469 18745 11315 5237 15826 6690 894 7610 6136 844 16518 9284 8672 6305 17408 10003 15303 3126 2322 11006 4496 39 11920 15630 8107 7180 6159 5018 13667 6262 
8888 9863 6842 1620 16845 4121 3753 582 15230 11637 7854 16582 7049 1614 11042 13471 8415 13875 3694 14462 6997 19841 3319 4126 5794 10171 16512 16911 19437 5002 13889 10587 15190 7720 2708 8077 15849 8206 6846 16106 6728 6495 8829 14096 13905 12775 13602 11764 5929 4679 18720 18835 16179 7796 657 15336 8041 10343 11917 15883 
10114 7933 8626 6412 13623 19378 13304 16795 9223 19473 2505 17761 5386 19673 14001 15582 15559 12637 13205 2947 6277 1544 3523 9457 3422 134 10316 201 18813 14415 13169 15823 4318 1961 6137 12535 5669 9748 10677 5515 13175 16463 10943 4109 11514 10221 6121 12297 15799 17635 19517 12849 6096 5161 9057 18601 17589 18677 8914 19314 
8578 12218 16924 17518 13494 1801 7493 11813 13124 5300 14690 11042 19227 14281 15184 7775 15735 8752 5754 4561 3724 10762 15015 11359 2337 17783 14091 17602 2858 1813 15883 7330 18114 5146 17652 10820 14396 8731 6581 11169 18093 14071 13014 9241 14211 4596 1066 15445 18984 17442 11274 1756 13745 1578 14990 12431 12264 3226 5202 16858 
18719 4489 13466 12967 18512 6156 7637 14643 9092 10588 10095 1586 2996 5657 1136 15044 274 15637 17239 7870 12508 10027 18873 2326 5587 6203 7546 14079 13452 6869 16785 5830 19974 18218 6719 19008 11176 19766 16974 16963 4963 1776 17545 18110 10565 11217 2355 2440 14875 12196 15165 19861 17867 11808 2550 13779 4286 7321 13597 18381 
3788 15652 11042 13040 16738 11072 3511 2293 7824 2059 13570 14818 14702 3259 1254 19850 3844 3474 7780 4485 10784 15629 9119 293 6934 19649 14120 12686 190 14175 6872 11477 1475 18079 17991 6074 14438 7688 14524 13731 10482 679 3146 14309 16313 2563 6355 9978 6191 16712 16336 13295 16084 3853 16188 12103 1894 1974 3209 4678 
8963 2576 13911 3570 5025 4216 15462 11580 13813 9265 13250 18288 11493 14831 9234 10600 13115 13778 10795 15727 1275 6780 14758 50 14173 11349 16273 12290 15245 18771 17257 4449 11577 14893 14067 8925 13263 5691 9097 15268 10917 13564 15996 14996 13511 15286 13180 7917 13738 17556 5334 8395 13078 11086 17594 14990 3757 9157 12085 11917 
9796 1590 1515 15759 14320 60 19506 5870 5328 15696 12350 1912 17113 14909 1881 16947 9501 4373 14141 19548 12125 1110 13543 3339 5894 8602 7206 7420 18859 4884 9150 16107 18671 13545 19047 11425 8790 13571 15206 16795 671 8982 6489 15346 19079 4185 12835 11298 2743 15989 9087 7845 7532 18218 11806 19982 4329 19863 13767 5708 
8812 2697 15805 4048 5303 9310 10728 13331 11900 17486 18957 8151 19055 1868 593 18469 18805 8842 13603 19267 6828 15588 12801 4221 4526 9220 9321 1807 13305 6967 15262 17281 18262 3326 3200 8990 3442 15124 15249 12421 5873 425 1362 10456 555 12230 11554 13240 13593 12891 11740 16134 5660 191 17879 9153 12987 1017 8096 16360 
18052 13573 17490 8632 7166 4064 5297 18244 17146 8786 9111 8704 18246 17571 5838 18285 5560 19510 4077 684 16057 16906 17616 11243 13455 18378 14728 12178 8109 7073 2954 15251 4115 4903 14062 5316 10798 18765 18871 13185 788 19659 6627 11247 1868 10669 8611 10280 14770 4712 10678 886 14126 18022 4411 8000 14741 10294 11568 11898 
10397 7415 1528 14150 17351 7742 6400 11947 19738 17846 3510 9249 19054 8670 19925 18185 14901 8028 18723 9143 9199 10400 11688 12993 11038 9939 8119 3872 4361 7646 14433 15977 5668 8633 4265 12793 3929 10437 3742 12207 19885 8289 1614 15937 6941 8304 18942 16711 819 4518 18026 1639 10172 704 15249 15216 5346 2918 7546 10392 
7468 13701 7166 1140 5054 3879 4426 14974 10331 2898 3135 8836 12446 13635 18394 16811 9759 2614 11431 3083 8408 1573 1186 18595 19327 1315 17315 4828 10915 3783 4311 13151 19528 3293 11427 13176 4996 12866 8080 8553 3352 16597 9440 3639 13942 13989 1877 9495 3131 7211 2956 2621 11768 7187 15681 14902 18616 19485 1653 18164 
16922 15919 2845 11805 6320 2814 6685 6937 7251 1872 14113 5452 10099 4568 15331 17483 16207 6020 2898 5675 12991 9271 16893 9708 10310 15920 1802 9513 10301 4031 19842 10622 7857 19275 10392 74 3935 10222 10222 6335 18886 3737 14222 1653 17990 1409 1293 10296 6387 2955 15109 11102 15587 7531 14430 7787 8758 8891 12651 5442 
16957 5332 11276 16663 3521 10364 17007 5737 18778 15035 17135 4347 12282 17861 12916 17205 14759 3279 15624 1071 6940 14590 14971 5587 17480 12293 14570 9366 17149 13784 14144 9768 1474 15328 3158 9810 19030 2258 15560 10638 7564 18336 331 3011 5131 10209 7516 16215 8449 7901 14436 7861 15637 7277 1760 3006 15542 5418 14126 16016 
10832 4845 5010 13630 7051 7522 10506 2647 4811 4593 1731 10683 17322 12767 10529 13429 439 13309 8157 6854 7417 14559 1652 7783 5562 3935 17562 11294 16957 333 7725 18368 10469 2880 16788 12231 17203 16981 16148 6824 6604 3569 14015 15840 5394 2536 16264 15764 6524 6249 17785 1358 334 4101 9007 17017 5111 4044 7278 12452 
19224 2024 7806 16117 2034 15263 13832 4836 15754 332 10728 13050 5461 1947 13717 10140 19434 3412 3879 19243 17015 14681 12161 16022 16179 18936 16050 10804 17992 3646 18621 2541 10153 7042 4620 18021 16813 15924 13307 14773 6843 15768 12700 11099 17746 19050 4956 11675 17407 2726 17533 2152 10857 10820 19855 11204 4249 3035 10143 3448 
3226 15347 2114 11687 7865 3500 6232 1900 11406 5360 5191 9432 14921 3041 8331 9806 15138 10764 14663 12602 7592 19372 19196 11845 12304 13443 2252 11328 14151 1935 6457 8317 15147 8313 11096 4075 797 11074 18517 14635 7724 10629 12275 266 4750 3467 11700 17068 4624 9539 12582 19139 8582 3807 8650 4734 10924 7888 13548 4875 
15802 2732 7979 17839 3400 8274 1716 17956 7695 1000 5165 12172 12992 5351 10162 2789 1407 19924 4700 19847 8509 4385 11269 11567 9279 18050 3492 6295 1598 6059 754 4393 19436 14085 5508 3505 12945 17524 12937 5642 17621 16080 7677 19518 19745 9711 7267 16579 10280 16854 17035 4165 4407 877 6093 4229 8900 15682 19128 11068 
4518 6418 3691 6491 15597 6218 17654 15871 4052 14917 6534 13507 9945 10675 5367 10742 5833 10452 4818 5277 17068 260 6223 15108 5244 1150 15234 5531 16974 1848 8778 2652 5189 13993 14992 11840 15142 10914 10840 4553 12305 15870 7094 1987 14354 10713 15361 8977 14418 884 16856 16585 7786 17708 17592 16824 19261 3904 19687 17941 
13343 13254 3476 13712 14431 374 105 5174 9240 1521 19303 18230 8599 12364 2016 5584 10845 13679 12599 6419 13974 876 10234 2269 8760 18326 4285 12522 10010 4399 3258 17989 8158 18168 12067 5974 8373 3712 17290 15288 9373 12948 5090 4643 19144 12941 1514 12858 9727 8625 9832 4323 18287 16863 4618 18155 6626 12806 7257 4477 
16356 14459 12564 16270 1889 16423 1209 10226 8457 8721 17617 15044 7336 1667 18063 10598 5460 2706 18613 6434 11625 16163 17624 13011 6456 1839 12485 4134 8337 13399 15274 14023 12475 2471 17039 17438 5312 19413 15370 6320 1440 6679 4971 1360 15235 5714 15895 1960 4380 3327 9149 2999 7471 8468 4352 11864 2894 15364 19126 4159 
1155 13924 4917 1558 7858 13383 8924 213 19519 10094 16836 3168 19389 15425 16050 15222 5490 4686 4071 3659 8051 13033 11772 13303 18516 9279 16203 9327 17324 3556 2644 6245 12655 9757 577 6544 7307 8706 3276 17374 15915 2985 5699 18748 19684 19360 361 1676 10833 19741 15891 19686 3932 6617 7946 2158 16317 13896 17181 2907 
4783 19100 13955 2469 10727 17840 14459 7502 10937 6514 17965 15766 16215 4168 19869 97 5019 9449 228 9830 4309 13603 12464 13097 14792 15434 1944 8438 2748 9181 9098 19175 5620 1241 16786 8971 3570 16677 6579 2018 14174 1444 13670 16293 12448 11286 15066 3317 3398 3219 10784 12857 19273 10556 2715 6006 18717 7401 855 5080 
9994 13560 11582 13763 5497 15787 7678 5955 19699 6332 4769 6741 7759 4694 13886 13924 6956 13547 4821 13571 8140 4759 19975 7989 9397 16446 3379 19595 9100 6999 14578 19083 552 17020 2071 11365 15387 15109 15984 17686 7938 8436 4669 17381 17744 4025 4919 17691 12392 11720 482 5085 17876 4722 8563 16524 8661 18685 19004 14104 
14653 15269 15825 11511 7233 1112 15817 5738 11578 18140 3870 12490 17426 6177 9735 8710 5494 3762 15887 10685 11723 18135 11204 1148 16547 320 10117 3820 11360 6243 1951 8837 19394 9818 122 17486 13159 18948 5883 19704 15668 10376 6314 2758 17613 4311 11232 14564 7685 4789 18722 10064 18228 16687 3958 14111 13409 15332 11022 19299 
12102 9656 12394 2161 2658 4812 5806 6197 11764 15205 3146 5143 14569 3874 11105 4943 18263 9153 8242 7841 16308 4557 8167 7044 15497 2832 3528 5388 3030 97 10476 16444 5804 1021 18319 11507 19090 10981 14027 893 6798 6119 16296 3001 506 17255 18848 19560 9451 8580 7656 502 18665 17076 1779 6908 17435 3590 12508 5454 
5291 11515 487 12802 7700 13997 15523 13364 18650 15618 8746 18885 12319 19491 11833 3286 11014 15703 2958 11187 1566 12035 4178 3569 17370 12920 19926 8998 8257 17542 11306 13849 5384 13053 5878 9982 13334 3807 7618 3287 6608 2578 16740 11548 12700 14684 14072 5066 8943 10962 9663 8463 5308 10521 326 7128 10352 19225 5789 6719 
2494 14833 18142 19173 13815 14737 4281 13655 18563 7235 6027 15894 3548 12278 7596 4320 2627 2624 5138 16474 2455 1342 18003 4091 11691 16603 6430 327 10849 19690 5362 7541 4985 17167 9048 19089 6402 13155 6146 13556 19555 2628 9985 4863 5365 1698 13713 16700 7097 5796 4972 14705 5024 11712 19831 14837 12039 4410 631 11376 
7413 14576 7451 12994 10885 17816 17872 325 4274 11460 14729 3479 12794 9897 6542 2935 3268 4381 10303 2249 1419 18254 11324 6017 15436 13506 19813 1528 17992 9633 8883 7549 3910 707 3674 18671 5661 1610 16268 18668 13876 19367 6104 1285 15074 10513 10558 1916 3779 10432 15393 8593 11217 5608 19758 5729 17791 4719 15427 9054 
1500 9526 4955 15180 19518 11469 8464 14228 5090 4943 13709 18970 6961 13151 9155 8895 3501 7510 4706 12672 8730 6518 9818 17418 12426 5034 3651 18224 1499 9910 16963 6368 14826 2903 10426 19667 8724 16811 19063 3384 15265 15772 17477 15143 599 15653 5577 12292 15495 5487 19472 5132 15267 15869 17229 4474 11292 5270 14193 16946 
1286 199 7525 6485 10546 10144 14687 5472 1333 3245 15527 3918 12588 13615 12667 10165 17169 16275 9882 1523 8787 10603 13154 8287 15850 18278 4089 19573 4377 6617 383 4402 17188 13269 3027 6483 1547 13190 14944 16117 2458 13843 726 7675 3777 9556 2186 16074 4364 10979 9390 10697 1423 10579 11864 10193 18249 10099 19673 6589 
18553 936 9036 12163 14553 13365 12199 7501 1032 15543 16213 14187 12526 8242 340 560 5861 6236 6756 13971 15190 2295 4236 17985 11759 14701 9525 17965 5548 4251 16066 3460 11004 11655 4780 861 4044 11297 16580 14743 2512 2271 11324 1331 7279 2641 2864 2541 6179 17864 4908 14019 7965 19310 7366 5622 18465 13816 7872 17783 
16142 10212 8171 2184 9229 13759 10052 191 1635 4434 10524 17473 19814 1 919 18259 17767 9800 19603 7649 2387 10208 12987 15444 6319 17677 4540 19903 523 334 16454 14888 3740 14026 13699 8825 11037 13800 5104 8910 8612 16710 1196 9020 7075 16924 13453 4743 10356 19045 4675 3978 2451 599 5153 6536 19194 19610 14329 11187 
17226 8226 12632 13586 17364 18298 13174 3505 4550 9890 8000 14837 11575 18619 8574 6773 18747 2793 5193 19620 6722 16261 15013 13682 4649 17932 13374 4644 847 13887 8118 13897 8182 13027 1579 17241 1346 2195 9935 413 8205 11705 14617 14855 2434 7222 5449 12184 9593 8925 218 787 3856 3896 10359 12981 17573 2663 7434 16184 
10844 15845 10104 6515 13311 11834 16280 8285 15332 1447 10131 7799 10749 482 18643 14910 18415 6137 17423 10770 14688 8198 10421 5205 14060 962 13271 12156 126 6811 14927 16630 14067 7387 17296 11588 12844 3308 17535 8207 14282 8346 2725 7973 11241 9022 11580 10008 2054 5548 2912 12108 9420 15053 15506 8896 4948 3033 9115 15548 
1525 13958 1262 10522 709 16978 19515 15725 7326 7670 13954 17564 8466 11747 19491 17310 19054 1687 2743 4218 1199 2200 13145 9837 9491 5494 2990 6946 19449 2245 6075 1565 1299 19248 9658 11460 6274 19645 19396 9597 17614 6705 1960 15970 3467 17069 15017 6248 13874 14403 19256 10675 9013 19403 12161 1661 10913 17085 8202 13503 
15800 7297 15143 2674 9289 9387 1149 2108 11580 16976 12386 7939 4876 3760 5790 2106 182 6291 6703 19286 5697 14657 6060 11571 3970 7025 16815 9344 10012 8956 14286 1778 7556 3449 10125 5406 5648 2644 14579 14192 2759 17123 6744 9546 10596 3745 17491 13713 14819 17955 14761 14986 14835 1501 5906 18165 9856 1501 16770 18715 
3426 1798 12195 4043 3579 12526 7640 10355 844 8852 6607 8501 11252 14802 3541 17278 16567 13132 16924 7595 18899 7166 2216 5972 11908 5546 19358 10777 15770 5827 14506 19663 8106 17864 696 11635 8049 12914 7120 12176 15655 9403 11702 14886 13816 11288 16663 18055 4897 19956 11764 19620 19256 5593 14906 18932 17854 8968 4792 18788 
16125 9559 5313 6141 1315 969 6369 14950 454 19561 10808 19587 1171 17255 2147 12260 12517 14422 12805 2863 18004 13813 17494 4715 18035 1464 1481 14615 3918 5504 18397 644 10643 8819 17293 16165 628 16493 3607 3449 15597 3979 3759 15370 18798 16926 8038 8599 14737 18604 11478 6746 18621 5864 17415 16874 12696 19572 13402 7833 
11661 456 14176 3851 4363 6290 11363 11811 3935 11376 14614 5655 3593 14242 13844 16367 251 4499 17282 943 13168 4800 5002 8815 9793 8830 2637 9149 16008 1273 4945 7461 12956 10685 3940 4981 7632 11217 1250 19220 9435 14122 9406 9154 9868 14985 11742 13484 7559 7617 15599 15391 5816 536 18513 12240 14875 16997 12082 13659 
16056 4484 13197 16435 9988 4618 17318 9664 16112 19409 13496 8594 15643 14796 5814 594 15163 7408 10948 11690 13064 5486 6522 7108 15998 19901 9956 4255 17538 6211 12488 1581 16235 3684 18058 11755 15254 2241 1748 12596 10779 13236 7452 14200 1382 5027 9479 5685 15529 9272 7768 10015 19418 8876 11397 320 12345 3548 10092 16158 
1764 13882 18402 3159 15255 9917 2241 4483 11564 15106 2482 17535 17917 1631 15285 14363 5793 18007 13857 9199 2332 14900 1319 1553 19590 119 9380 8315 8800 18691 2491 3305 11847 18982 12185 7695 7135 10787 11270 19744 12041 6325 2583 17299 9127 91 1972 11476 8324 8487 214 14974 2248 15179 13535 13458 16857 13107 17443 13444 
4618 19106 3539 5120 12393 2047 4010 3557 1211 10461 13483 16725 120 10572 2928 13772 1320 10672 5305 11989 8740 12785 17629 5905 17269 17557 9158 6951 4810 13299 10368 7121 4367 5133 2432 5086 8323 5172 11864 18173 2126 9671 29 8674 9549 14087 2206 17898 16720 1996 15885 6419 7117 8778 2996 3955 4694 6045 15743 17311 
7354 17712 749 9822 17927 3674 1179 10749 4868 12019 1544 18036 9841 5707 4872 2905 4387 14670 16918 9684 2864 9245 17129 9342 3842 15908 1018 10145 17141 1218 3661 13881 18704 14929 18996 11086 491 8194 14602 13718 7573 7808 6662 8700 19626 12426 4785 791 19007 1682 1379 18200 12601 14166 5265 19400 19616 15178 4212 4562 
2535 212 6092 68 3391 5093 13328 9514 12566 18718 10336 9664 2294 19325 8641 14782 2064 244 19357 17770 18095 16050 7715 1580 4092 5066 9333 19294 15452 9154 12909 6353 4116 16725 19030 13339 16254 19912 9777 12768 19967 1837 8826 18322 15202 14917 16716 19959 3051 16142 10987 3341 16647 10261 5865 7016 811 16816 11186 15790 
12676 1964 15250 13728 437 1019 1281 5225 2448 2653 12190 17576 13827 10702 3334 3488 12777 4493 7937 6976 3797 3662 4888 1067 19974 8366 3580 10768 11546 10849 5490 19715 12926 19300 7190 3961 5363 19917 14463 1321 17438 8149 2223 9726 10587 5027 19929 13021 1815 19526 7163 17635 822 2910 9084 8571 3698 5977 6424 18154 
10396 15161 19723 5960 18154 8414 12496 13387 8070 16805 3008 1280 7005 2794 19347 4069 12003 11090 17497 18842 9422 13050 7069 12802 5959 10551 14414 17541 13755 10269 17774 3556 16771 4310 14175 13478 10621 18122 2748 17404 13049 11632 14159 18823 7239 4544 845 4518 5143 1730 7733 16934 3018 19663 8139 12409 6355 19817 14526 13726 
6392 19981 18818 10421 15396 19417 1949 5282 12904 18804 17337 10473 101 910 17973 1728 4544 2918 1812 4050 2388 16348 15149 7345 10335 15524 18673 15445 4468 501 5884 16938 8169 5413 8559 11255 16308 8163 8961 8452 7890 2399 3468 6116 4342 17713 7318 11841 15636 18998 15155 4703 1429 910 17065 14184 19417 18355 14781 19966 
18068 18956 7761 1052 15958 8427 3810 7627 14856 4796 13939 14126 18782 2412 16159 16919 16199 11675 17875 5065 7544 5428 11595 17578 5274 7941 3615 5620 18621 7441 387 3088 241 18101 2247 14004 16945 2449 19197 10171 11701 10124 8424 17509 9091 13908 18238 14530 1411 8997 8139 11371 17609 6414 19665 2839 2239 16532 17747 13890 
16616 3629 7226 990 19380 17415 14240 17795 8627 12467 7160 18581 12818 11516 16767 17864 2643 13516 349 9658 1030 12440 19414 14788 13486 17725 5709 9712 5954 12334 15219 15288 2385 9329 14846 8914 19196 12941 11452 8487 18815 15030 17950 1614 9493 2906 16136 18520 3577 19427 945 12079 11422 1326 15820 13409 13140 6694 13886 16485 
15363 7561 4604 10174 5222 8514 10610 1164 18709 17284 4410 16203 5630 18252 19631 17090 18325 4789 16508 6867 16343 11393 6294 10625 4264 11543 4288 19392 4850 12213 6165 10510 14722 990 7285 2970 14734 6716 9689 11107 12252 19612 6450 5130 17508 1808 18080 11892 1227 4225 673 14357 5705 10731 10475 13197 6545 15539 14562 18952 
7208 4741 2330 8200 13597 17962 17460 2158 840 11035 15070 11172 9472 5654 13721 13520 13197 16936 16985 1964 5421 14832 4235 16505 16738 320 15380 6753 568 2325 19198 12373 9118 6294 19975 15031 6869 10376 2138 286 13772 10129 17551 12851 15326 17703 5188 13682 1756 6436 17847 12314 3445 16795 15609 12890 14831 4600 10714 17318 
3947 17475 13564 13996 9795 10456 14509 5542 14732 16699 1140 13962 4075 14220 15743 6697 10087 14613 2624 11992 2558 4671 19982 17011 13148 16859 16023 7151 5683 9575 13995 9975 9610 3125 15841 12228 18768 2370 19151 3334 2690 1956 7101 3858 2605 15094 16069 2328 9337 11803 10616 8887 5289 17566 515 19189 17691 8332 19517 6990 
15309 2810 10551 8875 5796 17975 7024 9536 15880 18743 4934 1070 1562 17737 5467 14707 532 6098 12765 8423 3972 1253 16565 18867 9945 2608 14385 11040 5548 11085 12946 4174 10033 13434 13525 17226 16058 17285 10918 2452 11283 7843 704 477 7477 2195 14499 15307 9338 2141 7880 12724 202 11504 10684 10493 6837 8849 14344 13824 
