20
14109 10781 15489 10111 5451 12312 17446 2487 15659 1845 1856 9653 3984 612 14757 16181 235 7405 13813 3922 
16318 10010 14236 5363 11777 6660 4808 7476 11770 9698 14935 10736 941 8632 18672 13010 1585 14771 6659 12992 
9591 14632 1912 12877 6555 4307 387 4964 11540 1967 2276 11865 887 706 4958 15023 9542 8901 13551 11215 
12318 10277 9997 1728 8537 870 6621 3902 18486 5071 15098 19722 5138 17938 6770 1150 19544 5969 5249 16881 
13378 3511 17238 10212 7027 7016 12517 2715 6700 14297 9024 3391 8971 1010 3973 8012 16201 11516 16942 18312 
11280 6335 15875 15742 5120 13363 1927 9449 15341 15049 14097 3199 19585 8717 19585 10895 11895 2218 806 15407 
15602 12103 15004 10387 11150 16503 7397 9760 2300 19903 3803 14579 9152 11998 13666 11927 1420 7817 19440 5566 
10398 1310 13246 2998 3059 9572 6766 8657 6709 9903 5283 17883 17661 16887 1830 11399 12340 11677 12366 14958 
4263 678 17932 13850 15353 5807 4709 16968 14982 13525 17930 10102 5231 14829 10576 3170 15760 13381 12792 1054 
16749 3976 12966 12738 3354 8529 6404 18438 10086 1763 12541 19405 18583 3798 6623 90 7194 1822 16803 17364 
15815 8024 2580 16474 4418 5993 15526 18419 8711 2756 8237 8455 1360 8652 2437 380 12218 12222 12191 16325 
5997 2305 3143 6711 812 14536 13730 72 16050 4417 9311 17431 2986 14163 5135 10909 16597 5503 19101 11263 
11998 15626 236 14041 13946 18461 3840 19029 12856 18471 9218 2694 5746 9161 957 8299 5568 13474 19672 3385 
7358 8275 13160 19295 4630 103 3905 12448 14473 4372 13866 12031 14768 5231 12490 3805 1976 18244 18881 4717 
2930 3095 14073 7992 19065 18499 4330 3407 6531 16508 1427 2428 618 18396 10836 2894 17941 19318 3759 12944 
14810 13926 13950 18865 5232 122 5258 6555 6981 3154 830 11290 9167 7224 9909 15478 19752 6803 13172 19081 
16441 14847 12539 12413 9391 10088 16390 5981 9176 10596 16130 17063 18436 5803 15043 17719 10664 4164 15365 13907 
4554 18658 14517 10406 7355 17300 6439 1224 5664 10866 8955 10183 7102 15012 3113 11366 1303 8974 15435 4119 
13655 18034 19014 2283 10241 11953 14399 2362 17398 16535 16197 295 4351 535 16338 11535 2345 5079 19942 14115 
18724 7795 14714 19386 9383 18836 19815 124 18039 10989 5145 10684 15760 11046 16970 18894 19177 4641 10835 14372 
