80
16526 18508 8925 19236 5455 12583 6895 9321 8293 4983 703 1210 1037 10415 12495 3678 12775 15366 14941 16320 17703 6945 19241 8331 2792 19967 14244 12858 13286 13183 11369 10354 3216 10608 15016 19370 3123 8896 3146 18228 2181 16672 7734 6015 6889 16787 9766 16324 3546 7413 8474 2190 16678 2925 9501 15653 605 509 1679 10392 6347 3424 17100 855 11046 16867 14188 16338 2096 17372 8435 13440 13166 1677 508 15332 14307 6012 16402 11283 
3328 11718 19335 14878 10628 18171 18066 4363 14673 8911 1329 13555 10309 1942 13064 6759 17085 125 8139 16126 19792 2608 13249 4888 18394 3229 2674 4911 9539 6828 3592 2001 6844 19403 10628 7401 12127 13063 14328 18922 14800 11686 13251 128 1577 8256 4356 11042 3712 9783 11378 8779 13943 10764 15886 1563 10323 1120 695 4564 9146 19535 338 10984 14131 8151 18268 16836 14065 9540 15492 2851 6100 11907 314 1955 6866 13448 13884 5744 
18621 1806 11227 8406 2593 9563 2456 11519 16725 11705 3845 18166 20000 15998 13453 9804 10538 2206 10983 4323 9642 11106 6574 18738 8999 9210 8199 4941 3206 161 2368 11964 14817 18721 7819 13178 4100 8288 6883 1873 682 7901 4213 3653 19286 19639 7564 19091 6727 12378 10315 15065 12371 2827 405 8229 19239 19794 5399 9055 17938 2603 8341 19868 10618 9617 14102 5330 17132 17788 10903 18804 592 19189 16697 13026 14502 5448 5110 8542 
18672 16036 10615 18326 16078 11332 17626 12035 7870 16421 3220 8327 8715 6542 8148 8679 9654 10146 15835 11158 673 10471 4063 7554 10161 11610 19010 12346 3457 19975 6343 16912 7660 17114 19049 7435 14901 4811 6692 9930 1259 8413 15782 10850 3504 9310 15947 6689 868 2522 11590 1020 14016 310 3726 12426 18412 7770 11678 1737 14275 1333 9326 12023 289 6108 15596 19781 3291 13019 3870 748 1081 1658 15 18781 584 19801 3708 11247 
18516 15522 12751 9338 16768 2839 15064 16789 9678 6837 18037 15387 5389 19196 9936 10756 8472 75 13045 16817 16010 7270 13240 2387 4327 18603 15663 8338 8545 18471 1214 8766 2164 4486 3515 14597 8849 15156 11064 3070 3605 4539 4238 1546 5549 14803 1861 19057 9432 2636 17001 4059 8135 443 6693 11808 3299 18261 5282 9801 6293 17340 16059 14724 16695 11315 891 19341 10490 15921 12522 12762 15151 13171 19242 2524 13813 954 16604 11931 
5706 3975 5878 11084 15054 6979 3935 5034 5612 16205 14241 7514 3042 19989 13653 13658 12300 4475 14701 10181 2236 5355 8051 6419 14588 1586 14826 14697 19555 2011 3478 13451 5143 836 10904 11532 12467 2882 12482 17151 14193 4571 10721 19882 18322 1562 17214 19170 4485 18990 7579 17788 4944 5243 14074 3657 7498 15202 5575 8502 2459 13901 9609 16747 905 16528 16120 3105 16387 5718 7664 2306 7282 12058 5715 19373 1975 8765 7776 13924 
14067 16452 14972 16895 19784 18933 14826 3156 14778 16000 8891 8438 12524 4110 19938 4014 11466 922 18380 7570 3141 14614 12623 13709 18430 3927 13030 12519 14154 19868 4183 9645 7178 5011 5139 6299 8236 11334 2356 2657 12637 2521 4985 13068 10058 11690 17214 6510 613 10451 7348 10753 9366 10262 18314 3634 16504 2001 9284 19913 5325 4702 3094 7121 15260 19383 19152 8858 12097 8917 16524 18965 12595 9871 16882 15015 5685 7252 2002 4555 
17444 8110 5502 2544 12014 14915 3504 3416 5679 4668 13909 16210 16267 4661 18979 16205 15068 844 10896 11495 13472 19719 5005 7946 1485 9717 10421 967 340 12973 12679 7531 16371 3457 8134 16897 8347 12390 14772 3454 5447 6876 9148 10129 18071 12702 4121 15809 8671 17233 7066 5193 14782 13336 3283 4530 1455 10289 14250 11673 5270 2589 5434 13882 17119 12613 3345 11827 15941 8064 6510 13207 10608 136 58 4451 12142 13344 8614 13910 
3448 2952 7173 4998 18757 927 14658 2708 9961 16380 19832 1945 2036 1402 14267 11117 4724 18262 12053 9410 12684 8878 923 1198 11278 12521 14506 16018 10195 2669 366 7546 12093 18966 3538 10019 8443 15216 10240 15534 19776 9344 1442 658 2509 6274 10994 15805 9535 9648 7984 15787 16776 3337 8029 15013 12884 8668 3175 15736 14260 8319 5098 2818 12610 12801 1295 3429 7196 10486 8952 15125 18983 7099 16167 10749 8876 5630 5239 13578 
7213 2580 17679 1162 6732 1505 5656 1300 16166 9777 19557 8575 16678 9503 6342 14891 8319 18547 18392 12460 18686 2584 17530 12661 10978 4126 3908 9218 13632 19458 4444 19131 18734 19428 492 19798 1377 15011 19448 5770 17175 13607 19960 13564 101 16988 5444 7989 7848 16856 5587 8408 6895 8921 10523 18382 14469 11466 7377 7126 19590 19309 13858 16221 10383 9126 8587 10024 19849 17047 2857 13194 7278 14483 3501 3796 17498 13107 1561 15401 
5142 14942 6452 6634 16117 8469 10291 1594 3477 16724 12098 9597 19871 8295 16545 17669 13760 7169 6943 14230 1598 2365 17152 7410 13150 3290 12111 6428 12146 11754 11664 19480 19455 6581 17372 6558 10959 1762 7008 10663 7336 4068 6409 15820 17909 1091 13383 5356 5776 15615 13350 18868 6388 7282 11412 11314 16782 7479 10535 2678 17638 18385 10534 11637 15355 12114 7542 11664 16341 10897 18659 13017 10692 14228 1460 19042 7454 3936 3061 10228 
8655 3085 18412 14454 14294 9675 2529 6867 15476 11059 6329 7827 17876 10019 10769 12350 2722 18442 18974 9499 17494 19534 11043 15150 13503 4497 11214 6578 12564 14629 2079 12291 9934 4762 5544 15564 5705 8987 15208 15092 1847 14605 9861 11217 7077 15237 2774 11156 16750 19030 6488 11671 19963 12895 17771 2614 11040 8729 12444 19800 7613 2534 4751 616 2463 2391 10973 840 1322 6219 1966 16075 3822 15253 14312 16255 9769 14185 14770 6658 
17944 13903 17718 13851 9605 17765 266 27 13888 17342 4739 14146 17285 8576 3205 13335 4402 4282 3741 12984 2157 3939 3133 8963 4640 6701 15676 409 795 18567 12791 6518 12122 9653 13112 15775 12590 2492 7764 11068 7941 17316 10499 19115 16579 5242 7379 17642 19226 5303 5700 18761 9536 6274 6849 11968 2855 19211 12760 15210 5308 11654 681 7462 10414 19429 5928 1237 15398 16984 17314 18479 14408 12193 14936 18270 10803 16582 5024 9796 
15721 6889 11517 8999 5098 18916 9071 2360 12330 19607 7181 6250 18774 8277 98 15280 9263 2948 2239 18098 4826 12714 13775 4063 9810 2079 6075 9235 15581 18211 1705 15115 7987 17035 8668 18588 10792 9118 13565 16478 2243 11274 3371 13186 6973 14830 10512 4821 10424 6485 929 18277 7978 2716 9822 8688 5981 3640 14752 3696 16847 17302 798 7983 15435 10298 17445 6480 8883 5695 11911 9717 17084 14162 8574 9736 5994 9269 9205 1 
965 2881 13694 17761 12276 1588 5940 12282 10067 10108 14619 7404 10850 12594 3491 11843 2790 7801 10951 15690 1946 19027 3501 16540 16655 4782 12846 3680 2243 1113 11274 13794 13267 11536 5043 16593 5451 5490 10428 13838 4526 11273 2138 171 4149 14387 8787 19204 87 17225 15100 13297 12869 1054 15540 10468 16070 16207 9055 16863 12436 11445 9626 8240 5022 18416 12300 18884 15547 12143 19396 11409 7130 13492 16583 15871 13617 4543 13500 11635 
2677 12817 8622 10440 4853 5280 3043 4087 5757 18073 12882 5189 3600 12908 14981 14439 19237 16047 5597 12805 10922 833 16768 2113 10961 19681 41 2440 6438 16489 12255 19768 11220 15384 3056 2323 1411 6770 8842 9045 11456 16581 2822 18627 13078 9708 15872 12555 4228 3518 7882 10590 245 12405 14279 2128 4416 9321 17414 1879 112 15211 17493 3299 11691 12297 2756 8209 6368 2153 3579 16052 14219 14489 180 1208 8524 17615 18643 11815 
13625 6482 14913 8535 12497 9271 11479 6696 11203 18455 16412 10250 2446 17261 19463 10984 15377 17490 4888 11427 3864 9619 5707 14882 10411 11124 9076 11024 7904 3960 7454 10506 6373 17152 15264 6999 16973 15402 15727 10122 10344 19686 7562 17677 11565 10750 6231 644 18876 11457 19428 19367 18348 8923 1494 14370 11709 2369 16439 233 19496 7638 4273 15980 6726 14306 10317 10404 3280 16333 2198 5772 16171 2184 4200 8347 15903 15355 3672 19160 
4100 1258 9168 3482 14583 1381 5019 2414 5102 675 12014 15051 1891 19104 8884 4650 4253 3283 14270 7232 1338 19161 13876 6075 18331 11676 2477 509 14208 2312 15476 2478 18274 511 9711 19287 17646 9869 18175 5974 12893 15053 8358 15760 3995 378 18881 1992 13833 15984 14132 10032 1378 12546 1561 2523 1782 10457 1354 6476 15539 14423 3144 15605 13933 9402 9472 6358 12925 18831 10667 11073 12697 11076 838 16704 5022 5042 9673 2546 
15659 10875 9725 15411 13945 6710 3863 5670 6795 17381 2607 12622 19270 6050 5990 12611 8927 14674 9680 8338 6120 14268 10 2797 17440 10881 7635 6287 14503 18238 14480 9912 15237 12981 13682 4041 9896 13437 7206 5133 8954 7866 10823 19384 15085 3119 1141 16628 6419 9637 4375 12927 3244 3747 11536 5294 15364 13165 9745 6978 12277 16675 4335 16753 3385 13893 11452 656 401 6075 5825 9591 19154 13891 13402 1261 2982 3116 3535 19850 
14881 14161 409 11891 10624 16396 18385 1774 10019 13192 10971 15307 8499 8621 8082 4796 16233 11763 1292 14052 16940 19533 1768 6786 3605 4000 556 6817 13271 15093 5925 3536 8100 14679 17449 1059 14896 2907 1513 14510 271 2783 17934 1869 3635 13908 12379 4830 15223 11303 14276 17088 11309 10284 4898 3521 3827 3296 5311 18674 6575 19662 18873 18005 5176 4187 7972 319 3013 15532 9687 4837 296 10326 65 11319 8465 3929 1697 16704 
7112 3792 14287 6686 15614 16363 12886 5665 16654 13448 3503 13521 13828 8999 10757 2639 10520 2242 17269 13626 2237 8088 19486 13154 19586 769 9606 2375 4079 1641 18319 9334 3967 7069 18021 3829 2276 17365 11218 18145 14232 12685 13783 2106 16278 6841 7765 5883 13856 14966 3444 8992 144 15952 15302 18920 2941 15624 1615 7817 1881 1563 2339 695 3169 5536 14989 13564 4025 14452 13194 4954 4018 15800 17612 9242 5486 8489 13899 5245 
10221 15041 17410 18498 4622 16067 9340 660 10477 12963 13960 14490 3587 9777 11665 17825 7410 10156 7512 5000 13907 10345 19924 9145 8785 14148 19267 13803 3323 806 10972 7294 19964 1714 2898 18282 3872 6934 1617 15958 17620 7424 7321 3299 1226 3927 2018 16826 4696 18457 10724 11308 5278 9329 331 12836 6616 15647 5834 8726 1975 2216 18612 7663 8747 791 16446 8547 6407 8621 19963 1462 15112 10206 5193 9211 17141 13219 6930 2861 
8344 14529 12572 9722 11808 17251 11151 17206 10906 4776 7213 1011 3940 2707 14257 11046 7544 4644 7409 13558 1052 2756 19 12882 9003 9068 13883 1259 3983 18422 17746 10157 16986 9022 13815 1538 7478 1521 16932 2496 10364 2578 16117 11719 2026 3830 13159 11201 12641 12207 17951 1644 16946 12529 5241 4993 659 8336 2507 2535 4720 11869 3624 2001 14563 19152 8026 12115 6584 11110 10036 8010 9012 6658 8070 15976 19359 18698 8382 10948 
5637 8973 3051 5193 3540 2694 6895 11628 6756 8895 2998 10194 12631 17452 11535 10746 10331 8695 1588 10875 3731 16554 10635 12116 6182 11183 1410 2968 9371 11986 10801 2168 13445 7003 10499 660 10596 19566 4061 5687 19286 8193 10100 15456 11306 10629 6261 17804 18859 7991 13698 11302 13840 9950 6716 12243 16521 6883 17287 15945 15810 19932 9107 5808 8288 4915 898 8558 8190 11025 3631 19129 5549 243 1368 3601 14650 18418 10397 13651 
26 13941 16365 10941 12142 4958 14076 4881 9987 1051 19663 12219 12738 10335 9801 11873 7702 7894 7664 13466 6711 6512 310 2977 8160 15619 17171 13972 6879 19401 4351 17827 19026 10010 14412 11402 14182 16799 16327 5586 11851 17542 15313 3163 4525 2559 17195 19435 14538 7685 17025 4023 16860 17029 16614 7317 5048 1455 690 19975 2522 3723 6343 18932 6363 6225 5472 18356 15817 2258 4893 8974 2697 16774 13825 14217 5858 7530 13418 16624 
16956 2596 8021 12933 9649 15142 2874 1298 9451 1451 17919 9078 6419 13089 12407 14630 17856 19174 19992 1538 13216 19683 19007 8724 18420 15725 7598 4878 1734 7734 18408 637 8431 17497 12505 16960 16403 14980 17231 13128 9922 15869 17664 2812 13726 769 16386 11647 14634 12011 1232 14743 2861 8983 5720 17578 10230 7939 11845 8708 7463 17222 9916 17730 7749 3822 15144 16932 8762 12235 5640 10082 10325 1531 11544 16771 9908 11594 9939 5771 
3142 14448 5263 15830 1547 11630 19892 7340 4646 3521 4591 13333 8667 1607 3507 3223 19010 19567 13414 17740 18676 4158 1868 18494 9839 11824 13990 609 10743 1958 2536 1854 15134 2764 970 6721 6380 10659 4197 8877 3504 9139 6672 440 1282 18065 12556 1499 11625 9289 17606 8335 18409 9567 7495 3763 2951 16698 2245 18046 2324 19818 1460 13809 7678 19797 10049 13399 14780 10667 9119 12118 3948 8021 1740 5777 11555 15332 8254 6002 
318 4109 10824 1733 535 8839 11913 10349 19466 2662 16366 6861 1054 4693 11806 4612 3154 14950 7010 5911 4479 17813 12958 6055 18437 19961 16256 19157 16046 13710 19600 19240 5126 1710 8983 15012 17943 3916 12325 1775 4497 12792 19221 18899 13649 7665 16482 6302 9256 4186 19174 18367 13522 19821 1824 18741 14742 1314 19496 4454 1628 5061 13410 12782 11398 6338 811 9312 3833 18301 13751 627 18473 6722 16491 65 17139 11377 16208 19980 
18988 10033 6676 8936 264 5975 9641 17295 15947 4996 3546 19606 5485 12811 14310 7262 9795 8801 7849 9835 11720 17060 9018 8552 17131 652 16671 10328 18864 10035 9516 15809 10669 1580 2462 19854 3376 7121 18144 7894 447 489 3306 16612 15116 11946 4738 12372 16292 6469 4449 5846 15428 6821 18770 6260 11526 7343 11066 3717 16478 9410 12752 13016 7929 14478 12292 17416 1840 15669 16883 15781 1952 13835 16490 1533 8330 9018 4946 6872 
12175 3276 17777 10674 9096 15775 11460 13526 8020 16119 13795 8327 17948 6833 73 19889 19710 10942 14738 11982 14949 5593 3217 5259 9482 7638 3622 14495 13250 2140 12999 18581 4044 9717 7811 1708 7174 13676 3356 9184 8293 12866 1789 6313 1552 11197 3451 13779 269 19750 1183 17973 2312 12425 2320 19696 7370 1066 8039 9685 8312 986 4772 4381 3810 2850 7342 401 4426 11839 18537 11132 9334 33 14792 13893 15882 2959 12667 1100 
9173 16239 15825 13872 3847 13264 7178 1521 15263 9849 15891 15351 2261 6794 13954 10216 8697 6297 1972 12268 15927 3143 8896 16331 3444 16630 15359 1349 19842 14139 15316 17327 11303 2313 15673 2226 19786 6769 18589 12225 8119 6279 16141 13806 14160 12365 12048 11095 1242 10239 10118 6887 17066 2030 14137 804 18238 18232 8860 13022 2647 8317 16807 7000 16850 6435 10549 9644 10674 13162 5164 12362 16209 19212 564 1425 13379 2061 8366 11087 
9294 11423 3007 17897 3542 4501 1777 19635 16645 16976 3476 7320 3827 638 360 3719 1321 3633 3086 6798 17368 14228 3326 1550 5116 14065 3746 8644 19605 11809 10036 3325 6014 13156 4680 3002 11370 8124 7146 6974 16902 1558 10200 16711 13223 17808 7007 10149 5534 15495 8732 8421 1037 13315 17312 18467 15738 12818 3088 19963 2835 9094 1997 10003 9877 5310 11989 3967 16876 12026 13386 16030 12564 17242 2838 7724 10989 18097 15593 18014 
15619 10174 15746 13309 3163 15331 19169 855 4281 14013 18803 13945 3378 12969 6999 2378 4669 4318 14601 6619 16696 16899 11451 19076 12494 5850 18010 954 7591 11336 2777 8104 3019 2384 5200 4322 5540 6749 8759 5519 2267 12756 13914 3212 11858 14045 5607 771 19490 13174 14993 848 7782 4996 109 7449 870 5769 15146 11056 3808 18918 3029 10270 4488 13401 10978 8381 10276 15604 13755 8324 16530 713 14261 14453 9210 14499 16197 14563 
8750 1438 8456 608 7397 133 5939 11545 17182 11948 16490 6749 10731 13802 8630 3426 2096 11066 19777 16470 19790 11492 9642 4201 9216 6116 8491 8418 6680 8066 14959 2200 12175 5229 3093 3912 13117 7688 3333 825 16231 15897 7098 10813 9764 504 9677 15546 3222 9779 11106 3635 16813 5574 19719 7141 17782 13756 8069 19917 5830 49 15893 11189 14801 7231 19819 12840 2830 14602 14495 3813 8133 5691 14839 91 12623 15108 14077 3671 
559 10506 17286 8985 4391 10572 15096 10198 15001 4988 7268 17826 18531 7310 10814 18100 6976 16690 12362 13530 14737 9379 9444 8093 18314 5966 10393 5490 1337 5257 7551 13900 12113 774 3453 15691 5880 770 14698 5489 8955 17730 3176 5081 6969 18274 9348 8564 4363 9413 7264 16186 7350 2085 6008 314 7515 17920 7255 11977 8248 10158 13630 1399 1202 14670 7553 10988 4949 12015 5260 4192 3041 6461 15694 18682 3641 12929 18934 17278 
7936 7771 3877 15072 19496 4348 9830 6186 11787 19315 1731 18583 16009 579 13661 10392 16455 12849 344 6171 5581 1718 1330 16551 15967 2225 7533 9692 11358 2824 4824 7997 3981 698 14366 8517 10313 9358 14363 10482 2497 4474 12939 18402 17587 18853 6801 14168 11816 2522 5400 16600 12070 8849 5269 11868 1753 12626 4218 3234 3241 11074 10081 13543 4097 3688 3709 18911 19251 11870 876 17038 6319 4284 2811 18589 16260 18873 10020 15079 
6540 17469 19104 1696 9023 13945 7251 18511 9735 1832 14087 18496 2726 12353 15583 15797 5196 18800 9698 12705 6073 8199 18448 8751 5246 6193 16090 363 5619 6095 18101 4537 5195 18028 10653 4943 1359 19102 5261 3909 4557 10573 8290 8727 3561 12900 17 5704 9502 14655 2935 416 10856 16223 3971 7582 16578 14213 332 19004 9569 17540 3639 3019 17662 11100 2057 13887 14310 7979 5098 14554 6177 16141 788 1239 9806 10513 19886 3272 
4552 6436 6835 16621 13987 15385 2149 14553 12930 8917 5906 3855 2326 1788 17042 65 19133 10150 8136 137 13421 5800 372 15999 9868 12391 8358 17406 15832 14557 9503 17569 3195 15888 17627 19960 16167 6686 5500 9751 2231 7442 5993 18323 8419 18984 6530 14273 10113 15206 16526 19365 4549 19348 12507 12861 6213 9740 10586 12667 6326 5956 995 6730 3593 11320 4351 13135 18410 12693 14353 12323 7718 3487 16587 19876 2688 833 18136 13309 
16421 12856 7673 11305 13863 16971 10739 8821 1107 15169 9873 16519 16284 17198 4301 17948 9218 7601 8861 2913 2040 17534 16851 480 7946 7311 16494 44 10288 10606 15704 13898 9187 16252 14836 19752 7844 8579 12115 6618 15759 12221 11430 12526 11018 12334 7172 7480 8860 6166 5821 119 8697 6901 8947 11494 16778 5740 7333 4420 6685 3133 894 1829 4853 5109 4088 12566 13288 5643 1498 8058 6690 999 3282 18311 6148 6977 15173 647 
16615 15009 2710 19646 330 8046 14409 1702 3391 2160 13534 12661 17658 4809 13174 11953 5176 5703 14312 1668 17302 1199 11560 14007 5733 18172 16268 5562 7611 8300 11679 11832 11897 8689 19818 444 19203 9786 4817 6500 12276 16519 2341 18484 19298 13591 9828 8184 17222 10874 17205 3041 7304 9842 2786 4395 35 16970 4037 28 11654 15044 17880 4477 19428 8327 10249 5530 7893 2499 19562 350 3235 5328 3812 9671 18009 18996 5951 3497 
13373 24 17277 16734 11027 7735 3476 18213 12054 7184 3050 1522 4837 17507 12777 11092 9246 1605 19917 1981 9285 18126 5850 16774 11382 1662 10813 8065 10507 2107 14451 19931 11321 19117 11849 6853 16515 12597 9741 13515 19561 15171 12584 3917 4033 17552 13184 13246 16700 2769 7551 937 6583 10170 18697 8358 7145 15156 19026 9571 3822 15568 6047 8588 14071 679 11055 1571 12125 3714 5503 7418 15640 3847 14726 15151 16426 8605 13727 1571 
2452 12627 4692 17601 3298 13697 932 6750 16263 12009 6946 4158 15293 3586 9273 9630 9942 3801 17843 13122 6527 1934 2498 16101 8686 12692 14375 17223 19515 15654 6847 15762 12475 18551 15692 11237 3257 5336 3199 2660 19789 14982 15878 15856 12576 1928 10474 12284 12564 14134 7972 17802 8702 9665 275 14807 2408 17750 19244 6195 1109 15249 2793 4577 18056 14472 17717 5174 10597 3278 3951 5862 14087 3400 9940 2759 13637 17928 13807 14839 
880 3893 10013 15969 7945 10880 6194 17838 15827 11624 19858 12193 19330 15502 9630 5834 15795 887 745 6802 9770 7276 9457 5190 10835 13148 16065 17022 6753 10479 1242 4645 19144 11854 5350 12046 13863 11114 15430 18562 3276 3483 9554 19402 2615 16089 13235 6417 7602 4853 7567 7574 5538 18645 13794 8542 17022 16675 3995 4864 10517 10037 12563 18116 16926 3356 8182 14515 16376 17464 10967 9408 14402 19056 4482 6072 9710 8248 17296 2271 
703 19992 13785 3003 2977 265 18855 2880 14951 2992 6286 6566 13833 18622 5365 728 9104 10302 5515 15924 5714 18589 3604 1868 14163 636 3604 4516 9675 14780 3315 18402 7633 6486 7815 12669 7476 16576 14346 14226 2237 17674 18309 16470 15916 9815 15055 7021 15873 11156 17174 12882 12423 4712 11952 6496 2830 7078 8697 1107 1883 10045 10606 8880 6242 11081 10885 211 4734 13582 17783 7665 11806 2856 18242 2983 6296 8760 14853 594 
2738 10944 15791 6059 7359 7618 2435 12908 15986 13799 4345 16284 16020 19972 16295 16839 19691 7086 17036 13332 766 18849 14495 7345 11898 17236 7081 8573 4814 12164 15793 14111 516 1257 6814 190 1693 652 9287 9785 4528 12780 17951 4544 12082 2046 15321 14472 16455 14369 13120 3797 1897 1504 17625 16478 6067 16077 8631 9770 1623 8296 6719 9299 5337 245 8501 4070 6905 18726 14558 4866 14664 12562 19726 14451 380 5318 436 3037 
10321 19366 18804 7433 14765 12239 8127 17335 13175 11202 9512 17168 17191 16987 14289 16946 18646 12624 11925 10560 14791 18311 8109 4958 7914 18251 2694 8629 1537 10401 2204 12853 386 15071 6565 4131 6320 3308 14769 11252 7401 10997 19153 15423 2295 9631 2973 16903 7196 9670 970 16580 17457 17443 7612 15926 1113 11514 2694 3765 6486 9470 9001 3304 11063 1043 1693 17844 3827 8526 14130 18628 18235 411 9799 3252 18027 9185 15055 18084 
3056 9223 12333 3114 7323 15717 18553 2699 6407 10582 18376 10608 16477 6264 7016 2834 12076 3402 2292 16586 14860 3272 10601 18922 10478 956 16507 13437 15791 10168 10629 18464 3607 15683 15523 15209 17121 14294 14231 9270 11253 10246 11201 13971 3069 16082 251 8950 18462 14831 19278 12435 7308 4486 16389 10658 4245 10704 17143 12821 17303 18662 7603 5083 11540 17 12861 1973 19894 15896 15757 18692 18424 1862 5445 12728 8134 5787 10519 8222 
10570 14576 16378 1532 9371 10672 11509 11421 14965 4292 12391 2310 14592 12310 1697 14041 14863 19750 19483 16578 9001 4808 12054 13083 6001 13348 8194 19815 3857 13805 17447 16282 14061 8444 10133 4079 9564 1897 3791 17858 13375 12919 5743 16871 10000 319 6444 10502 6891 18972 3334 16257 18110 6877 19858 13620 7383 9182 9350 2233 12737 10123 18475 17826 19910 8808 9895 4340 16710 19787 8878 5682 5529 4346 3506 5536 16180 3458 13189 8693 
6256 8335 5174 2308 1204 9512 3716 547 11276 10408 1624 1044 7583 16291 8852 6610 4402 14599 17831 10645 19949 7535 10224 9663 12792 2897 14797 11398 16098 14059 11091 11901 16901 5053 18576 89 12576 1686 15991 13168 1702 14630 542 11371 11518 5423 1644 5455 9138 11313 8919 15382 8731 9894 19096 3639 11840 9458 11550 11613 3033 16016 7118 12478 8081 12903 9922 19021 6834 13933 16855 9848 17995 16017 4440 2402 17977 2194 7727 6242 
1029 11008 10948 15005 12820 13179 14574 506 14663 1478 8506 17398 577 4785 6054 11837 14364 2224 18410 12588 18897 18351 14295 8017 14799 5298 14468 17387 10707 2840 15790 9917 12299 12306 4522 10029 2291 5269 3549 12226 8564 12968 3222 14035 2633 7385 10494 454 15630 9919 16049 18337 3998 8599 4108 4168 2075 9765 14590 13638 3768 15164 12335 6486 484 389 3057 5030 7532 15605 727 9821 16158 14501 16067 868 13418 2398 846 17868 
17072 19451 7662 17877 17679 19899 9905 13853 5093 13274 11579 2528 1533 18527 1674 15021 8434 7002 12780 8650 19244 15190 8625 3376 15370 13215 10223 11300 7460 19967 15329 12680 9196 847 10881 16878 15800 9036 3110 11691 4436 16242 15023 9495 18688 3855 5935 3652 4311 10454 12733 13592 8440 16591 17571 2040 19443 12807 11681 12802 9601 1801 9978 2554 7818 10698 16155 5076 14528 14358 2958 11359 16001 15649 17323 14039 229 13636 5057 9575 
1588 15615 14767 16619 6446 13936 5709 14023 16927 13539 9250 6904 14995 1166 18636 14216 14071 12154 6741 16265 10347 15773 16499 5600 10995 5037 13690 9722 1467 1919 16791 19047 19052 13919 3549 18560 4900 2915 18992 6598 11687 12235 14547 9198 9107 2896 12962 3454 14396 14929 18713 8305 49 14754 18592 6218 15940 14512 2150 4167 8024 14318 16701 7388 802 3361 16557 4305 15753 782 11188 6100 2901 2281 2004 9342 7718 3383 2426 15119 
550 15302 954 3118 743 14336 11911 4079 12670 10741 3540 19063 15835 8009 18164 18981 16250 8500 4081 2807 11268 6353 3877 17928 5058 13625 8864 11052 16917 10585 14310 3125 9599 16111 15162 6688 9847 19116 6942 9113 18330 16953 1509 10158 11148 11728 12369 7269 120 455 9224 7081 4020 6 6450 6542 7960 12779 15183 12110 13109 4021 13710 10448 3924 6758 15844 9060 5094 15253 1983 10312 5379 12942 2520 7265 10523 5776 8316 14761 
12449 16910 7902 14203 6898 3683 16112 15464 16723 2817 3830 4360 3010 14772 3533 9126 11218 3207 10324 4344 4528 10470 3146 15730 1588 15063 15849 14258 833 2016 12820 13026 18585 2110 8842 5316 13102 887 17881 7281 11774 3375 487 13706 3649 5482 4500 261 4487 7986 18736 10710 6506 14052 4352 12483 10040 16232 13582 9074 19262 3873 10508 2697 9191 6864 13586 5620 16146 16683 4585 3640 8852 10651 13646 117 2368 10358 15144 14017 
2048 10183 14025 10394 9698 16845 7339 6750 9131 5930 10619 3713 13308 6335 3818 13469 240 8542 16486 4382 9856 17700 16867 5251 19009 17406 14615 17623 16819 15169 11809 9618 7532 5451 1952 9691 13085 11259 1655 3774 12571 10200 4674 4236 781 15952 13003 4098 13019 11078 4708 14929 8368 12129 3181 11888 8611 12966 17511 14319 14970 17246 8653 15355 9881 16003 1088 18960 15961 11266 4660 7858 9379 11646 16269 10769 9804 10837 16125 2404 
14127 4967 18230 14651 6135 9723 19795 2386 19334 3215 19266 12360 15099 5483 17647 8577 3351 10618 2818 12622 17934 12401 1528 2369 3890 9435 8744 17498 18812 666 9061 5271 15477 7266 9842 5000 17920 1799 10788 14643 8168 10602 19623 7964 5797 338 8573 15699 7510 4633 11339 9162 18924 11762 5245 9737 15748 19298 8248 12672 16552 6676 5501 18642 14291 1598 5147 11492 18797 1234 8053 5620 7416 14140 1139 11412 5969 13828 9026 12196 
7238 19951 3658 11126 19161 8008 16608 11453 19914 13528 3743 18604 2085 1667 16945 17525 13106 18144 2562 3705 4156 2471 11293 11339 4692 9400 9183 7047 4830 9536 4415 2607 12729 5036 9600 5123 19191 1360 4229 8071 6658 979 7005 11668 4782 10002 12708 5990 19772 13650 13313 15278 9696 1511 8026 6885 2924 8521 11934 13275 1910 2605 17959 534 19486 14916 11796 1824 19870 13604 4532 19208 1563 7068 12620 2302 4329 7607 19916 17169 
7451 11425 1442 3915 11432 15921 13582 6408 351 199 388 2564 7049 19743 10691 8639 8329 11179 5696 15962 2368 8087 1751 3544 5525 13777 17989 15004 10724 1969 3509 13257 14616 1339 3802 11380 5688 4829 11102 3116 10526 9698 8350 1445 402 19217 1457 18650 5388 1977 19557 6335 8167 9719 7936 18819 14753 19646 3324 8337 4277 12139 6237 5512 5054 19825 10057 3501 9103 8927 11542 9284 2313 18839 12439 10511 12435 10860 6913 11353 
2105 2025 14451 15802 19062 4971 2947 1838 768 19781 11650 14925 15610 8729 8664 14252 7864 9879 2687 10168 18628 10468 13667 16247 19889 6011 12086 4418 3927 16066 1531 16602 15236 12599 4264 11283 17158 1879 14457 8468 10403 5851 8804 1456 5658 13915 9168 8861 17458 1059 16981 5334 11526 13267 4059 14402 2745 6160 9535 11884 5968 7791 17593 13308 6849 1540 15690 3762 4876 10039 17953 13638 5805 6083 3436 8678 5668 1434 3937 7784 
13560 9485 1043 7014 5372 2703 17108 13210 5682 10799 9841 15691 19963 10555 5194 9448 4324 3248 8241 8287 4948 612 16732 11340 4431 5272 7009 11404 17202 16587 6972 18527 1206 17841 15788 17285 18055 5717 15020 1194 18815 8002 874 12680 17628 438 12242 2061 354 18688 14237 3965 417 6319 1906 14628 19053 4772 13797 18509 12131 16237 10087 17660 10746 15372 14944 2288 7776 10813 7812 5939 7572 2403 13315 13759 992 5086 4457 17248 
12944 15387 18814 13969 14642 1444 12398 15618 17755 2501 888 12928 12640 8808 2910 10817 17841 17886 5052 12225 13046 8056 13313 14094 12692 15204 656 3894 2397 3703 5371 10173 5413 7434 19916 5531 11290 1837 14943 5490 3932 12938 8182 11663 11228 14290 12878 12690 3466 7755 5465 1362 12694 9074 17165 11369 10228 4163 19206 2118 4495 7060 16331 5060 6390 15482 8305 9949 14345 4904 4091 14485 16292 7126 18392 5774 10703 4231 5244 7039 
13906 13910 8347 8026 5855 7060 12823 2536 11544 3606 8081 1523 253 17488 16494 15200 9819 6744 7552 2582 8101 9620 2201 11908 8858 12670 17041 387 4189 1744 3071 6683 762 11848 18679 14607 11982 16765 1554 11432 3317 4418 9214 9265 12951 8882 2829 2943 14954 14997 14040 2850 17165 16519 19448 6126 10961 13737 12468 14688 15121 1506 7235 13503 944 3627 14249 7559 10837 14506 12438 953 7538 14048 7347 6563 16179 6697 10120 19702 
6364 581 16967 14238 6455 7698 13817 4567 7249 11058 15822 1927 17246 9754 16427 18446 16678 17867 5660 17395 2496 18162 2366 13062 1508 16508 10038 8696 13841 7952 10962 5955 13930 10398 18343 4291 1204 6816 11106 13723 17680 1925 1066 9415 14625 4288 7146 1517 15498 9751 16330 18693 7347 7173 16044 8780 17842 12371 7654 5009 154 1230 15763 11238 12843 17912 12988 4620 6957 19096 4926 19149 17525 193 4975 18529 1629 14470 13708 11788 
10256 1026 2484 10095 6091 2543 5987 8193 4467 18773 13378 18907 19646 6674 12742 14154 3610 3149 8537 10895 9571 11322 16701 5461 17366 16279 7136 4703 2944 1227 8239 7390 19111 19998 13165 14302 19741 6837 12527 10448 4624 9413 3201 7858 7159 15990 7933 2366 12048 12700 5437 2850 15214 11842 15666 16339 3101 17163 9949 17439 13568 17046 676 15518 5539 1540 10224 18079 9622 4185 3805 13758 16865 14552 15932 3393 7846 12449 5181 12600 
9288 19715 16947 4282 10368 10565 18870 14523 15938 6389 18627 297 18811 5977 18773 12430 18326 7083 8328 12255 17374 276 15776 15393 15053 1015 13187 11106 17174 10881 6143 10645 11772 3910 9140 3049 1829 18963 11174 1819 12398 4060 1193 10903 14294 3633 8093 3445 11571 4624 14955 11719 4946 2365 12206 11691 8367 12187 19400 10652 922 17680 10290 11351 1255 11561 898 11073 16703 10071 5250 19092 4314 6844 8487 943 5954 17190 12013 2946 
4686 8720 10394 15424 14602 19268 4675 18048 1296 8017 1812 15749 15180 10803 14904 18632 4807 15508 3919 4338 2410 18487 1586 6273 18832 7972 14157 16168 10037 5384 11721 14377 2395 493 7750 6385 8917 1362 12576 8926 13643 5016 10480 14178 6353 19769 15081 5465 14807 15152 2713 2890 6681 370 8478 2353 18410 17236 14666 16388 13104 18517 6219 10246 14734 7625 12937 11680 10780 588 3113 17846 522 16257 18274 7783 11157 5660 3729 13888 
8947 16458 14601 10838 17561 13441 2039 5386 821 990 9289 15479 12027 18452 12320 12123 17052 4361 4684 2449 3391 10451 11303 17395 12360 11379 874 12469 16621 1119 11566 15002 10234 11953 9717 16353 3407 16987 6190 12488 19147 2153 114 1377 13992 18613 4652 10640 10012 11511 14531 13894 10264 6016 19975 19221 14897 16578 16773 18204 87 10354 7127 8970 6985 725 11008 11670 12888 11853 12669 19840 1784 204 12039 16082 16496 3988 15654 5491 
19587 16444 6831 5281 15224 3911 19773 14034 9186 14616 7278 9020 9207 9132 16757 5019 12831 8428 14233 13084 14986 450 1024 2682 12441 11185 12779 15656 7349 11128 15576 5435 17064 13094 18750 19937 2409 2327 9149 11606 11591 4817 16508 3009 1948 4787 4613 1437 6714 7274 7965 955 18996 6749 18614 15319 10138 7702 12857 10224 4673 8145 12483 8290 19042 1957 265 5253 16270 1019 14372 775 13790 3067 11393 12327 6589 16211 12665 5576 
12890 16042 13587 19703 14525 16286 615 11118 9210 18923 5611 3973 16904 14715 12251 940 7433 10090 14168 12681 1571 1300 9521 9436 2771 1815 1678 3193 1722 13861 696 13848 927 70 5296 17814 11491 16158 10011 2507 19302 10576 7190 15151 2789 2075 18569 19329 9460 11113 16061 17735 3386 6052 16489 4551 838 10072 19918 15887 16249 19757 6301 11730 5704 11260 10102 7832 128 15023 17600 979 5373 4955 16558 16071 11389 13027 12939 8464 
17661 5211 14360 19995 7105 19713 4978 12143 5605 13412 1483 4753 9389 7479 4889 13761 7416 8077 7826 6368 10978 3106 1995 17088 7693 915 15489 13108 2075 1931 14674 2416 9885 19129 10293 3100 18427 8287 12508 17298 10000 13971 4552 18195 10668 2173 9679 3541 11567 15548 11103 14092 14901 12189 9617 450 1847 13873 8571 6699 4533 14715 901 4316 9292 6174 17900 14752 3367 19341 4407 4162 2261 10448 10121 18684 19929 544 11704 13734 
8975 5261 5379 15739 3064 15620 14703 19744 18729 15809 3203 11343 18761 8866 6560 6359 4358 6218 4034 6717 8249 2002 13818 15947 5942 18103 1995 2749 7326 10861 19809 6067 15770 15369 8913 105 6949 8310 19302 2713 4550 15265 9598 15602 15068 13433 4401 9803 8869 5694 8362 14823 19711 6963 1694 14925 19908 8762 6792 983 13324 12957 651 11327 13396 10586 12778 48 18352 6729 13273 16160 829 17347 781 2100 14077 9030 4988 4968 
1924 17596 3360 18959 4706 6475 16804 2433 18334 10809 13945 18042 8703 18224 18702 9367 8608 2189 857 12490 9378 8913 14291 5952 4400 3722 12589 7525 6723 7832 16699 11235 7935 1484 14320 3078 10495 14355 15726 18867 10712 9194 15696 12645 14553 9620 16244 9099 13473 8017 9848 18415 12449 14459 7841 17019 7410 12620 3672 2627 14254 13577 5721 17050 16625 3478 19344 15195 4654 5982 2854 3689 1843 5428 7101 17573 2280 1664 13372 8499 
5373 12472 9260 2869 294 4527 7221 13352 17316 18833 15492 12216 8230 1565 16056 19920 3032 16261 9349 7389 15072 18296 10390 15421 11842 17585 6030 19668 13598 437 7994 14606 6999 6519 1414 14961 5960 1838 13543 18005 16890 13717 12325 15168 10523 18659 9519 6415 7504 19078 8061 15798 9949 9801 18353 11649 16137 300 13164 19836 537 3584 15829 3522 6357 7684 1445 7863 2802 10678 15730 13094 4215 5189 1258 4420 13318 3285 5736 12167 
15703 17738 12022 626 17799 563 14573 9021 5467 4773 11996 13046 5438 310 10412 409 16766 56 17299 18809 4490 16894 10517 19801 12688 17728 12190 6971 19113 5429 2145 1871 18604 4612 10585 6138 7447 12209 14690 3247 5884 18765 8832 8329 954 11385 3086 19494 16855 14289 9737 9094 5007 7894 2454 18365 11016 12378 17835 3883 718 6643 13999 9285 12492 18631 5915 662 8031 7932 2160 9100 18753 6599 12791 8777 10053 9140 3010 4066 
10568 7595 12328 4078 18646 12652 3900 8091 3220 6744 13716 10281 1255 38 14360 17227 18968 5293 12989 16587 9002 12484 8250 415 751 9163 15804 11547 6013 17470 17154 6475 7159 3752 11459 13183 15 1703 15029 7345 8635 14992 18172 15352 14161 10292 14107 17581 4942 16655 19600 10366 123 12182 12040 10092 3869 3903 12615 7856 12426 11831 10300 8135 1197 13098 6326 9891 4032 7142 3827 13558 1906 7853 12352 2345 3181 13640 1927 11291 
2638 11337 6349 2515 11470 14903 421 10089 15408 4833 780 2985 3194 19242 5044 19522 12562 12537 8937 11749 5931 2630 6092 3220 12992 12620 219 8572 2376 17884 4322 8365 9595 14524 6653 17610 13431 10089 8098 11430 17983 2525 667 16279 2535 18284 1793 175 6447 5533 4115 367 1255 3390 5435 11886 7163 13146 8547 5408 16120 2386 5606 7872 8659 17960 6739 4293 16707 8743 17588 4200 9521 4116 15458 1142 4977 19102 18769 18694 
13356 2111 9494 1416 5861 6205 13280 14173 5004 9851 6925 18290 19096 18071 7905 17945 7994 19953 5648 15266 12310 3431 19222 17548 3263 13304 11147 5042 15361 3403 12002 12744 9110 18862 15520 4629 15918 9423 8862 3760 2409 19713 7751 6717 16302 7428 11159 15778 1073 5374 15232 7294 11567 8282 11140 19684 7760 10351 16539 9511 8842 4454 15339 9051 14836 18937 5454 3803 7910 12954 19230 13388 10588 16275 6239 4251 3049 4507 13119 7630 
6683 5657 158 1204 6117 18986 19297 17880 6876 12080 3253 10142 10885 7088 438 3402 16979 12051 15367 16797 18629 18269 19244 14861 16062 9643 413 18517 4959 14920 9349 8819 8922 18797 17903 1887 7908 12796 17462 18473 19791 11878 5721 16590 17270 7699 16768 649 7293 14481 14142 5532 5183 8404 11578 19047 664 6483 11110 11202 17966 15843 13225 3728 17204 9351 18758 18295 9205 8530 7212 6859 992 19693 1186 12574 14088 14243 11612 14706 
2848 9065 3478 15992 4992 7956 6718 15875 1540 10026 1981 18056 8320 16013 15936 5802 6251 8441 5827 3444 2584 6564 17940 7501 283 2037 9704 15875 17742 6240 10066 8549 6022 5207 17882 18224 15787 3084 2962 14335 11149 64 19488 8889 12579 15732 6485 17548 16100 13750 15023 14411 931 8841 6852 3919 2777 1983 14143 18335 14949 14770 15037 14216 4509 18869 4678 6336 15613 1510 6420 2484 17261 12953 12905 7578 17616 6860 11684 10536 
12101 9523 15076 12336 17450 18863 18963 18701 8903 19168 186 5861 2738 2479 7246 12808 11314 12580 3999 18500 2827 12519 11017 7436 2961 1609 14321 12058 617 12825 16160 5399 4915 6568 7526 2422 5651 1696 7104 13494 14400 9790 16325 18421 8450 3572 5224 14490 4755 15427 8791 16949 16098 6959 18488 15371 6643 15512 18635 14330 9078 8614 2352 11830 10516 2256 6726 13934 19362 3970 11917 9008 10320 6610 13867 10045 9738 3818 5318 18486 
