120
18446 14987 5695 14958 3440 19384 5276 3100 6561 3200 6164 389 16308 3642 3004 18102 14266 9696 968 18331 7133 10973 3755 12774 14381 4786 12713 17077 13752 12386 11762 14192 11777 290 17801 5170 11499 7650 1292 10834 14590 5592 6711 12772 50 19467 7541 7075 6678 9946 15516 9279 11499 13906 8780 13924 1334 11031 8663 17188 19703 7080 19758 16020 16248 9752 12989 2217 10862 18079 16347 14875 9716 11301 3000 19667 15358 8145 11443 8362 18100 12455 17393 17046 839 6105 2111 6462 14543 15136 6829 12929 6556 52 7988 3252 8927 6213 12955 12082 18949 15268 927 5151 9084 3556 18682 16824 8482 18414 5899 15408 3257 8343 9702 14647 7730 7950 13139 14849 
3811 3614 7267 2081 10715 10819 1545 18864 12196 19074 12210 4813 13490 5378 13329 10654 5154 2150 218 14056 15979 10575 19910 10720 2184 15294 8358 19160 5058 1380 19068 2607 14251 19538 12846 16486 18895 10464 3339 14893 13745 4300 18074 14518 12531 16130 19665 19438 5696 3438 16884 15236 4724 16490 291 5868 232 17552 2089 11725 6026 9899 4916 12321 6291 2544 9246 2050 8125 1631 14089 12442 6582 4418 10682 19369 14429 16808 13857 18620 13794 337 767 18301 11901 19585 11668 1483 8062 5927 12436 17544 4146 18574 3512 5640 15671 8832 4961 18742 5747 18526 12327 1674 9023 8517 2981 1599 17852 18261 17643 14379 7844 2328 6767 15252 5007 14847 16479 7262 
1648 17788 13751 5884 13243 14032 15499 3275 13443 11161 11298 592 9415 6918 14400 1814 4700 12249 730 7505 1783 12897 569 11957 1555 15452 12596 12150 1853 8827 14978 1961 2276 17070 13201 10071 7457 4464 9330 4997 5972 18857 2376 15694 7095 4139 14465 1151 2555 17829 2500 7445 5517 14689 19998 15658 3947 2316 18779 9119 10561 19638 5226 13400 16546 14266 10763 7495 1237 19625 1274 9643 14935 17805 15124 6203 17065 19083 4491 17037 16843 14032 19677 15842 8659 19172 1101 8849 19353 2085 8654 348 9566 16954 3101 18461 16369 6437 19229 19610 9347 10829 15409 15111 17322 10453 9288 8337 7917 12206 14262 15885 7132 16199 16457 11178 11131 3442 16866 13958 
7421 10491 8370 14084 7616 2014 2293 3089 18970 17201 4200 11930 6862 10955 3628 18360 5435 15814 7423 12378 18555 15528 11374 13171 18303 6232 9848 16001 13163 6160 8090 12478 3107 19825 6891 12641 3771 7618 14301 2292 6885 16743 4092 14032 9172 14445 5636 15415 6888 9461 14897 2669 18195 12630 1233 13433 549 12594 9674 16919 15299 7547 3385 4963 16684 18944 15990 12392 7403 18129 8440 139 7962 1807 10134 19558 11975 17301 8948 1359 4610 3530 19892 17615 6366 18656 7059 10273 9374 10313 18567 4603 18398 9388 19173 11029 13735 13263 10255 3775 18198 9472 11838 9763 15365 15703 6366 6210 11286 17089 8896 10342 16839 6720 13402 9685 12909 312 9887 6355 
5598 978 11976 13789 3628 15031 19691 9357 15156 4764 7086 11289 6153 9134 9432 13359 7567 8300 9641 15753 3431 12939 8621 15574 17128 4292 9233 5409 17979 15868 8560 13404 15349 12740 18159 3271 12472 9385 16987 17686 17155 11988 6696 13497 11579 16167 3974 2183 8354 16031 9625 14014 5047 5540 19077 9327 14343 18070 4003 5381 12040 15155 19737 12208 10072 315 18187 15908 6723 18922 10921 12822 11254 10041 12109 3022 5096 1182 16028 16556 6826 1893 8795 10884 13085 17146 19033 2937 12659 6440 17144 4257 15873 19568 17887 12620 6520 4979 5946 18623 8489 11677 9167 10631 4285 10590 9163 6552 7642 6356 3970 5860 17394 15444 2442 315 4809 11574 15066 6803 
11567 4351 10898 10754 568 2062 15294 13553 6764 14571 8133 2399 189 17246 7211 6043 18395 1866 6507 4836 10463 5425 3990 8540 19782 12803 18669 322 17793 14201 1570 10384 5868 3314 10323 7653 7530 7157 2053 2982 18181 3493 4255 2282 4555 6791 8351 13049 11042 8659 15605 12687 15119 3691 10089 12103 19027 16655 18392 12984 9927 11969 749 2203 5679 11402 3287 11798 8474 10935 6071 17946 13467 12710 6636 17382 4631 13033 3699 4703 14998 12327 10731 18978 13483 18016 14081 13119 5479 16244 15339 4439 19410 13380 2621 9847 16426 13253 472 14095 5429 1038 13069 4546 10625 9749 409 10870 3775 10256 12176 13123 18345 10785 8972 6647 7740 16826 5593 17220 
14798 7379 16050 4892 4757 8501 5014 19962 18848 10064 15370 19512 10737 16675 6578 17947 12974 8698 3521 9978 5656 14307 520 9486 4481 18515 10228 12694 10387 107 12063 19101 7959 12430 19878 8606 4792 8961 13570 18259 8998 19597 4288 7079 7052 8614 7946 2373 9144 10210 6731 6005 14255 2597 3278 4036 12112 6558 17213 8180 4235 19411 18742 2519 11249 331 18989 13910 18654 7950 1746 9512 18241 16176 6344 9889 7339 19186 16329 11114 13078 1499 13612 14309 13868 14098 2812 6076 15261 2519 15449 18229 2407 17850 8696 295 16266 6577 18361 3194 5794 221 10806 17556 13254 10687 3471 15100 14878 2286 8697 6520 4032 16342 547 14311 9101 9344 9295 3973 
3261 10567 13276 2030 8336 10099 2799 14311 19923 13227 15784 2910 5975 2091 9832 5288 16027 10579 410 3928 3260 3370 19833 6 6572 15078 16734 9495 4873 10432 712 5155 757 11430 1843 12831 15771 2397 19742 15510 4443 8900 1861 3574 19272 11437 15715 14669 3862 19862 4720 11655 16388 19457 2333 12047 10581 4609 4181 7408 6417 1022 2861 16116 7709 2402 15112 17944 8772 12544 16026 3902 17363 8780 8 19763 6073 7702 13159 6723 9373 19111 6767 7623 8480 19128 6604 12181 11249 18399 17710 19658 19277 6337 9355 2408 19387 17337 9858 18744 1712 9902 5964 8555 11532 14612 6454 10117 7081 11887 14683 1534 489 5462 19734 15239 4063 2529 866 19011 
9084 16476 4956 1917 9309 13160 1616 8650 6375 6653 5669 10668 19274 15396 1683 7602 5112 14706 10237 17339 3306 6560 615 18250 448 12613 19614 11971 17980 1364 11152 199 9902 5428 6366 13919 2684 9840 8879 18519 14568 17330 4944 3216 16458 1515 13123 8238 1576 3930 13212 8194 16076 15849 19097 15082 7803 10827 5213 9350 15383 18905 1308 12471 4835 18408 15198 19459 5884 6285 8194 14757 5176 12911 12897 19949 18573 12309 8034 6719 9712 3719 10044 13510 7028 5444 6085 9303 16419 6925 18150 12968 11740 9980 12990 1617 10324 15130 17524 6398 5701 13968 4421 19170 14719 13499 17551 18492 1242 3391 11980 8367 3619 2068 8211 8177 18114 2599 5345 17249 
15473 4296 2856 2482 12829 986 5670 2487 8126 1871 12229 6656 9245 5924 10234 12623 15031 15764 9744 10532 10399 1935 8338 7562 2708 13535 8004 11147 11595 16129 8456 14316 9454 2887 6574 11610 14741 9878 16629 18994 5308 11469 11010 16217 3933 16749 6118 15045 13258 12934 3127 1818 2292 6680 18298 7751 11703 19241 2525 5436 10049 16414 14812 14967 18165 19210 19361 8133 3881 6176 964 4116 14250 3328 18375 15128 17499 2604 371 5429 11857 14803 14161 12163 3482 7926 860 1440 641 6868 17690 18121 16362 15394 11616 12723 16721 6338 14086 13893 16964 10961 11581 19890 12646 3410 11647 7497 17986 1210 9105 1829 8601 7725 2121 15440 10840 7536 12838 10199 
4871 10663 12227 342 13737 6573 13885 170 15549 13908 6429 4798 1019 16877 19202 17417 3501 4244 960 1496 13751 11852 16242 1360 16573 14617 9096 19588 11553 18934 8859 4660 5055 11433 17677 7303 5685 5016 4450 8956 389 8118 14885 10814 13388 8130 12358 16861 15133 4919 9261 9359 13464 15378 13519 204 4169 14960 19984 6605 3116 7110 1362 4519 7167 16550 18393 18267 16033 7352 13952 9792 12293 11730 758 15973 1724 490 17395 7449 1171 11085 12308 7382 6107 14197 485 13600 15097 4797 2498 12554 13342 8612 598 18532 2493 19945 11540 16563 8919 11772 845 12450 7625 4067 8169 18367 3994 1289 18471 7468 560 14959 18674 15924 974 12282 4499 15854 
8378 16732 7163 7559 351 11555 14631 4520 7632 2116 7096 9582 8794 18029 11398 5766 18063 1016 4048 10154 8477 9419 17556 4270 17553 15316 9743 19407 7672 15166 735 332 18345 19932 7317 15807 12580 15613 9338 9365 4497 10119 7852 8775 420 7440 19689 17638 10597 15025 18139 17551 13763 15339 14432 14268 1720 17496 19711 6314 16120 9947 12179 19463 14646 128 19109 15547 8775 12024 8408 9011 311 17576 9410 9657 8874 2881 7611 15026 7528 15106 2998 838 8757 1066 6696 2939 7941 13400 15589 9191 16551 5285 9630 4739 2237 19612 1502 19092 17997 3588 13341 8466 7612 4670 187 11807 19543 8796 4868 3954 6473 6832 13994 14359 12675 183 9753 4821 
16408 1494 17197 4648 19509 11402 11697 6714 1391 17239 16271 12816 19618 4668 3453 1800 4247 18145 1410 18864 18128 11186 8977 9506 357 12340 9307 6520 15046 17833 16826 3515 12627 6804 17170 13357 15850 82 4805 15005 7691 8427 8002 17157 3324 1189 15870 12144 13378 11311 7121 18532 10643 17618 5268 15831 17421 10328 9932 19789 15711 10723 18946 11684 7415 919 956 50 16745 4673 3190 18291 12032 5155 4097 6612 9112 10640 5529 11695 3481 4039 4171 2574 3413 17221 6883 6138 1217 16057 19674 10697 4824 7122 4959 11055 16903 1991 6812 13524 13675 85 8899 4314 624 15967 14767 9746 7291 2070 5184 1709 8341 2760 12226 6820 3077 685 14777 2702 
10609 1352 5153 9837 2851 6861 1522 12417 2535 14735 5811 6638 18435 2789 11794 19878 14986 5966 13037 9181 18486 16092 5398 12506 7058 470 3765 11159 16584 263 17716 6858 19776 14598 15799 1865 571 1335 13105 15620 11064 10427 1837 16314 3131 10820 9548 10850 11954 16821 14745 1606 13629 4882 14548 3468 4042 16729 4078 19543 11199 9772 12281 19003 18206 744 3856 5499 19076 13500 1992 9578 14560 6907 11587 3536 183 3776 7646 2158 3672 6761 18540 17769 13970 12178 18821 3041 9019 17656 11268 19988 14497 4589 2863 18597 10701 1302 4380 13520 9768 17876 8278 12267 10402 8577 4571 13349 2323 2816 19387 17795 17599 10580 5886 2483 11068 13279 2221 8731 
17025 15934 16250 4571 14365 1657 1666 4165 17378 14345 15241 12771 14365 543 9870 10725 1284 6401 3109 14863 2595 10662 5883 815 16507 19631 1056 14622 6796 15048 6560 7108 8409 10810 2753 9434 19006 19478 8709 13291 13662 14509 17118 4157 4895 19146 2488 1054 15210 17905 2337 1249 14357 11599 16055 13334 18478 1833 11139 7124 13339 15911 11466 13805 8832 8090 7317 14777 16931 18118 11820 2623 10294 12993 13506 2648 3700 2891 19666 8417 5499 7180 10201 9741 11277 11474 6641 16531 16909 1665 6033 6987 13194 5856 14376 13516 9269 147 19295 4866 16967 19205 6642 7872 13326 17559 10711 17274 3433 12548 12748 7041 10781 4876 7460 1635 7338 17697 2188 10650 
508 170 18453 15273 19172 6432 10544 19999 6007 5912 853 8030 8252 5931 16630 3811 4122 12529 17851 11128 7061 447 10892 214 14999 8209 7686 2290 16835 19239 15057 14992 13296 14953 3922 7108 14395 10753 13032 16074 644 10882 6969 16658 236 3049 13049 4274 19361 18791 6858 1366 7862 10484 1068 286 7408 955 17263 1128 14373 6637 5422 7926 14607 181 777 11679 12297 3494 12717 13623 92 7114 5432 7202 2683 16875 14981 2161 11030 13793 12475 19206 9428 18114 8060 8672 2577 13454 15389 11633 14872 11986 1269 6881 19086 6585 10170 12234 16628 893 18289 13590 16576 13230 16847 178 5668 15288 9317 9431 6434 11547 12258 9928 5663 10356 14461 15848 
384 2607 14072 11350 13565 8946 18395 8347 16693 1456 16061 6085 1446 10749 16248 5984 7631 14412 14629 164 19580 7727 10761 17107 8187 2625 6577 12878 782 5792 681 1352 6024 11879 18134 1890 5996 12741 411 7880 12697 8650 5227 4608 11124 12427 10908 9873 16107 2406 5005 15800 15118 5197 1831 15276 14215 14164 18612 1459 9316 14567 4939 13785 10002 11297 5210 8922 8021 153 18742 96 7684 8585 7255 13239 347 16850 4397 13391 10166 15520 7017 19788 3298 263 12856 13084 17758 9864 14356 3140 16104 18386 3268 10811 8136 17450 5746 2182 15811 9531 12622 18674 17548 18239 14543 11478 14114 6508 16652 13732 3281 18624 12517 8893 15443 7055 1979 18743 
7370 9984 2617 19452 16301 10519 9513 19156 1555 13490 3001 15465 5847 784 9101 16356 13498 11157 2306 12887 7733 15449 5426 17153 14240 3153 6171 3943 3193 1262 15154 19524 6914 11350 15013 5989 15373 15797 15332 14609 16703 9130 13048 6630 14923 15384 3039 4947 2056 17442 8567 5090 6828 9287 6282 18974 7142 7100 5457 9829 18498 139 6147 1765 15568 7346 5974 12405 9100 10615 10194 2019 5336 649 4770 17599 147 16366 17109 15312 5054 3762 14164 9775 7334 5198 12597 3578 11397 15025 665 15502 13620 2501 16540 10862 7821 7923 12745 2420 3571 2928 1384 15303 4520 10886 19865 14355 18938 8327 1797 17381 19638 13348 2748 2690 15497 11919 15560 4410 
1731 18048 14898 13979 1137 8726 15723 11276 13477 19590 15381 13814 15192 12256 13996 17434 16637 9241 12842 6946 9027 17427 15401 146 18268 5991 779 13648 7879 9750 4173 3976 18179 13853 4073 2336 13936 756 902 6530 17649 5423 16752 18430 10677 9681 10937 452 9380 11681 11021 9479 8460 11388 4033 11661 8714 18046 17534 6524 11351 10554 5248 13846 6092 6684 16917 1713 5217 2094 17093 19210 764 5056 2538 2174 7058 17846 12928 5458 15753 731 14539 127 15593 19495 1615 19042 14059 2432 5100 19254 3099 17756 3413 14653 16130 7350 14970 17315 8494 17806 17126 10963 18564 14690 1234 5015 11673 10958 18502 2615 14074 5480 16341 1123 9096 12594 9885 8470 
12700 8628 18377 3838 10621 6345 1107 16092 4268 13221 12585 18404 17593 14520 1643 2500 2099 7084 4144 982 2178 14786 4004 11150 7975 1582 2187 18763 7950 3095 18388 5184 18345 2677 15076 6337 11726 2870 18581 16920 11792 8231 16929 18310 6651 428 19099 13594 17734 11563 5389 18170 6539 6661 3591 19351 6397 11249 10648 3407 11450 4972 4488 13491 16 7183 15723 6877 14536 5445 13899 4957 5301 2875 7979 14422 10120 5281 5760 3080 7148 14013 1898 18734 3033 15479 9234 4569 3596 3260 13109 9476 19203 13757 13357 16756 2045 1314 3656 19645 17488 3744 2938 17085 16707 14212 18525 8193 2763 398 5707 8856 7329 16883 13416 18893 254 1694 10715 13218 
19141 12952 13767 15453 11129 6549 17980 17409 4078 800 5024 12889 9329 19005 19386 19249 3235 5861 14172 5138 19654 18655 10832 7883 10579 19183 2500 8926 17104 17327 15631 774 17911 2229 9630 3886 7459 2008 19157 16941 1075 17934 8790 8923 9118 4029 14745 6456 7421 8007 13333 14835 16184 14495 838 16184 4514 16489 14516 13178 2800 5958 9387 11775 10099 19555 10521 1382 8738 354 5498 15906 3305 1570 6728 4120 6228 3179 18329 2776 17113 17394 7237 10924 8051 3920 3244 8844 12061 935 17648 10054 16871 2732 15206 19822 11211 19955 19074 18614 15822 3373 13426 13922 16354 17126 13426 8917 344 12379 17265 1342 5474 17331 19926 11107 11270 4495 13379 10 
11460 1221 2887 12023 9158 14356 14118 7580 2064 5021 10736 10315 9882 14413 7177 9668 1115 6582 6284 7814 1465 19118 16491 4348 10977 17688 8251 17150 2165 15351 14384 2895 16262 2607 4041 5614 19814 19098 4970 6773 8790 2903 13766 15281 12398 18382 18800 884 13799 8480 5514 19374 9899 2446 18758 3051 17410 14898 1878 14880 17376 17177 17215 9769 15333 6919 17729 11422 19307 6789 4420 18192 2830 8316 9235 16372 5166 1753 8155 4376 5926 17926 14141 16219 16269 12975 4632 17772 13872 11958 3286 14188 13853 12227 638 11970 12850 12541 3380 4103 8414 18825 6937 11686 940 2536 11029 509 10293 12561 2917 16009 4330 6587 18003 5039 1511 12882 12488 17893 
14773 18424 7764 9025 8859 4317 11233 19894 8302 14423 3240 12373 18227 8161 4804 6169 5188 13404 5843 18676 10197 403 18569 10714 11156 2692 5749 6581 16872 15903 18515 1858 19838 10419 3417 17408 19970 18825 3393 3003 16491 4075 2363 19015 10151 19317 8116 9618 2955 15321 13187 5919 7611 16438 18412 2482 3863 11035 8842 15658 3913 7339 16715 17175 14104 10624 11159 1413 5073 2693 19321 9818 7534 9572 8620 872 15901 8374 4782 19071 6933 9251 5384 1347 5579 13389 13555 4367 15222 12971 1557 1145 14504 4053 18902 414 7920 8286 4718 7182 2371 4423 9036 7927 6856 15550 12690 8848 17506 2976 521 628 15128 2721 7566 8132 7459 5540 2923 8486 
13317 6416 981 5979 10833 14470 14702 17206 16948 19212 10635 4916 10375 14081 10365 3976 15197 3207 8068 7914 7307 2330 18866 9455 10857 9821 17681 13506 16919 8738 13250 6018 1544 5850 7014 7158 5396 18577 11553 2248 2161 5773 8263 8880 7911 3297 8953 3676 8611 10305 11059 17098 7959 17204 1163 9776 2751 11202 6489 8768 17941 394 19086 7205 18610 2317 2368 15746 1003 7926 14709 19296 9847 16903 9768 17404 14118 5261 18252 11800 18460 11168 783 9495 12427 9931 6568 14880 4752 14079 17560 9275 14821 19479 2791 1350 18537 3422 12569 16866 10777 5629 7232 1169 11604 8097 127 12875 8447 14726 19531 12184 11424 16681 19170 12260 3991 14404 12053 7119 
16117 12229 7280 14449 12164 6527 14538 16821 10659 13331 5954 9706 18153 6362 9999 9751 4343 1412 17131 1748 10660 8008 1868 7725 9491 14293 10965 6612 16241 16080 12399 17906 1413 5991 4845 7774 14891 3637 12314 1047 19622 12774 13672 7515 16878 16361 1699 15987 10290 5470 11384 14537 833 2985 2157 384 9963 8016 3723 7831 13082 11978 203 7716 10520 2266 12264 16797 8233 14468 1916 520 5383 19045 9687 17605 11013 13428 18833 19882 16981 15454 6300 5820 19355 19100 5100 11183 5457 18424 7812 5261 8729 10679 5872 6089 18632 14520 4359 13125 17735 4242 16956 793 3215 5998 10772 1351 14931 6924 15716 10508 17264 13109 18107 14237 6926 17354 3217 209 
3897 2652 16415 2307 7713 12328 17625 11626 6253 2779 8764 12431 9253 19743 18857 6484 3700 4051 16516 14189 13315 17777 4474 5997 9302 6744 15847 2490 4559 314 16836 6610 8526 14399 5525 16438 4873 8631 1497 11990 19201 13632 5927 14449 8957 9319 16854 1271 12735 183 9318 5620 1164 18472 15045 13543 16569 11228 1372 17346 13580 12109 14099 8594 17894 3927 13947 19184 5363 2856 1331 3907 8607 231 9106 2974 3329 2880 7996 7897 11527 17938 14391 19205 3788 13061 15182 9403 7851 7996 9348 9630 15627 18429 10960 3437 5866 18059 3301 16138 4651 9837 18786 13167 10915 2291 4373 5866 19164 11897 17144 8165 16599 17419 19759 12568 16809 17157 10448 18899 
17247 5042 7253 14235 12651 6527 11188 7472 1620 182 18018 6957 8514 15966 13332 14619 7878 6088 10612 15046 3568 9406 16972 2942 19783 15295 16260 17397 6163 17934 4220 16411 4169 16926 15377 10111 6915 5220 6362 16099 9646 10244 5341 5359 13045 19200 2252 12177 6565 4462 19521 6498 3961 10003 7964 12158 8226 4796 17544 19442 8097 14130 17686 5385 13341 4766 6823 275 995 4886 15873 3777 9745 4756 15327 19124 4647 9059 641 18819 19356 16815 15609 268 8075 9848 18420 14804 4385 15714 74 18513 9170 16046 9849 18328 14800 16248 7507 11804 17779 17466 6926 4029 17033 16793 844 10096 36 6623 1406 16581 3945 9111 16196 466 3954 6664 4450 8934 
6033 14403 3123 8487 6256 5545 17521 16810 3895 5615 16157 15839 467 16463 14538 9441 1936 15990 17573 14180 6241 4537 15268 16565 3336 13877 11418 15262 19954 19734 9977 11665 6252 3783 8780 17299 6540 16051 15331 11463 1287 13676 4313 7580 12573 16944 1540 11662 10195 8546 4008 1345 603 7008 10759 18936 5848 10202 4222 16891 4747 9907 6738 19177 13439 3331 1945 6949 7520 12553 15716 1982 12950 7803 16329 6295 17922 15536 18572 1400 2862 17223 1456 15621 10776 9804 14225 12918 5110 3738 10366 1649 7313 19591 14280 6710 11301 9092 10330 13499 17004 11601 8927 17125 10172 1927 9369 15311 653 10431 4090 8429 16301 1344 14034 15102 14727 257 9824 16801 
66 6700 18423 9894 16946 12760 19966 8570 18861 13669 4459 7075 13116 1307 3030 14711 9552 16545 13413 2017 5216 1381 4361 1585 2189 16795 8674 11943 735 17260 19525 17935 14971 17864 9776 6049 3255 14947 18967 18122 10451 6231 17671 11862 4291 1348 3901 1622 13000 18715 11250 17866 16375 9704 13464 8766 7517 16025 15119 12364 7389 11272 3112 12734 19393 2569 18623 18597 16158 13250 14270 7796 15717 12507 6115 6111 9277 2960 15227 13803 7741 2057 18484 18374 19205 18277 13291 16932 14587 8045 5927 16643 3596 4310 18179 6675 8213 12718 11972 84 5887 16328 16672 9084 19619 14791 8753 2132 17133 8944 18512 16263 6312 6754 3529 3118 19094 11541 13547 12106 
1013 18430 16465 19126 8570 9956 135 14295 1622 6775 9646 7119 2986 14404 4786 12540 2426 11936 7360 6302 7232 13663 13068 3069 6561 19552 7615 15738 1743 15500 11749 19373 19723 9315 4914 8217 11840 13354 2199 19196 5127 9767 4279 375 18313 19263 5034 7781 19723 19360 6525 19056 9259 3042 16023 17356 11651 13760 4782 3937 13166 17720 13227 2882 18956 19399 12269 6385 13249 11211 15404 14042 9546 13283 1317 4584 3038 4250 11653 3485 2406 9044 13646 14895 3212 14569 2315 11317 10056 9247 1882 19480 19687 7329 11123 5842 2265 3943 2334 10160 2949 11796 8595 558 11008 15474 19021 8542 8641 4277 6689 7395 16682 9529 18936 2380 19401 17295 4696 6210 
15562 12447 18581 18194 7945 15017 6391 10527 8514 14771 1730 10136 1406 14940 8431 9533 10957 1056 8460 5110 6917 15816 5 6315 4073 5921 15421 4137 18448 11831 13729 12355 7268 16355 7357 19970 4892 13039 7798 18273 11881 269 19887 10969 19401 12038 19381 818 16148 1305 13521 11208 9974 16900 9274 6111 1413 19888 18936 16851 11288 10354 17792 9134 9586 530 13502 8761 17789 15210 11924 9477 1855 5386 9049 11377 18024 6045 3729 3327 18649 14061 10900 7821 10230 7128 19981 11712 847 9659 8133 11272 19169 16600 3073 4991 12239 11092 15116 12582 14212 16909 3162 3599 3238 11634 4272 4140 8679 11481 1568 15036 15840 3725 10105 19993 418 7658 5425 7111 
9834 10026 4474 12213 13651 5871 13573 17435 10266 724 3118 3509 2051 15076 13715 19163 16147 17085 3425 16102 13081 14428 10808 2983 10414 1262 13459 16836 13583 1213 6716 15361 11145 12345 12234 18547 16607 5030 11107 13036 4014 8672 1233 17684 9505 8216 3600 13754 16006 16376 7188 8168 3261 12529 7168 3269 10377 4198 16096 11519 3080 12078 12778 18580 2864 4533 18499 3213 221 12501 15301 7424 19146 744 6004 15309 5088 16393 649 4020 13558 707 19055 15308 1559 14991 4180 1059 9046 16623 5963 1276 2580 6100 348 17946 18386 11071 13170 13209 6992 18272 3594 5296 6635 9310 6782 648 17625 1237 501 5671 14852 17837 5334 6551 630 2584 13191 10577 
5052 9189 3819 7405 6064 10688 13972 13701 6419 13000 8960 9598 9729 3893 11237 408 2769 13304 5733 2031 16255 5938 6613 13481 1255 12091 15141 4991 3438 7638 3358 15113 2338 19110 3236 15264 7827 14815 6013 5150 10986 7926 1393 7503 11554 2478 11295 15581 9145 18221 17836 11846 10428 15249 10250 1285 9444 4355 409 7784 3264 14047 1651 7018 10158 10163 10597 14274 2475 9016 16642 10658 11419 10015 8807 16113 5903 18702 14643 2696 12677 16120 10881 6547 9907 15488 10494 1980 11408 12078 15881 6148 3699 17269 12853 7705 3082 12688 5101 17920 4929 5386 13847 7656 2365 9999 12351 18676 16524 8802 9972 2699 5587 5621 5471 6649 4768 14531 14235 7528 
14450 9271 19113 5363 18646 4323 19558 7651 988 3585 18756 3747 10420 17587 13426 12634 13781 15170 15988 12504 17476 578 3782 5597 5413 11907 15022 16729 5400 1820 16178 8951 1184 6508 10473 4773 12321 13789 2176 6393 9071 6320 16384 13365 14493 841 18989 1148 10940 9382 6493 8973 13132 13395 387 10459 15004 6723 5761 5427 2503 8359 18841 16334 9537 10924 13144 17784 19254 15811 18925 12533 17835 10920 15619 12444 13004 11931 1959 7813 14423 13053 13453 13518 18177 18176 1914 5419 2521 8378 16729 5446 7090 6713 12553 18827 12750 6220 13119 11864 4286 12098 5839 3735 3099 13973 6908 10719 2123 9206 1573 6309 128 3163 9268 5640 17609 17410 8301 7670 
1438 1743 19779 13552 10486 11010 15457 4638 19375 12655 19203 8544 2570 15916 16763 6725 5992 18632 13511 1987 18332 12574 4879 9379 19263 13254 9151 18901 6737 5146 17301 3470 10543 18250 19576 10571 4331 16942 13506 1041 13276 7054 3016 3417 19573 12099 3354 17291 12958 14611 11498 4106 18425 3508 6738 8825 18349 13432 11126 925 11185 6999 4477 8140 13934 15895 13600 1395 574 1763 467 14371 13630 2803 18988 6138 11074 17040 15084 284 15752 18187 9755 18997 19509 5044 9823 15514 19220 10364 16032 13398 6887 142 3205 6060 1023 19236 12139 14974 11480 4287 17922 10027 14928 9850 4364 427 3164 18695 19234 9618 11441 12199 9978 12644 19004 1776 4620 19377 
19020 7280 7517 12072 91 13314 4675 10677 6533 19394 18298 4326 9622 4894 15260 12469 6971 14707 19199 4063 12247 16584 899 8270 2407 6049 6676 15094 14642 19867 9426 9403 10210 3972 12044 6757 7356 6815 17888 4497 10503 14052 7991 6527 7891 5523 9688 5220 14874 448 6362 8890 5038 1788 2988 8276 16342 15702 7172 456 4467 7037 10354 13649 559 16796 18888 1328 15556 12508 9658 19090 18279 7456 9947 2718 19486 9680 6222 10864 19066 6709 11534 814 18568 16952 6221 10739 6251 3684 11599 6901 6835 12572 1327 19230 13152 18668 137 13722 1876 13818 4612 15089 526 10413 5707 18100 17921 2429 17692 11051 15284 9688 3209 19803 177 16281 9130 5823 
10453 19084 12904 16663 417 7318 4080 12325 6384 19069 10690 15939 13813 5733 5188 2189 13215 295 9623 1940 17021 10399 4740 6491 14582 2147 12693 19888 7519 5544 8060 12752 12577 17555 16847 16038 4195 3685 8161 18177 13964 4042 8259 14040 9177 14804 11637 19146 17635 1033 8860 7565 10924 1782 15820 16956 3324 13410 14105 9163 8561 2075 17170 19817 1567 1310 1999 15385 17462 15645 10932 1090 4913 16191 13371 8151 16090 19142 2025 13780 384 3125 3398 12365 14082 6329 7199 1282 3188 9362 4375 9782 1580 14765 8430 4367 11678 19128 19744 9126 19826 18734 17565 4429 3564 14684 9361 12458 12989 8424 12227 2975 13374 3628 6025 17792 1257 15358 2958 17367 
11163 12452 3248 17964 15169 4072 11622 12817 2478 6346 14280 15744 11206 10048 1047 10625 9564 15250 2381 15210 8619 3887 15932 12674 13829 6162 2347 9363 7525 1747 14988 2172 19552 1693 13280 3990 8232 2016 14341 643 18847 4867 2615 17786 11834 8246 2176 1169 17870 10183 1392 18721 2043 18331 4642 17885 4285 912 10777 16654 8274 19936 2994 11719 15969 12657 19839 12203 9984 12177 1995 12382 10978 3156 14572 1861 2254 13552 9563 16615 18754 8337 18169 19363 2631 16120 7671 2679 12592 4621 2544 13305 19205 5929 14493 1094 3341 17480 11106 1009 19954 9699 17805 1637 14376 16238 12785 18639 3324 7749 19631 16581 17800 15129 7300 7575 10069 13178 12145 186 
11911 599 1688 17020 16331 17292 4814 4444 19909 4862 18076 2876 7984 1290 2803 11070 9859 5704 12700 2856 16213 14185 16616 19744 15903 12541 6184 7855 14354 16993 3003 12602 716 18716 5063 9563 15978 13154 17100 14981 19224 63 14553 4335 14227 5217 15834 12409 3559 19706 2576 13308 2403 17770 12567 3847 9272 19113 15035 18766 15797 6616 2997 11185 2795 15405 2335 16762 14784 14205 2305 4977 10152 4908 17158 5979 9151 11314 13556 6441 6916 12957 3486 12852 3688 4976 7343 5695 9427 9952 16876 12933 5021 12659 12690 16254 7246 13662 15980 8507 9699 2698 19196 5768 16869 17782 5320 2464 13533 973 10439 3017 16688 6734 9314 8411 2175 3837 8619 1153 
3203 16724 17546 17041 2959 17298 10459 17191 8480 3045 1290 18751 17988 2451 14354 7751 18865 13635 1284 2509 18465 7151 18767 1051 14941 8878 6757 10969 283 3950 11880 5151 12745 7660 5694 11842 860 14271 12493 12441 6223 19675 6367 5509 17225 18840 2169 387 10943 3977 10107 8893 5351 14368 8633 8520 9057 13789 15323 15571 745 16475 425 11681 15512 7552 12782 12146 285 8877 12794 9513 5510 6234 12128 10859 5298 18807 4846 12199 3217 16883 19655 18461 5906 18704 7947 2461 11728 2432 7335 1328 6606 14135 5365 13797 4275 17755 13086 6828 13104 17980 3175 4974 16690 11968 12299 940 409 10856 12404 10773 1114 16988 611 2117 2161 7805 2427 8976 
959 2334 7927 11409 1221 11214 5622 3615 7117 16186 3693 18826 1504 10004 13263 4459 15426 12685 13423 5955 1071 5052 2670 2756 5375 5491 6469 4831 6456 875 15608 3229 68 7585 15045 13050 8260 3560 7933 12315 7435 17327 4503 5139 17982 4938 10497 2660 2691 10757 14851 170 6108 13024 1288 13858 12051 154 13534 5633 1445 8686 8833 9444 17686 18836 19450 17546 11706 8581 6847 10139 3936 12218 18227 16828 5349 14333 128 3337 4772 15115 8750 1912 14661 7962 1712 8854 12507 15299 925 17616 94 13567 1261 912 7755 3301 4712 257 15852 5250 4723 6390 10642 8465 10392 19019 16725 1299 5221 19309 13269 1256 96 13572 6178 4621 5208 11577 
13421 1815 10573 7936 5682 9413 9862 19983 9531 14757 7216 603 5306 14102 11735 9436 16886 10235 9335 10898 15548 514 6651 12458 5092 11238 6682 1601 423 19315 857 4927 16783 7148 7222 17812 11801 1681 9419 18071 7582 13545 16159 2069 4987 17233 5869 6705 7315 18259 6205 5715 15564 18215 3108 13728 2466 13681 19110 16515 17473 9924 5551 10864 19893 15311 18429 2523 2354 7390 12527 15651 11788 6564 13550 12201 127 18304 12924 4690 1886 9829 14965 10782 833 12202 11094 3128 12927 3769 794 12892 17715 15888 3995 10410 15368 6877 14561 11414 11557 15121 9593 2263 17342 7281 14210 2608 16271 2537 6510 8944 15871 18800 12389 7473 5728 11838 4921 9727 
9325 3247 7965 9372 1849 18211 8704 3651 11134 18982 8799 7890 3940 5018 8838 16507 4750 15722 5775 8961 19274 16717 8050 4084 19853 15590 18066 11226 14934 18048 16717 11657 9821 423 9661 8657 10890 19459 10 9735 10432 5325 17139 9420 14343 8787 16295 6047 19828 18475 8691 10994 15308 9190 6781 13789 19729 7177 14394 11540 3448 3320 16420 16114 17890 10167 7736 17512 6162 3759 6053 6872 11813 16168 18385 7533 7921 9699 15808 7609 13708 8694 16217 12504 10854 9866 19751 802 16707 17106 6587 11976 16581 11704 11783 19353 2317 13914 16855 6766 9304 16804 2789 12336 9142 18334 14156 7824 140 2584 9036 6982 2833 6092 14425 1349 12705 10217 11820 6926 
7307 5480 2670 10160 9955 18813 8369 6697 17203 19657 4498 11308 2267 5846 13985 2462 11596 15209 8884 9948 16778 13836 15448 19016 8957 16947 2199 9452 7970 3279 15662 13027 3363 8968 13479 17779 9505 11823 9554 12526 1958 1957 10953 10091 7313 19701 11220 12647 3666 6741 9812 7623 13927 1413 12328 7626 19150 14096 11236 12794 4067 3648 11763 19036 12022 799 12665 581 11479 9470 16527 285 1308 1933 9324 6131 7019 8749 13887 17353 5153 9444 6996 8631 17991 14832 14771 5787 5790 16944 6045 11424 8729 7483 8422 3944 15741 10765 16689 18379 2437 2057 8291 2482 5287 7268 5527 6504 4273 4928 9189 10101 11173 16389 13305 14814 5686 15176 15684 15538 
6571 11453 3948 9450 9999 12508 1748 5805 12293 5223 4828 5048 19251 11444 1658 687 9246 12207 18289 2351 2275 1744 12144 3479 12152 17213 4420 2078 4040 15088 5787 7980 4499 10150 15080 15044 16236 18007 15665 1736 14759 7089 19168 8525 9106 11058 11256 5532 13847 17560 19152 8874 4538 14262 5583 9133 13830 18115 18835 391 10396 18776 13614 3276 7891 12126 2387 438 16108 4826 1909 7916 11537 15843 4610 10808 9501 5887 9523 16711 5062 10697 12467 5339 14889 19110 146 17773 17259 1856 17856 13785 12407 2008 5509 10653 10377 3032 1628 1931 18596 15376 29 19586 6334 7527 8865 7960 8244 12480 6710 2983 14180 5550 15402 15073 17465 14480 14288 19174 
18805 7761 5601 352 8038 12115 5630 8399 10901 15081 1375 19880 12997 13629 17386 11051 18172 14748 2458 10106 3459 18950 10883 2167 17799 2615 17933 5467 16717 124 14277 2170 10144 11714 9002 12249 5570 7992 15948 3866 13717 7052 3013 18706 8916 5119 9152 15678 1385 6671 18728 1433 3581 4973 7917 1145 17830 8951 2851 7973 17408 17359 14191 14660 18266 6165 17803 15692 3594 96 16245 13466 8394 4283 738 6895 16273 16943 18313 5895 5617 9028 13823 189 7357 1787 1500 15861 1498 18178 5760 18106 4614 9064 15924 3603 5474 125 4559 10965 11012 10445 4116 2677 9813 18677 1559 16992 5300 17762 15668 13195 15828 4110 6707 18688 3847 12191 13136 11325 
1340 10479 15075 15444 3723 19678 9180 15024 9381 19168 4639 12408 7042 12620 14969 6035 18165 8697 5299 5606 6542 17797 19828 8132 12289 10773 19153 3303 12424 10549 2137 1604 15204 12600 12023 3627 436 15205 11475 14006 2917 5430 16224 8429 1212 11767 2024 7144 18956 19370 4591 13408 10855 8834 17216 322 10584 4434 15751 14472 2772 2786 5630 9833 6252 17849 10646 10357 766 3212 8139 4698 14319 17610 308 1496 13364 4591 16315 18665 3005 2287 4882 5133 9408 4218 2068 18445 1607 17073 3898 6694 14891 6389 18554 8204 2959 6096 17796 7400 11039 12827 12316 10311 7141 10969 698 8139 13651 19361 6685 2326 6441 15598 4433 9577 13684 18861 16432 10241 
11568 17232 13809 8531 19088 10410 13660 17976 19110 3774 13139 10584 17892 14740 4958 13118 246 17331 4011 18951 2540 15910 19794 8915 10708 4018 14313 19598 15478 9233 10169 2517 1988 10017 18507 2607 15988 15460 1513 9469 13806 3880 9153 19798 8277 1206 14833 14454 7814 5081 19679 18589 10809 5631 111 18282 2560 18824 18408 12118 6895 13371 953 1137 9700 17095 13831 5611 16525 13715 10489 2064 11457 5971 11128 18995 9456 6039 18521 14716 19332 19169 19945 5770 19550 11480 9918 19342 14066 17855 13415 8121 356 10870 14268 11032 6850 16696 18430 8290 1946 8914 6777 4208 1788 16168 17168 16191 9006 4619 414 13366 19604 1106 19867 13275 167 7977 9312 10071 
2606 5513 8842 12653 8592 2891 3415 16193 897 3613 13766 15458 3813 16355 14378 13406 19835 7154 18188 3462 14815 13886 12716 8927 8744 8966 17311 7949 14376 1203 16199 17506 10873 12763 7012 14824 4648 12155 9502 19674 14612 9200 4114 5988 3996 2902 15107 16229 5948 18174 17916 16950 15083 12344 15445 18983 2179 17384 12961 10695 14205 8803 6300 17750 6872 17131 3058 7804 1881 2948 1455 3592 6078 1375 16563 12818 14682 6980 8589 8309 5788 15038 12893 16856 18323 59 16430 182 10649 17561 10308 16483 1997 19982 13148 15965 3921 2707 4928 8828 13960 1117 16008 9126 8691 4617 1011 2947 18368 18578 12264 14341 10329 10114 12471 7446 13361 18659 11313 8236 
207 17256 15660 14344 10404 15510 8088 6378 651 142 13381 19191 14867 14071 17709 16518 11159 19971 10171 17437 7863 19245 1383 8083 15858 2337 18817 17048 9336 11335 3549 17918 12217 793 18134 7370 2394 7719 277 12278 1004 6652 1989 4254 18897 10782 18921 5072 17504 5039 19568 11414 6291 2094 9011 12353 3974 17202 6907 18051 15698 2840 4404 3061 3356 9060 9663 12718 11245 502 16687 6015 14236 6012 17135 13436 656 1785 19816 13155 7060 13991 7539 14062 7087 11800 6023 19035 1589 6767 4534 6908 2210 19491 12960 16566 5614 19503 4990 1605 548 9316 2099 9003 14915 8562 18017 222 15064 19178 8379 18196 14472 17555 15235 8633 13998 4601 1108 9074 
926 9652 12299 4135 18947 9165 16106 10391 6293 6136 1670 19313 4206 1180 19108 11719 2920 11204 16644 2159 17354 16619 410 16686 9698 3024 6617 12439 1084 8298 769 12476 19523 11042 3618 14309 16299 1304 8549 15560 8009 19531 73 5184 6438 14675 8123 13700 3445 17402 17837 855 3068 9332 19519 4181 18010 14254 8461 16853 12718 2253 9318 8311 228 2681 4719 6070 4965 6911 12805 2159 8688 6825 3380 12625 1770 19947 7364 3547 6996 17184 19232 1982 8065 14100 17130 15296 19991 11662 10354 7313 3585 17392 8884 4712 11204 2877 14644 12121 15960 18553 19204 19335 1570 11716 17584 9104 15046 18700 12863 18925 9390 7138 11274 15273 8513 9271 12477 3710 
11537 12227 4696 3318 18682 16202 19403 18874 5923 16502 5244 9227 607 10356 5888 15298 15208 14466 11492 16151 1417 4204 18466 6560 11757 10416 17223 14525 895 14755 12611 2166 3857 9492 6700 18430 13319 12734 18629 17053 3174 14988 1185 18215 10547 18013 18811 17323 13465 11899 16722 9360 6351 1292 15830 2239 540 16733 13152 17597 2005 12024 12391 2468 3471 13563 14389 275 13120 12600 2124 14570 7054 16330 19946 3976 17729 18777 11741 11744 15520 17400 7705 18386 5627 6356 14426 10815 7495 2366 7943 6410 8950 4112 14490 15482 12214 11107 8602 10538 14018 12976 3266 15807 6976 5088 11817 15462 14417 11464 6257 3958 15862 918 1686 6949 5335 7353 1536 6200 
9690 10154 3294 6949 19149 15616 9396 11138 7231 5353 12989 4969 2262 2600 13243 14210 17664 12381 19901 5689 13186 16451 11751 18428 4293 8965 18719 12827 1880 3803 2256 11371 9505 9498 13714 9258 10335 12697 15405 18427 980 16094 14011 13381 14412 1771 1057 12284 19154 15893 113 11734 6924 15681 5428 18675 5928 4614 1674 7866 1977 6786 19492 18366 14633 16364 6525 7449 552 3077 18629 5403 1233 19685 944 19648 17340 2353 13521 1600 16795 19869 1182 14737 8833 12656 12305 7284 1195 7502 16233 17970 2657 18948 13966 8286 18078 13277 1862 19691 8156 16039 12991 19183 11073 9044 5876 1706 8231 7771 15263 2791 1250 15117 4647 19902 12425 12443 5212 5905 
5833 13827 10887 3108 11259 14494 4211 11296 18160 9328 12670 8218 11817 2432 228 5947 8896 13651 3705 11556 14583 13012 8721 5551 8491 19009 4863 16492 11526 1669 4790 15247 10893 16351 16945 17310 5438 19194 6570 6620 18508 168 4710 19328 10518 14665 9886 10936 8411 19548 12146 15259 14206 4628 14147 8637 19807 15476 8994 17836 275 8526 19494 15084 2742 4397 8524 8671 13161 10378 15203 2548 8066 8012 16552 3378 3552 6709 19328 18454 18638 9339 11721 12940 15222 730 9604 19869 1795 15016 17019 1323 13121 2767 5592 4250 3057 3851 2555 19344 12705 16942 2079 16431 1088 1636 19582 14791 10526 14101 13727 11868 3912 2194 5770 18787 16067 10995 10969 16131 
6368 14685 1728 8407 4829 15709 7162 644 8826 17163 18783 5550 12663 19342 16981 14682 17143 16380 17996 12050 11360 13936 6067 13607 3878 13841 441 1047 5488 16659 11932 3365 10750 18104 8725 4603 10473 228 16098 1226 12353 3343 19763 17569 11937 9596 7504 12777 1111 14146 8804 17702 6287 4876 17149 5163 13494 16572 4697 2034 2545 10523 3993 16581 17477 15457 16424 19488 5442 10767 12103 2020 1251 17965 10864 19743 19745 11286 19056 15255 3184 3398 1826 18355 15849 7140 15582 7090 3032 19244 10313 18122 16611 16951 16466 19847 14398 3489 16053 6702 5437 3329 2695 18109 18449 13166 268 10479 15615 19557 14857 15717 18869 19162 19698 4681 905 2516 17790 19005 
18074 7273 11877 19748 7371 11867 16478 6296 14676 5508 11654 3948 6470 15480 3203 3644 2186 17644 18967 2245 9388 1115 15940 16827 8982 3029 17866 11414 2623 14349 8009 19586 19518 2640 6788 11412 4822 2758 8968 18122 16783 11385 79 12991 4869 6348 16769 11833 6014 16660 768 1571 1219 14228 1150 10310 19656 3150 4590 17349 2485 7549 18286 6577 3572 3886 15259 11674 9274 8676 16688 6584 4508 17553 10994 19660 17270 16623 14349 14951 18798 12038 2290 9052 1573 8729 7145 16955 2331 14239 940 5347 2287 8589 8484 16780 1756 6118 314 13161 11350 234 201 12001 6948 7008 6877 13842 624 8561 14708 4331 4716 2165 2963 19342 11230 6011 8395 6614 
13764 17573 803 2329 4135 5502 6275 6063 904 1002 7792 2559 11985 19605 17883 3755 18516 9307 3018 9493 12195 5975 4427 10373 3256 1988 5032 1160 1280 19032 17183 18199 16023 992 10873 19277 10448 7888 7145 9354 3163 16768 6341 618 2427 529 5924 291 18935 571 7521 4626 9558 14246 17897 2537 9222 3020 13553 17287 13128 12309 3603 19688 16487 18898 10662 11239 3958 6904 14392 646 5989 18209 7425 2149 4235 8305 18326 9116 13243 3484 1300 1320 10601 313 17324 9345 12728 13334 16394 4565 18490 1925 15564 8117 7850 12254 12489 17324 7710 15273 19128 12992 2156 6680 5318 16027 9282 19797 6902 6800 11788 7291 18084 5714 13526 12680 12725 18384 
19200 17566 4236 13902 19394 15524 18786 9590 8118 8588 1490 703 5061 7280 275 18510 19745 98 17108 5189 19754 3429 1278 18976 10232 7800 4414 8011 16845 1414 1928 16301 9380 16915 10573 10264 8183 12312 16802 19268 607 1989 15612 8609 19679 18772 4570 8378 2154 12943 2694 6634 8147 19190 8894 339 9549 7381 19642 2476 19384 18141 10576 8806 19320 9143 11711 12684 7509 3058 10956 1379 13949 13109 5613 12340 15548 7158 6560 12839 8090 16259 4790 11426 17272 18629 15001 14645 16026 14968 15935 7437 281 16055 12124 673 383 8572 6770 14253 10339 10093 407 9210 2086 9163 15066 7254 16961 11411 8608 1196 11574 17649 8919 4687 252 4860 2663 14714 
1262 6057 18269 5284 18987 9907 7839 15737 19247 6089 17679 2128 19952 7313 2124 5113 4273 3926 355 12772 8526 12066 885 1816 1941 1281 3419 5606 521 12558 12757 2430 2168 2705 4436 2470 15265 16014 6800 16895 17902 9144 9183 17527 9939 173 10891 502 5079 17739 10676 12379 15161 11220 1378 2128 3835 7885 19441 7431 11827 7960 3971 8736 969 13533 5038 9509 9191 12253 5899 6109 13651 1746 8838 15731 4204 5692 19303 15852 14384 17503 8039 13621 2099 12531 15885 8625 17217 14754 10946 17474 18230 8867 12807 13640 5201 13725 3492 980 1153 18068 9842 4402 19107 4471 7012 6083 16963 12453 17767 702 7381 16683 7265 8106 14885 1224 18017 6860 
17355 15743 14709 17111 14103 4642 13579 6211 7714 5025 16025 15522 11851 14459 11144 11858 2199 14453 16887 11989 12745 598 14504 13654 4575 15306 15989 11506 19374 4081 9197 1449 14835 1269 10319 1778 4130 16209 18413 4583 6668 15742 11677 15839 2299 3994 10137 7626 6166 5392 14456 10917 6392 1835 15545 2370 11783 19960 14658 3555 1737 9451 18662 16073 15552 18312 174 975 3310 16058 17249 15950 5539 746 12302 8695 13822 10801 14961 9916 9560 7550 18525 14398 3057 19432 4738 3577 137 3798 16531 8050 8456 7242 3459 13472 714 10414 9487 18263 16952 8237 17838 16569 13112 1472 12566 4918 8059 570 1571 16001 6246 7749 10714 8025 18207 8222 3738 3063 
6080 6534 7679 12849 6324 8928 8449 15452 6843 17681 6284 11268 679 8360 5743 11760 3487 5913 19945 19398 6961 556 13735 2217 5401 9376 15453 11454 17620 14598 12017 15680 11365 14445 6988 9873 2450 7542 6306 2878 5772 16781 1401 11676 426 3602 4341 15906 16076 8629 14732 11087 12790 19574 3032 3961 11515 12380 19985 18403 17387 16516 6857 5340 3063 371 6153 15107 4251 17683 17516 15680 4646 942 8488 5236 12440 12702 14822 12451 15602 10739 10028 3002 8122 8002 8854 15694 4390 13272 14368 16653 3913 3496 3354 5021 13552 3713 9684 8596 19461 15509 10377 12850 5926 19958 4008 11761 3282 5958 16186 13902 12102 19928 11750 2219 15846 17781 18405 10939 
19141 5125 11469 8047 13914 16619 14414 16760 526 10435 14903 14451 16123 18743 999 12442 7380 183 7236 5126 9823 5234 5248 1830 926 10441 18625 19878 19161 2416 6704 2281 6195 17577 6971 8491 14418 8530 10759 11659 6990 13064 11944 841 2595 6670 13306 11572 2094 4535 259 13266 19250 3956 16634 6866 2735 3085 2194 11183 1582 16971 16579 1369 11292 16825 19365 7953 2767 3435 921 9882 1262 10691 3754 2 7546 136 19034 6420 18463 12495 7977 18183 9060 7111 2783 8706 3503 5231 6809 15398 6934 18076 18672 18913 15485 5631 9960 10464 6615 17102 11245 654 16972 8965 6092 8229 19958 1551 17732 12227 195 103 18102 15937 7062 11249 13947 16107 
14516 10813 9638 15852 19355 3920 11439 4685 15137 3318 2872 14118 3928 16864 5889 2264 13063 103 7530 5881 9126 14888 16759 3298 6312 19966 1160 16653 11380 4483 18189 6888 12374 326 656 19933 3295 14258 1145 7521 1927 5774 5034 11069 2984 1615 6823 2062 13791 2881 9452 17380 4656 5681 11290 12999 11146 1252 10487 4519 10448 6489 1386 7933 18989 828 2656 19095 3519 10405 1872 15320 2843 5446 6189 7537 2376 1810 13830 16464 8723 2638 6056 11209 16467 1027 4310 13760 4345 9688 2234 17784 3015 8504 7226 15185 1584 5940 11240 8854 5101 15241 15510 15041 188 11346 18894 3801 11007 19470 4505 10944 12741 11276 4349 19916 14792 9587 6618 17072 
10866 7570 15363 8759 18139 13329 17213 13653 12696 15845 14823 8786 13430 13205 11765 12707 11578 9047 18516 14206 8092 8175 14256 41 6035 7259 4154 108 10176 1581 16824 13489 10981 13750 11649 3820 15193 15326 10658 17405 10175 17288 14634 2531 14207 10301 8153 13404 9939 687 3237 7157 3162 13070 16303 7357 14113 15614 18106 12458 13474 8795 1352 12629 272 3648 15679 3403 3864 420 4690 9575 17181 3578 4713 17793 13444 14095 10005 1281 3510 4962 14051 5122 16057 10861 1679 5554 7792 7931 11650 1698 15857 4577 14437 3170 9637 9242 14854 2008 4147 6100 14246 2357 2190 14585 11913 6337 17468 13716 10461 19546 15845 17136 14764 4633 16932 9817 19228 16360 
3202 2362 3048 16626 8806 3835 18129 12853 5283 19076 19385 8197 6354 1416 12078 17008 18987 16743 15900 3989 12917 19854 10478 10474 5807 9031 11994 16281 6251 9770 15610 10562 1786 3620 3369 10101 4116 3042 2287 8484 8731 18254 2297 4594 11106 6980 8751 3849 6672 3046 9152 10641 6740 4763 18821 15400 7575 9033 15173 4724 14795 2114 15293 8012 10300 2983 16498 19043 13894 232 4585 15929 16815 8443 19429 7887 9340 14968 12640 2261 9657 13053 16958 10245 6202 2259 12071 14721 10637 2092 16545 8679 3655 9806 560 17623 811 18290 19133 4437 10559 15003 10509 117 1682 7875 9429 8824 2302 9117 9935 690 17665 12885 17423 10816 18879 7720 14619 7899 
19797 9719 11165 927 4234 7364 11508 17371 10700 13942 782 11329 6844 8514 13358 5040 10788 11340 13761 12219 1552 4729 4637 16642 5733 15225 1462 4431 12657 18087 18671 13456 15169 9987 16902 8311 18249 869 6043 14295 2660 905 3768 8828 15792 3488 14242 13752 6907 10195 16698 16944 8963 8665 18560 16688 14210 19318 12803 7231 15739 11864 4243 8977 12179 17533 14437 11738 17728 7967 19886 4496 4695 16705 3224 10105 10760 4209 2084 8369 8120 12357 5329 15939 16720 19351 11331 16460 8758 10972 7986 19419 16636 9116 19164 11110 1569 3555 7264 6174 5013 17864 6569 13137 10124 5432 7097 12395 5418 16524 13621 10072 7824 2305 9554 16201 7321 6775 388 652 
351 2559 16364 5259 4176 11472 19078 15567 9389 15815 1689 652 12757 11328 17438 14445 17578 17737 16147 16993 13749 7843 13400 19101 14727 1082 2084 18793 13576 12487 983 3023 5276 13010 103 13080 7496 2122 7438 17120 17006 18636 6831 18265 3928 691 1650 11709 10999 10834 3945 9259 10045 7139 13782 14761 12851 6293 18445 18840 18607 9600 6180 6392 5132 7823 14181 15271 16046 5821 15512 9603 1095 12905 14621 16167 11803 9847 6176 17278 19642 8501 16875 18613 8915 4945 14942 15418 1529 12106 16975 5528 15849 2789 6855 2640 6830 19054 6389 8285 19590 8884 2379 5917 13648 16069 19802 5578 19974 14253 15798 12567 18076 1076 14135 18540 5278 13359 4864 18502 
15406 9251 18822 2107 9051 8291 11697 12714 2594 5324 17329 12637 8204 19190 14931 18019 1965 2142 19931 11779 2345 928 13111 8052 6180 5463 7734 6587 14365 6041 19348 505 4442 5019 7950 5889 12271 13908 7209 6620 9962 11818 417 12905 12276 6179 7873 16935 8663 1695 15376 14111 3133 8453 18524 3272 9148 5124 2494 4361 11721 18213 2003 16980 13908 3267 11133 8249 9882 19003 17703 3428 11781 10279 1881 17729 2506 854 3722 12749 11667 1866 9319 5982 16865 6972 10256 6827 17485 10088 16048 17535 13203 6659 4253 2544 4386 4411 17959 14623 16571 14499 5307 11271 16215 19017 762 19811 9908 15783 12807 14608 4218 6354 7753 14860 8384 18193 4341 16381 
7009 16942 18843 15842 14981 9727 5334 10877 11774 5432 827 4511 17333 2886 9958 7343 16737 2901 8912 15917 5807 5093 13272 10725 14869 15418 19484 2274 12842 15383 14623 18660 18850 8840 14139 13079 13536 7327 12295 14720 7278 19871 14951 11475 7479 18212 9410 17901 12133 13366 10997 6874 1841 4475 11069 8371 7483 5884 16131 3819 15707 3375 12759 9453 19451 15495 18008 7104 5663 930 19996 5877 17421 17835 18355 3140 12633 6093 19225 18267 6503 8406 4496 17573 9962 11182 19967 13881 1238 11137 12126 9151 12757 18562 8222 13611 568 13185 19334 19839 8469 13571 11111 15216 4036 5990 11876 1192 8728 3701 12780 12820 9258 12580 19698 16966 2432 4031 1545 12655 
10624 1127 4711 1986 10084 8901 8292 5047 19267 4748 19813 17269 19372 9847 16125 12665 4269 7566 19164 1382 2012 19776 1264 15008 15122 17008 19706 18068 11828 3400 5195 9152 5443 2363 13943 108 4091 13912 18065 6738 17931 19587 13955 9438 16106 15918 13336 7215 10578 2357 6682 13521 9046 14618 13679 7336 4133 19374 437 17957 11036 11229 8121 6895 10810 17921 2690 15357 1495 4675 450 10721 4251 13666 9082 10457 16715 19507 8857 6922 10735 6716 3704 1483 16701 89 16838 1376 1639 3922 10619 17773 13259 11023 15341 8470 7152 7436 16634 13641 19324 3835 16165 18099 11233 9511 5328 18496 19554 9897 16609 18902 7822 13561 2318 3206 2164 19614 15368 17758 
18302 1462 11791 2719 12008 7847 19684 15525 10209 7107 4269 14928 4920 5598 3745 19034 17195 16213 15639 15789 3295 17937 18329 9334 236 12373 17425 10689 12931 8182 11708 6178 10096 9364 18307 2059 1111 8330 1793 8769 11033 9696 16900 13248 15936 15733 19533 12754 5767 9423 5776 8633 6919 16035 3565 3460 1686 9194 6735 9994 6813 12343 6109 5393 18307 11560 17332 9122 14704 661 10122 7977 15989 4525 8646 16694 339 11573 17689 7545 5893 11355 14309 7387 9720 18164 9678 5584 1192 6629 10775 1245 11933 10209 16636 3224 9535 18547 8844 1297 7239 14596 937 11984 6753 17482 16439 7423 16408 2010 10181 760 11826 10786 12623 6472 11305 19859 1841 19072 
3088 3845 12881 18631 6724 11456 19165 16552 15691 7382 5635 38 13479 1450 18320 18686 317 11014 21 1652 12734 7501 6793 18812 3136 3055 4916 4372 11593 18216 13041 6355 7020 16572 19204 10399 19935 17322 7384 11322 14000 1686 13306 10859 8499 14101 14161 5046 8981 4134 1950 9663 8221 66 15120 17177 4703 10065 8195 3633 10817 11895 4075 8922 7946 17102 18705 18863 10626 606 12796 2541 6997 11643 10274 3337 7688 6990 8165 7086 362 12415 7593 15799 12084 3286 570 394 6719 280 12283 10865 9522 1120 3554 7330 16137 14292 3161 397 8170 5673 4714 14280 2533 13997 7766 11114 6747 16120 7850 19891 17385 7992 5132 18464 3854 12305 6363 2063 
4690 8726 19814 16738 8563 7673 7902 1194 17177 13558 7157 5437 12251 8446 10264 19671 13769 12058 9823 11892 1688 19058 8545 17609 18291 19566 5561 10129 13371 13830 13531 4849 19434 16994 6236 15987 9110 14903 1354 9194 11962 16880 8095 18484 12867 16414 14387 908 19179 15695 13298 7436 8837 14932 13392 13451 16632 12397 2686 17323 789 6129 920 477 17081 13234 19806 7407 12646 7718 15959 9072 16700 2800 6186 18098 10328 8628 19832 9249 2549 1342 7857 3573 4833 4432 13345 19690 1273 8309 13125 640 16574 19035 5188 9735 9074 12161 1598 13858 965 12592 11578 17630 2913 6425 4456 16906 15257 15699 7164 5013 12978 11994 15977 10193 6626 9813 7173 7660 
16391 5687 16309 14735 1505 13940 804 2476 12168 15052 5494 2262 16173 17559 15884 10738 17434 19420 8741 1593 8589 19803 14760 17584 4879 17209 12950 1250 11480 14890 1453 7761 1476 19482 14483 8326 6674 3803 52 17613 8432 9747 18193 3601 690 12216 4362 3322 2408 10017 7692 12909 1571 14678 18809 5405 17976 13109 6877 14759 16969 5042 10579 9453 11329 1204 12702 4196 13484 13141 13026 3121 5245 10647 19203 12923 17249 7722 312 9376 15295 3007 12772 5667 15763 5625 13311 15985 17304 2375 18675 12796 982 7209 16756 1257 16067 18926 18835 19186 13652 18036 7635 16039 15301 18717 847 9336 8893 16801 14844 1953 8865 19745 18254 8741 3038 9505 10081 5892 
13214 14255 2072 1503 1721 9895 9999 10761 1115 17285 3563 4202 9206 6133 9598 2469 16605 1483 8257 16012 18979 13736 6881 13170 11201 18150 1226 5067 5581 14745 18746 760 1366 4555 3608 11081 17697 3165 8139 4612 7214 17480 380 4213 12487 16638 2449 17573 12474 13034 19382 184 11177 14374 3159 14207 5701 12701 1589 11646 15890 1332 6744 15283 2735 15646 2637 15797 7737 18649 16818 8520 10416 17272 5592 18250 6151 320 7532 5579 11540 14024 4980 13150 9469 16126 18227 15304 11072 14440 2055 19539 16774 817 19327 13218 3608 16462 11323 13977 10980 9538 9490 7258 2086 10985 18318 19406 3162 19510 4006 19773 7744 11665 8624 10267 18149 17964 14446 5767 
1335 10973 8148 13871 1357 16312 19559 7385 15583 2498 14645 8012 6874 10583 7423 4662 8901 9505 488 14836 6799 8103 8840 2509 343 19736 6697 10957 1824 422 1988 13962 5824 6467 8206 13829 13072 2492 8316 19667 15573 15812 10393 4354 15185 18102 19695 3629 12850 280 16847 5758 10655 11555 16817 5199 13904 18574 8396 18705 5414 5597 18839 7317 9184 1651 13379 12662 5669 5595 4287 1009 5801 5026 9170 13519 15987 9973 3200 6121 11237 7322 14950 7455 18632 6886 533 8319 18308 15083 15731 1056 14150 17149 10799 12326 11375 13820 17630 17682 3206 3423 3974 11417 13804 5321 14393 10084 9668 5637 2642 13160 16675 11205 5166 9268 4947 2675 10394 1407 
8747 2726 3523 9620 13577 300 11477 14541 7668 16826 17733 10265 56 5336 1690 19961 12431 18443 2288 12689 16930 6097 10538 4831 17092 9065 677 14604 14129 19069 14622 3066 5728 1530 19407 67 9552 1836 2297 18580 8645 1088 13275 5846 905 12261 9563 4775 19844 12702 1897 4037 18786 13920 7217 282 15728 14600 17476 931 1019 7773 19249 958 15066 18085 3829 12132 8245 10102 12495 8122 202 13587 6657 13926 750 16686 17531 13052 19516 2966 15072 10893 16561 13233 821 17725 11135 18072 14369 19779 10772 12056 8121 11810 7894 5543 10048 9611 16136 15009 19120 5909 3550 17863 3091 18066 4901 2661 13345 1050 235 10670 16479 4085 11893 9727 7306 14432 
17177 6304 12975 16742 18852 6750 2894 1409 654 3617 4138 363 21 8029 7032 13744 15207 14023 10601 15891 8981 5798 2570 14089 16100 3809 13596 18502 6733 10656 10438 6737 3033 2684 17725 11476 11039 18249 3039 4608 15102 18585 4980 16310 7007 2197 8904 12495 7008 18734 26 19088 18924 13273 8582 6552 6522 16941 6714 13098 3344 4836 1796 10040 13191 7159 15862 17699 3425 4510 5840 5320 18304 3286 4274 13434 4513 12109 5222 2090 6099 5226 5015 13407 10979 3823 12569 1882 16225 11187 8936 10888 4303 2646 774 18801 7454 16240 17443 3191 2413 15051 6390 16521 2642 17122 6527 11784 271 13926 4285 1522 14938 3291 2030 18659 11704 7750 13534 12587 
15246 14229 6176 18949 12496 16025 14575 6542 937 3002 15337 9796 4720 10953 17598 249 5809 6057 9062 15466 2325 5369 2203 8844 11296 19284 10347 8719 17974 6915 8291 238 18934 314 17163 8421 11126 18478 18216 5850 4067 17081 5224 13420 17374 4862 10185 7605 10809 2619 2012 12654 19033 5723 2900 1174 8257 16123 12053 11524 16972 14745 11465 15466 7951 10250 13439 14508 3704 5071 14528 8371 2583 4675 5598 4031 17716 984 12682 18753 5961 5896 8325 15580 19063 15836 18112 14690 14217 13287 12048 9073 6197 16226 15496 17966 8271 11406 19354 16473 14057 12431 14152 4818 17538 8546 17766 5660 13401 15087 11435 2920 4895 1540 3760 542 11399 18117 7387 4634 
12884 6820 18043 17429 13459 7909 10636 16496 11180 17717 12076 17646 6323 18751 15543 4961 5297 8017 5846 16399 2395 14504 10601 18393 6554 1766 16889 7898 5333 16538 18085 5311 3279 9326 565 6716 16880 17907 4947 8876 13278 9677 1583 5415 4952 3782 4968 17637 17537 18974 16769 8406 12976 18128 12152 12524 15193 5351 9095 2069 10473 16634 5381 10086 19736 9973 12950 1121 4894 5896 4308 1987 16475 14346 10664 11234 14708 8842 16506 10745 1248 13867 279 7897 3736 16415 15869 1727 381 17633 14577 11539 16739 5502 12260 11390 11901 14490 11349 18894 16251 3112 12406 11775 7998 5343 14923 10617 667 16808 12050 11243 18731 1707 8932 15154 3579 11386 19348 11477 
16997 10515 342 8855 14362 11802 9520 714 4732 5170 14723 12346 9 12357 10743 3246 381 2851 2775 3143 8216 12122 1304 5156 7603 8067 18096 4520 11721 16620 17997 16313 5234 2461 6213 10626 13887 5756 15772 8612 18500 869 4848 7852 15541 7993 18633 10472 11474 13617 15448 12451 3056 787 1785 17569 789 15083 5953 4401 17690 17264 5035 19836 10598 18499 4824 17522 6171 19148 17440 4701 8789 17003 6311 5850 12533 15945 13203 16583 4439 10948 6984 6245 11201 10368 18823 12629 6529 1455 13497 17265 1329 10022 11496 14709 3907 10216 1622 14279 2384 5326 8759 17660 6495 5553 6512 838 10982 13701 9391 13775 7749 14715 4234 16289 18976 9995 5560 13547 
8377 2443 4534 19642 12790 3164 6225 2659 1291 15766 14866 9692 14006 19199 11778 15231 17825 15060 15664 1379 1198 10312 19949 3306 15192 11351 6864 18410 13020 10358 2951 2596 5196 9872 5681 2127 12541 16521 15879 14475 4193 19863 15628 16620 12833 17240 16357 4218 4302 10631 6790 10096 3803 6390 15441 15494 5867 13852 7353 12500 282 3711 19762 1112 11164 12126 6371 9374 11360 1489 4928 10007 19368 13782 7791 11984 10971 17484 170 10487 2759 13932 15730 3678 9733 14111 4244 9723 4184 1776 10992 2510 8026 3869 12574 9492 15771 14156 18847 103 10338 1022 15656 18169 18884 15365 8054 16769 841 19526 8703 18968 5341 3194 1132 12874 235 17212 12546 14437 
19869 1243 15882 16456 3829 6211 5778 7197 3818 17473 18166 7093 879 9641 8157 16937 122 9012 5926 16020 15173 4528 15254 13653 19508 13208 4458 2495 6869 10993 4349 7144 7958 4936 12939 6415 15577 7678 11579 12750 15422 150 2195 17189 4699 13426 340 13350 5774 5688 3727 18848 7013 15211 934 17596 8030 15331 9985 11416 11508 2318 1466 14413 8800 12102 5892 8528 11473 6774 9993 3737 6008 16822 11616 11295 13828 10022 7924 3508 3846 2920 16592 18422 9717 15860 14666 12913 8990 17479 4799 12575 6337 9612 3525 11876 8056 8547 11282 2998 28 3563 8852 16804 6316 18691 9923 4381 10607 8636 4443 12575 7656 4797 12468 11978 16955 12322 13187 783 
15785 4132 18800 12970 13853 2862 7964 4229 16702 6644 18460 14088 10069 19675 3796 7663 2400 13515 3421 5477 7688 10035 1240 14778 15833 1971 12115 810 2708 12007 1043 1449 17123 16334 4701 13664 6867 3620 10035 5229 11022 5324 9593 10128 10733 18301 18280 11087 15623 5619 1231 17675 8040 6553 7475 13405 12322 11657 9104 10279 1272 3887 10597 14215 17026 11688 18026 9781 8501 4996 2802 17695 12617 10084 19659 3507 11472 4193 3572 911 2663 15890 15281 18133 4940 2083 10118 806 6376 17631 9819 9806 7252 18496 2022 17447 14826 4362 17114 10509 12190 11668 17140 13511 8398 12981 16447 10677 2049 3668 18751 10033 15510 1776 317 18067 1979 12081 13950 18397 
12565 10232 13457 12874 15569 7932 3302 8574 5169 5087 3113 19096 1681 19872 1740 13620 10590 12637 563 12154 12539 4605 10708 10414 1465 17288 13895 2760 13063 3566 1567 16651 10768 6363 12028 17030 1454 5854 10238 4088 18015 1155 19986 12855 11035 17409 3102 8030 16728 14234 5419 12516 13331 16444 14150 13075 3144 13000 16382 11554 2406 15121 13378 15109 6179 9487 10353 3883 453 7485 6439 19544 18634 16420 14508 3160 4625 3642 5541 15811 9662 9518 17246 403 15125 10188 11592 8104 18474 16048 10961 17855 4538 16889 7602 2372 9302 9633 6066 19104 8420 9610 3330 9558 7610 11301 16267 15448 17135 9497 11183 5095 17554 16797 15083 8516 8934 18404 13364 4648 
695 10131 3625 9131 4300 10576 271 16102 15956 3388 9615 12427 1527 10574 145 7809 838 2777 17662 9220 13562 17459 19967 13078 13878 942 10783 13623 6084 15220 17609 10917 18358 15511 3180 6913 16845 9452 5232 3026 7271 13905 4258 17648 16256 10289 3933 7039 9528 4391 13906 18036 9218 1582 9644 6016 17420 13385 9012 16549 18214 16327 10281 14184 15329 9010 1244 6794 7641 18348 14142 18932 9690 10898 6068 12627 9399 10226 9555 19052 199 6247 3023 9521 9724 7476 15778 19229 12279 12123 7248 2186 17273 18978 5147 785 10785 4015 12249 18430 12466 13659 16470 8672 14968 10645 3928 19284 18065 13420 19684 14715 14687 15014 5852 5363 11015 12317 11747 17099 
7868 1713 15782 19485 15526 1989 3786 16117 19215 10476 13439 5540 17411 3340 19501 6160 173 15984 19535 3604 19674 4468 4807 3957 10136 13920 6042 1310 19340 4843 8738 13072 18909 13276 17715 1462 5547 5739 15591 4642 10422 14902 4869 5903 18880 6912 8328 14370 7685 16317 7399 15633 11956 9530 3221 15770 19005 2760 10055 7176 11258 5355 15754 9655 5441 4495 8965 5195 226 12168 17767 9881 9521 368 9409 11364 3590 15454 5860 5342 5198 7609 14842 9480 12956 16328 1038 18207 9065 17887 7167 6834 13641 5715 19607 18417 12811 19616 18259 11824 12762 4781 15330 14421 16938 6511 12739 7828 8569 11613 12817 177 5716 12386 1997 3316 1031 14146 12180 18387 
3399 12219 9464 18221 3675 9348 4926 19991 11682 9447 7137 6551 16669 8642 1110 19910 8414 9528 3354 15263 1158 9593 7732 9039 7559 19739 1812 19376 14851 13833 18383 2487 405 15236 11847 13337 8858 11242 14148 4071 18028 11359 9953 18642 5773 10381 15749 7057 15001 2181 12558 7701 19011 15164 6949 11153 14355 5318 45 3955 13398 7796 9197 15750 13789 12981 12028 18244 6999 17948 7525 9416 13135 9284 13872 1424 14211 18187 7702 15636 3063 13793 14472 13233 10096 5658 4628 14808 15047 11338 15269 7412 15966 10009 1981 2479 12574 8059 10531 13066 6221 7578 3122 3844 3602 13718 18872 12287 16435 1816 13236 4483 14278 10252 6025 14017 12689 9968 12736 17355 
3892 6576 18868 4169 2161 16007 1909 6042 1092 19636 10696 11991 4959 9808 16814 4238 1342 1720 17744 12684 7207 12582 16430 11494 5636 14006 6962 6270 15383 8552 1059 5208 457 6371 15038 12710 11904 2886 1967 8868 18990 3443 18670 3267 11960 5875 2290 16544 3578 16909 16090 8130 1604 3364 9177 13632 9438 4065 19839 273 17082 13427 17190 13843 9623 12625 789 15581 5427 9306 2953 12448 1225 11773 3417 9208 6286 8580 11053 15768 12846 9470 12327 8203 15013 8602 11180 6918 13300 16004 10025 370 7002 8177 6537 7798 1582 13803 5943 19390 3273 15489 13479 17336 18070 13481 16711 6187 17307 2285 12415 5979 16996 16147 17681 6542 3135 4301 9958 6438 
149 1959 5700 4966 4671 7944 12321 675 11839 4931 13134 14811 6299 3221 9967 3150 15108 13983 13141 4642 4710 2916 13504 312 9190 248 16195 852 1984 8027 840 6340 8224 10629 17859 6529 19932 19436 15575 15136 1213 7599 17809 16575 15676 15847 16652 8568 13234 15260 10105 9071 18491 17961 19258 959 7902 11646 4720 12895 7884 18907 6967 19834 11078 7275 307 11590 12937 921 15143 2909 15834 9959 8226 3480 12885 18278 5585 11332 8657 15855 7817 18038 18961 6469 12429 19179 16918 6771 12923 8501 17475 17632 19295 19194 17576 13720 9663 743 14153 2231 7683 4781 7144 6724 5458 18385 19721 16986 16625 8247 12898 10872 9301 4166 16743 19054 13581 15292 
5337 8621 3281 17560 7707 6457 16590 15755 11894 8351 5359 8643 4359 4760 7666 10604 11900 19172 3389 8210 18289 6 17446 15178 12791 11979 394 14142 12771 17891 1091 18679 7571 6752 11084 14023 15843 9196 5433 19915 13523 6116 9637 4009 14646 1464 7374 19292 12169 15143 8716 3941 11011 16935 3533 7056 10482 7406 9746 8717 18293 16718 11146 7786 3345 17287 4437 15907 19458 11229 215 1134 17265 18528 7555 9620 6418 16863 16902 18820 15331 9037 948 622 618 18932 18185 17872 3428 1945 8821 2701 14870 835 17749 10119 17694 2907 4254 5289 16442 19495 3140 7935 13234 13658 6980 2321 11392 7038 4159 6227 14080 1820 12407 17364 10153 18719 12513 680 
4401 16952 11892 4971 14373 7104 12714 2250 968 12859 4263 8308 4994 2500 4226 7904 6858 16145 18594 13018 11595 19634 14864 7613 6420 1018 8227 17336 2975 10582 5440 7596 1486 10343 16048 18461 18987 3952 5667 9809 8829 2950 11006 15168 3628 10308 1303 7688 18876 7186 15891 6678 19370 13856 12550 18144 15669 720 6355 7775 2752 10368 3702 9801 18076 16599 1187 173 1211 11365 4048 7492 2250 15552 3834 134 11169 14548 12 12999 5341 4543 15176 2332 17371 473 18562 2044 10459 1579 17550 19975 13467 15485 1847 17536 12882 6762 10023 1168 3854 895 13106 19056 7518 19596 14914 1533 6756 8411 13809 8608 17617 2539 15569 13074 18563 1818 12058 12603 
4731 10808 5385 9295 19414 4907 2237 104 19923 8438 8081 6570 40 15654 15908 17322 16233 10580 9223 1755 9840 6650 3960 18352 2383 12061 19000 6059 6225 11784 10008 12170 17741 2186 6242 15158 5200 19168 15044 5873 8535 5793 3697 15567 13202 10317 13328 4170 5306 10561 4553 7254 183 5582 19544 5129 1626 557 10214 2505 13949 15828 7196 12161 14058 16050 9319 1047 15744 364 18254 2272 3361 19558 8021 1409 17088 11121 4056 10547 16961 8159 11505 8544 17861 3084 17455 10898 12651 12039 16765 17694 5638 10969 16215 13051 3560 19303 16626 14507 16279 12157 17666 15792 4362 7025 15017 11406 15760 15869 4594 16459 18734 18558 13497 203 3262 18598 2396 16683 
8071 7080 9024 968 15509 5789 7475 4378 1442 5409 2984 7149 12348 19768 6890 11988 6808 2050 1459 6934 3588 13921 9255 10977 3476 3503 6755 871 17088 13127 6884 2569 15813 2817 171 15734 8091 431 9194 4744 8209 14395 16027 14644 9808 9981 7350 15477 1282 15049 6934 3430 5258 6204 10166 12232 9347 11302 320 13250 351 9236 11250 7705 19118 12948 6199 19460 18225 6602 7406 1812 9678 12851 16202 16725 14830 11144 8282 9937 13681 13002 13843 10392 15769 5205 17266 7420 19821 16827 16045 4107 14377 11055 3635 10300 16538 7735 5916 3675 11064 7571 5957 12308 16980 13928 16769 17188 13895 13167 6734 18110 5213 19453 7397 11384 429 14975 18306 12797 
3686 1510 8596 4267 804 4274 19994 7628 1937 14001 939 13975 2075 18169 6503 2022 6557 17340 3799 3894 13797 7521 7567 1801 12399 14506 15622 4030 14861 11126 18850 13684 15040 13346 5451 8623 1583 16147 4094 16024 4493 15132 15700 10013 17037 4792 8515 5803 166 9365 16176 8762 1643 7241 3454 1877 7072 14828 9354 16 5001 834 2275 4463 13295 6894 6900 16125 18977 15490 7514 10885 8696 11078 17442 5510 12042 5394 9275 7566 4873 2842 5598 7778 4853 6925 14881 18265 16379 13650 2245 5093 7096 2836 9770 8579 3176 3275 6046 9790 15562 12680 9647 6674 14347 18349 16221 8245 13492 9496 3879 286 13060 17172 16573 987 11159 2733 10146 9959 
2778 764 10756 19072 7705 7433 336 18538 14718 10171 8805 16695 14225 19659 17697 16911 16561 10020 4907 61 18104 18178 5235 6002 2419 18321 6423 12498 8606 12385 5360 15012 4040 2525 14162 15827 3703 16487 10787 15912 3270 1829 13905 7980 18168 9931 6682 14184 5766 15726 19180 16865 12908 4085 4063 15816 15956 18814 5283 10483 5549 15167 4448 10541 13249 1851 14550 3297 2273 3424 15750 11331 9495 19055 12887 18848 10904 18561 19431 10139 7702 1666 17535 8624 15244 11424 8895 9891 1988 17742 16099 7175 10659 11927 19143 12726 18799 18221 16822 3479 913 13231 7663 4492 19367 9222 10103 8564 16258 2178 6585 15488 3420 10601 1276 19370 12766 15963 6077 17452 
14146 755 14631 18871 12917 5073 8995 16807 4401 7677 8688 12437 7434 2460 16778 4151 4172 6261 2718 455 18369 18972 6600 3 9286 1856 14523 7196 3441 5034 19767 16789 11373 69 9450 5930 1618 18579 1365 17089 9075 2826 673 295 19957 19222 11159 8129 509 10669 712 1912 1687 8697 5743 12519 16976 11315 4207 4257 15547 17531 11934 15252 17923 14461 1941 12773 6369 17978 11425 6939 7154 12834 6117 11239 6918 3193 16683 3306 10290 9504 6875 4388 10976 12669 18093 935 13481 11429 72 16772 7675 3911 2361 9256 3366 9269 6301 7884 17089 10367 2163 18786 8285 3432 1167 3520 7065 5611 17038 5630 739 16386 16809 3396 11310 13767 5542 12212 
1102 11209 14673 5022 8730 6192 8644 4275 2581 16395 9538 3810 4010 4408 4375 4122 17426 16911 4786 9449 9457 9276 13726 105 4393 11498 18929 18516 8079 16430 17795 12371 17455 16227 3380 3349 17928 17956 6191 14850 15761 14305 11475 17159 17677 10321 16674 13501 14848 12128 18750 15401 13467 8551 6061 804 19101 1586 14465 13387 6984 6664 12370 6498 15467 8621 4373 160 4797 4348 8221 4580 8412 8024 4745 8603 8947 19891 5481 16539 16134 4498 7646 1812 8781 9360 11169 10857 8024 19959 17457 15712 14036 12033 14595 18742 3377 7088 18646 17922 9179 2073 5767 6129 11351 9142 14796 2875 8988 6466 5034 1917 12180 6003 18874 3183 15395 9193 3989 2459 
19637 6486 14757 17256 15562 1666 17612 12313 4737 6891 10006 13167 1227 19401 7674 1225 708 15812 19887 8773 9284 4955 17380 17374 9196 5185 2646 8076 3619 17099 17273 16869 7725 7601 6032 13847 18200 6253 2377 9484 18413 19853 5071 16488 1409 16163 601 654 17928 12746 11089 19154 1628 11830 12381 9717 8702 7149 11986 19114 14078 13691 1585 4406 11389 16299 3758 5374 8902 18050 17657 11590 18582 14360 13272 12541 502 3754 9017 4268 9764 11223 12288 10940 18127 5126 7709 4811 7530 13561 2734 12985 17704 11144 5301 4451 15040 12139 13228 15791 14929 10870 30 19029 14732 15361 6853 43 19599 5129 15205 981 8286 9081 179 5116 11201 4441 8851 7585 
17829 2653 13537 439 15746 13197 14610 5451 8402 1241 12543 13112 3857 93 13889 11261 11668 4367 870 11776 10102 14809 19260 8769 10872 10722 4272 6727 13581 10933 9104 2032 7055 9217 5859 6287 19765 15149 13513 4911 6512 16288 12619 9416 3576 2660 11440 6811 9503 19452 13191 14583 13728 18873 19091 14670 217 7112 6889 4883 18313 7325 9580 11205 17981 4608 3975 9404 11631 3863 3826 9403 9718 16526 17185 841 2285 17074 12697 3262 3664 15252 4498 9369 2507 14968 10416 14785 4325 15775 3164 12755 18752 17902 19202 17221 8688 16742 14972 2727 3532 17764 5173 14558 3683 7763 2781 7592 8497 3401 5493 17264 4892 2966 18285 11103 18779 12298 6770 14279 
16515 803 1043 7576 8570 8511 14706 1260 12574 10101 8750 13255 17964 6841 14994 5071 19380 2370 18759 13933 11039 3269 5467 4525 19239 10356 857 8816 15198 11634 19496 7376 15417 12847 1287 10643 1746 6561 640 3563 18347 5726 18021 2051 7736 12643 8541 14700 13096 19279 7286 8191 19049 19869 16076 19820 8069 1743 1333 5601 14730 5306 17754 17367 4973 9120 17466 7316 12576 1025 9365 3435 10028 1223 18310 4238 15973 8284 18877 6265 6431 3986 3339 2758 1977 17955 8586 16984 8059 18016 11645 18613 10654 17209 8513 16601 14439 13401 15966 7014 15667 2437 1054 19241 6951 10759 7955 9005 16108 18438 16879 11647 6295 8550 14709 14085 9586 3843 2076 8915 
11200 16623 6536 19072 6562 2799 16555 6492 18382 16028 15982 3223 5939 2895 3694 8411 3761 5064 8106 19600 11890 19344 11236 11791 4914 11590 1999 2687 11952 5411 3439 7573 4793 11575 3562 12257 16358 9095 4477 17516 16685 13903 9525 13489 18622 16058 13082 7438 10416 11431 2725 13336 17378 18801 8449 16705 19823 18291 18625 13143 19464 12100 7380 3982 11454 13445 3092 17512 4257 14680 12685 9213 14538 10491 1415 19420 9262 17148 12829 11874 12189 13714 18586 1587 16945 16173 12832 5459 13871 398 10814 14092 2821 14913 16415 8225 9109 9371 8306 8243 4789 9696 19400 10182 2447 15818 9288 6688 13716 2950 14359 16337 9662 12332 5278 9790 5277 2385 6512 6185 
15222 16218 17607 18238 13038 6416 874 9453 10999 3050 5200 11917 2794 15850 655 18089 16232 6474 3590 5027 8152 11812 16908 14507 18731 4263 15199 17444 7369 19924 9428 16078 17347 10622 10857 2344 1440 738 18899 15874 5675 14744 2578 10067 13427 6412 10295 19657 17020 5610 7580 8233 9053 3642 7524 19124 10606 3051 3564 18112 18534 2841 19331 1395 19035 15045 15230 7240 19664 13570 16445 14763 17003 1277 12060 18284 2154 6213 19977 10677 11257 2942 17330 14165 13214 19913 1067 1992 11806 18800 8395 19418 4393 16749 11785 17456 4384 7480 8204 17814 19662 2164 7279 12454 4159 16034 8076 6225 4753 11647 19172 16000 10696 14745 1725 4745 17740 3660 211 13980 
4165 18178 10532 3049 881 18823 167 8643 2805 12486 69 3020 13698 5338 12981 14345 1634 8966 7870 17609 7317 10670 15163 9538 12406 3860 2461 5955 53 19480 15443 5015 4830 4415 13623 4754 14246 17801 15665 8402 9024 1184 13927 15872 14345 3469 2941 4897 19229 6582 11499 10215 6248 2802 13044 14268 18767 19688 14047 7844 17883 13533 5059 4090 6259 17304 4132 14347 1048 13983 7282 19238 3076 11257 5696 13449 14494 18498 14366 7633 2059 11956 1831 15887 8263 19124 15724 2229 17473 18193 3805 4519 9275 13540 15172 19258 16223 13199 11333 15700 8159 19232 1830 12723 10311 6951 4102 16891 7344 13929 12272 5138 10552 4726 4547 531 10392 2281 3922 14521 
1528 1902 11869 14153 12586 8786 19704 17637 17805 5017 7313 6751 12765 16972 3937 9489 1391 19073 10687 11399 6408 14828 9489 19060 447 1089 8141 4114 19974 6478 16172 1309 9250 19905 11187 18978 6485 10119 391 5405 9401 2240 6972 19501 2363 2193 16041 19230 12288 4995 19803 6240 5513 7822 6659 10110 2797 13806 3919 669 14665 17485 8819 1817 4270 7853 7518 5291 9955 9948 6782 7805 4720 10909 8023 9 14763 1444 18394 704 4291 8649 18616 14741 18796 1104 12236 18061 3966 12203 6000 18288 2430 12633 16020 4336 15530 7961 19432 3452 2290 2245 16237 9140 12783 13629 10991 8402 18087 12838 9060 1730 3998 530 7103 14292 709 4426 2488 1747 
5631 2164 11315 19127 1548 817 9745 6216 17287 9006 18315 7881 3096 2546 13930 12778 17924 9568 19213 18866 10772 6051 3915 19191 3321 17698 18056 6345 6014 9104 1494 19068 4783 6138 19607 19404 611 2493 19777 13870 9107 6327 8364 17063 12293 7947 12847 1146 19788 14456 18839 19651 1564 2319 16649 19032 19483 3773 17078 16417 9786 8017 1146 6983 13724 3137 13432 9399 18522 9679 13712 2774 15871 1826 6587 13543 10114 17107 13785 15738 13333 585 18832 13068 9523 14444 18762 16260 15023 8937 2583 14084 7416 15606 1149 1515 67 8735 18160 13457 4498 5958 16957 17468 7773 3967 2807 3932 17102 10250 5357 17107 8832 16810 10965 15493 4022 6788 19569 14944 
17788 9936 5800 12986 14602 7873 9020 17750 6741 15067 1971 9983 18067 6474 12733 11552 316 7777 19657 18899 14114 9159 3985 4871 11867 8549 9828 17362 4746 15277 6197 8218 940 10079 10770 10827 7358 2386 88 9836 11986 10833 15860 11445 9070 17933 2072 7689 14320 14845 12584 13179 2320 17182 13904 17707 3334 17782 12818 3174 1693 7398 3583 18276 2953 19237 14345 9371 2009 18272 17496 10983 9353 1293 13631 4373 17663 18603 3819 17607 15915 13324 9849 5569 3202 19229 7164 13358 19442 3050 150 11493 15172 2202 14480 16375 7615 13841 6192 14446 15195 16222 12198 13465 7707 8272 11905 9362 14310 18318 14632 2093 16543 17928 12522 18927 18555 1771 3625 8628 
11712 19460 14848 14941 15807 10301 19452 2836 4024 16888 8787 15942 3866 18491 2961 8616 11226 10155 10111 1067 19790 18470 8981 10998 12961 9933 14487 175 10484 12844 10961 19384 6977 18679 2749 207 4531 13870 16874 7040 6591 17936 17422 7812 5284 8892 16366 6834 19399 1891 10494 8206 5196 12017 19149 3237 7234 17179 2442 296 1410 2044 4657 555 7383 8936 12504 8040 12594 6648 2937 7432 15042 13105 200 8071 17026 12806 6803 17581 7028 14992 18110 13561 11930 3476 15231 6784 6746 14068 15896 14337 14065 532 8011 6133 10390 15024 15574 13251 1554 13935 11641 11519 14412 5079 18036 18796 16979 17173 16477 9378 4229 17531 828 13973 11710 8931 5136 18680 
4187 1564 7171 1407 11492 1028 12135 9172 8767 18299 6234 4716 3285 12594 14800 15873 15050 3104 4657 6129 3345 10496 15407 9812 16428 14145 9328 349 6563 16025 14582 5024 17563 7193 1400 4677 17049 17819 15952 1788 10598 16676 1572 5371 19971 11049 2042 6124 12619 2986 6606 270 14636 2841 1420 5530 4366 6032 17104 17658 8831 3964 7103 980 10193 5046 16532 11381 14406 6751 6198 15161 19280 4638 1488 12216 4110 9289 804 16967 8092 7098 3235 15486 9679 5837 160 2243 4094 10954 463 4929 1169 3517 4044 10775 10706 15775 3324 12816 7544 5234 17421 19532 13520 13225 8695 16312 18513 18864 16338 12161 7756 4371 6708 10104 7611 12675 5081 4724 
6977 3233 18523 15257 16542 17016 4563 7697 13046 6592 5349 4340 758 12240 11981 4206 7340 10044 8716 2785 16301 2886 11709 4524 3211 10302 2005 6514 7883 18108 17450 16808 19693 13757 13216 15797 18229 18356 5630 14097 16468 11276 18990 5374 18654 8304 53 17550 10074 19260 9890 10822 909 16032 7793 15939 11367 6949 6916 11170 10259 18452 6346 1393 4231 9975 9284 7767 19821 12992 2028 1389 5539 10166 13446 19404 6153 15523 19622 6992 6367 1606 3366 13671 6086 4538 3278 17351 14449 2932 12044 14585 14813 11585 8662 440 17893 15896 14284 6449 5222 17944 6351 10048 10141 10163 10724 13974 8485 17556 16486 19024 16177 14372 3108 18645 15891 6206 14667 8768 
19993 13435 804 11338 1935 16949 9102 14972 13295 12096 18585 1184 8649 1793 9008 9614 5465 4733 5648 694 11196 19626 4257 19201 14777 11414 5889 7119 4697 10397 16273 19258 849 203 9424 68 12324 15546 184 5073 18363 15710 15368 15380 14631 4683 18219 18687 12018 13901 5850 15236 142 8517 4357 12139 12748 3150 11297 14529 17189 18038 222 6955 15178 11544 6946 3479 6995 9943 2236 9893 16337 437 626 6504 18008 18321 17 4932 15617 4257 11779 17333 1493 12577 6022 1518 15988 16559 1732 10375 8365 1615 16454 19053 6455 2328 15221 8336 7272 4268 3402 7640 5770 16538 13166 6087 3934 5976 18246 5073 7393 8953 16692 10781 1731 1715 6301 10078 
5705 15184 2406 18218 3534 5180 12720 11810 3465 13990 8916 5466 14794 4212 19635 15589 525 10838 14606 19723 7877 2479 14565 4900 3788 7704 6663 3440 7650 7403 10055 19625 18419 19129 1345 15685 18319 4345 14584 10544 309 14524 15508 9759 11511 17029 14703 10075 9782 6721 9378 7066 15613 14224 8443 19263 6558 6786 575 7231 6357 2677 9957 11024 5965 5063 9386 14460 18656 6285 5422 9640 16397 18488 15288 168 19688 11534 185 6496 18028 4138 4725 1837 3236 19169 17164 12077 2771 19038 10124 18137 5272 2133 6493 4206 15488 6215 178 295 791 9739 6424 12541 16455 7004 1360 19708 1899 18105 15474 19312 5067 19599 10703 11814 17149 6831 15822 16317 
4807 3863 19821 16205 12126 1930 7960 18162 9447 12378 10184 13000 11284 5006 16591 11755 10517 7754 19638 15457 1032 8684 7773 2046 6014 6178 181 18841 14067 18293 17326 14022 10358 7225 6987 5545 14964 19792 10471 10946 5612 9907 18679 6452 7010 13949 12736 8851 13934 14984 8850 18555 289 16775 12101 7284 11294 13511 8840 18825 1020 6199 12395 16293 2431 1650 1757 14327 2143 15002 17948 19674 17068 1719 7751 8585 15151 9994 9487 14463 7368 9502 538 4204 3182 17442 11286 6673 6649 7797 15174 1733 15350 14755 9562 3293 9344 6228 7076 14785 2332 8408 2127 527 12210 7294 2298 1401 13207 18128 19283 8284 16792 18678 19054 11670 13537 7315 15971 10924 
13130 11797 489 11597 4709 19730 15173 4249 4726 6611 18705 3216 4513 2420 2557 8745 14747 2675 10035 960 8986 14901 12374 19072 13492 16446 1564 4281 15493 4584 4610 9810 7103 4835 8903 6509 7064 8455 13385 17450 7520 15013 5215 19978 17981 1010 6597 18633 3699 467 1485 17389 612 8427 16824 4647 14069 3302 18045 9425 13500 9002 3471 12167 243 2797 7348 18625 10695 19826 6169 10245 1982 10212 7990 9493 12343 9712 9423 3558 13401 9837 9986 14872 16520 18381 18511 11892 433 6303 11289 18557 12321 1887 6633 5892 19542 18132 5567 14164 14192 4297 13307 19050 17680 17545 1228 245 17517 15623 14019 15948 13497 16515 11688 11661 15457 16000 1123 16750 
19809 19070 16898 7191 17032 6115 15988 17946 7302 19851 16117 13406 6459 3889 12394 9339 9493 8916 11937 4781 3737 7404 11184 7296 8948 2793 5553 67 6483 4085 6162 4230 4734 1786 3287 14905 13021 6129 1240 14351 1136 13528 14366 10694 6712 12183 18838 15652 17616 2789 19939 19708 1545 15276 19528 8155 23 7527 13356 6464 8971 16999 12941 8401 13056 1197 11686 5339 5989 7931 19908 194 13973 1299 18495 14435 4481 14323 5859 1590 7553 4190 17869 5699 1801 11025 5476 8143 2307 6135 19685 11290 12606 666 18588 12396 7937 10610 16134 6195 1949 19087 17319 19622 14052 1862 9499 7096 19606 7015 4490 19815 10122 4709 11174 7487 15672 7996 3262 15939 
6694 10595 11939 9044 17386 12576 18040 8409 17852 9897 3484 9239 7226 8726 6618 15845 4926 10480 11182 5208 2242 18529 3577 12055 1454 2497 18111 13869 14640 1101 14936 19283 19395 9451 331 8289 13619 1777 4050 17698 16587 5491 13402 10299 8460 7539 8757 11137 5458 18975 10164 19365 12855 8695 9776 9098 2991 2270 9755 17704 10501 6810 10358 4981 1929 7807 17886 11648 1930 8883 7181 10582 3240 10387 18366 9264 12599 7779 12504 6833 9827 15734 15876 14223 2223 8909 7558 10795 1489 15304 9987 15913 15360 3159 7201 18900 11130 7331 441 15808 13253 6069 15811 6444 2224 4143 3667 10087 6909 3262 14439 3331 7522 5706 562 8499 11438 2127 19207 6059 
9015 19437 15507 9479 1639 9745 10951 5967 19145 6254 6646 11520 8836 17073 16127 13729 3263 12880 7407 784 18964 9366 18954 91 3346 10402 19277 14974 11903 2867 4816 12866 2951 19073 15822 3450 2067 7728 14907 10176 13431 19366 17963 3594 238 17194 12131 9944 1393 9281 503 13431 16652 3033 18254 15637 17412 7896 9890 492 5335 17211 2294 18256 5988 5176 13254 6934 9691 19830 179 14580 16760 18025 18668 10907 9333 13297 5638 1659 16964 12591 6681 4170 8175 2765 12354 7553 5149 12823 13084 5958 3764 2804 7361 18328 6133 15271 2938 13103 17866 10334 15691 1296 7215 10146 15848 6394 8305 3806 16274 4506 15637 8619 2483 13202 2045 8629 9086 12488 
17296 16383 12350 6341 9529 8852 13550 18248 16703 13450 12821 19190 262 5090 18178 11503 18192 210 19403 17056 19652 18710 1477 3179 8386 9736 17261 4793 7088 2254 4091 6153 19906 6337 13996 10672 15285 16123 12206 12240 16328 10363 3662 6492 10862 11506 12190 5443 18400 9259 2044 3953 16184 19557 16499 11437 11498 14874 13182 7271 12443 6829 824 3319 14342 7008 7139 2043 3998 16950 12486 3594 8952 3224 9032 368 3959 18554 10086 2420 11859 14899 19298 2211 1023 19461 14405 12100 6573 9529 5222 13025 7559 7109 10552 17823 17283 19283 3712 17610 8947 15226 1361 4660 3829 15812 15316 10238 14161 16769 12040 801 17904 11297 9500 1017 7605 3098 6070 17048 
520 5759 1174 18508 2201 9409 12354 2563 718 611 18457 8592 13724 6408 3614 16853 15528 18464 1710 9588 16386 18248 6038 18014 11180 9182 13803 3621 19677 6706 184 7228 5566 2184 1639 4236 6443 1607 13123 9499 11950 5002 8932 270 12231 17515 1839 10647 3929 8084 225 15963 5868 16652 7879 10553 1645 15848 16167 7333 11299 18083 3248 12647 19245 3989 33 14786 10675 13146 7563 9653 13592 3031 15504 11986 8686 7129 16445 5582 14225 8135 15681 10973 18150 7201 1172 13970 14572 15149 3367 3530 6844 16594 19576 12374 4409 2918 2585 18798 5596 15028 18191 13112 3573 1834 1355 17146 17618 5393 5652 10259 16921 8644 5713 288 9089 6682 17342 2882 
10542 7503 4991 17647 997 13163 11295 14541 9217 17279 8335 8975 2220 19818 15337 9024 15132 5109 12478 3220 3866 14015 5492 2341 7835 6201 768 13643 14854 13440 15625 10970 5452 9890 13440 9184 18755 10279 18343 16344 7145 11944 9135 2081 11873 1646 17143 5598 16821 13118 17680 11737 2586 6262 9810 8554 8098 3956 4105 4833 11929 7386 3068 10974 10511 15852 3925 11704 15429 1992 18471 4040 16978 18345 9652 18946 6193 16203 9563 10107 12505 2684 8578 18290 19244 6968 10265 4688 4152 11626 11796 11719 17106 9991 14532 14698 12240 15494 14470 12830 16640 13914 7245 12949 2816 14478 7363 4458 17130 741 6365 8888 1362 7194 19606 12536 9618 12525 16327 15593 
