100
14402 13516 12090 15684 10821 15042 17316 12049 15056 4424 6035 8498 603 3871 17896 1308 14050 7366 3067 17573 7093 9521 10247 13988 4204 12651 5788 11201 8125 3005 18606 17164 10389 12100 10602 17927 19037 4089 17238 19315 741 15098 7989 7912 19501 15476 1339 4813 19118 10897 14021 10552 1615 3236 9179 4670 18813 17177 13144 8344 19233 3480 15509 3524 17516 14844 12197 7005 18557 15299 16200 2887 13523 9088 5684 1839 9967 19936 4147 632 3196 16687 12304 350 1112 6216 16416 6739 19679 19564 2716 1117 11242 2233 12645 15287 12852 4586 18569 8902 
6799 13270 4685 12694 10548 9624 2772 6027 18246 5986 17509 2209 1009 15857 1019 19982 18158 18842 1350 4657 16603 6323 14561 7299 557 18782 15109 15430 18776 10728 4230 13665 1497 4161 994 17728 4274 16499 5715 10290 900 13928 10426 12052 12593 6088 16081 6527 5643 3053 1186 1946 14699 528 11545 18735 13893 4208 5808 15991 2982 9236 16501 15401 694 15694 11236 6043 2472 6068 3787 18501 4801 15625 9714 1731 3298 11628 6218 1123 16767 2354 940 1192 14396 1816 19352 1331 8280 1156 5464 18071 18475 2635 15515 12283 2748 17154 9335 4757 
8227 11249 9076 8598 7134 14501 19997 11878 3784 3284 12971 8974 5043 1810 13443 4043 11432 6384 6474 15054 11059 3832 12609 11833 3573 15 14220 6544 6327 19387 17026 47 19933 1521 16483 12580 15396 5544 3715 12187 10025 18427 10693 19345 4297 8049 19335 11208 16860 6995 4217 13935 19882 18005 3588 16505 1906 17028 18375 4481 10415 14805 3859 17156 11300 2927 3718 16509 7398 15306 1119 1417 3310 989 6550 5563 8666 9263 7073 2462 17045 12972 6701 6068 2718 1008 12559 374 2417 15889 6552 16453 14305 17378 7194 388 11348 18071 11307 510 
11263 1897 10274 7388 10236 1467 518 5018 12603 15204 12923 16639 13664 10201 10855 13609 17845 1733 11492 791 19361 5374 10135 16880 17603 2642 12204 13110 4411 6122 2588 18769 5424 14995 7055 6980 2716 16919 5390 19164 10869 17190 965 11638 3707 1131 16425 12775 13853 638 10169 4170 12307 822 13321 4248 231 7694 11875 17751 10134 2809 3711 19537 18630 15836 5153 6140 17973 10964 6767 13515 18541 8097 3090 4419 19476 4773 5966 13847 9648 9741 16187 5987 6134 4136 13118 1102 2419 11193 7005 15802 3477 425 3637 5125 9942 17222 16067 19874 
18544 13787 3066 17649 11006 2368 19004 11004 8586 16701 4847 1169 14444 12624 14952 10781 11036 3779 19350 14051 4712 13361 6206 7818 14711 7824 14143 11907 8730 3514 9113 12253 12278 2133 5514 5207 3966 16005 16223 6480 13964 9052 1249 13146 7771 4431 9685 12152 2518 14779 14650 13767 7967 15984 5901 13416 9418 10425 9814 10322 14682 10637 11417 16408 12337 19310 18152 13890 13434 6575 10077 4994 13850 10523 6165 2247 19471 11868 1419 12765 1397 18725 14465 14984 13354 2408 10325 11274 8495 10207 8052 4867 17793 6081 7917 14535 17194 15188 17833 5463 
15734 13206 3708 19757 1795 6376 13402 15003 9696 13206 8998 4345 13805 3769 7054 16497 2353 17543 11526 19135 8150 5713 9068 14106 18374 8895 1365 17890 10638 6201 14223 5756 7507 16588 8070 3042 6666 18435 19578 12006 8914 18274 9081 7681 11184 4625 13489 1166 16761 7861 9367 13802 19905 12047 15887 10662 7048 9692 12325 6794 1766 15344 9800 4657 5701 18976 1932 6183 12638 5086 4125 7913 17903 8468 16138 12624 10289 2570 7654 15912 18683 1397 11519 11143 10592 877 14347 1224 4750 10647 19174 10629 4990 12176 19853 16119 7581 4185 11872 19580 
19202 1278 9286 11441 7754 16744 2451 18087 13188 5444 16247 11719 10539 7748 13470 6086 2359 434 13098 6539 2727 5497 18100 7840 35 12817 12487 18158 10721 17593 12282 12692 1160 18522 117 5372 19872 7620 18116 12048 7262 7647 18775 3634 15061 18074 18516 12623 12662 15509 3602 1421 2539 19545 3106 5935 11936 19949 8616 12850 13011 6142 5367 14043 8627 4892 4487 6548 5972 17178 11040 11543 5204 10146 7562 10765 15294 5097 17770 3808 14274 7457 134 14744 16060 9651 6004 1482 11044 2820 1969 6337 12651 18335 1145 11217 7030 5024 13078 5876 
8084 13064 6944 2675 5018 465 7741 16283 14594 3101 10154 11759 15278 14197 19781 9444 5473 4241 16422 114 13020 17236 19086 8821 8154 4237 17444 10864 17109 117 19382 8324 18548 14481 9360 606 10024 12696 17260 7424 16631 7934 2404 7654 19069 10208 2444 2522 3277 3304 1798 16526 18837 5569 19320 14567 18345 15478 19907 18693 14915 7931 19706 12922 19 12201 19634 9564 8850 7489 6876 15482 5387 17005 9068 1735 4357 6532 10834 5039 12281 18389 7384 14476 14783 16751 14837 1902 2364 5248 1989 19477 11814 2791 13169 12764 5463 8555 16923 2836 
15440 12059 163 15817 5156 9287 12508 3306 5162 10775 10477 2120 5609 12609 16243 6783 12457 6278 10615 13217 19660 8301 4955 17052 14484 15583 1702 15006 18158 17436 18198 2774 9050 183 13505 7850 545 5314 2897 734 10818 7103 9711 12952 6694 640 9253 15330 8769 16209 4445 14965 9997 952 17887 14315 4913 13756 10048 865 11696 4301 18240 791 14247 12200 16098 15065 16473 7184 18220 1448 5971 16248 19683 10784 9286 8719 5102 11061 5946 15163 6928 17660 13450 1080 17676 13228 404 1321 5763 5623 9981 6169 9646 17363 911 15013 9951 5009 
18173 18555 4276 11940 10579 15501 14359 2928 17443 14647 292 13984 11522 18325 1482 15880 10408 8125 9027 14812 13571 18851 19217 18623 7229 11622 2823 2029 4236 2084 9887 9291 11189 4651 14676 17764 19913 18718 10511 10760 5539 7786 9136 13168 18347 7438 4333 8265 1572 3092 4457 19154 12343 3483 3590 3270 7968 804 5992 13389 4727 13443 3539 3581 1378 12256 10843 3536 4557 16315 7728 9715 18258 9062 3762 6746 4583 10813 4523 17519 7953 8546 4295 5402 19958 8916 14876 17033 7041 5421 5184 19109 8202 15676 11355 7614 14910 9716 2013 12936 
10407 15273 8410 9294 10598 10963 14108 1913 13704 3319 3904 10405 10880 8616 16684 11765 14970 5410 11882 11443 9601 8742 4246 15912 5791 1937 6593 5186 18265 6943 5234 8706 18671 19135 17769 13058 7869 17538 7925 14926 14496 6389 17142 17752 11988 8992 17578 15518 11242 19790 16225 12093 11114 5599 4835 9589 13936 11940 15326 4155 18239 15407 5367 12650 5870 8005 3829 18632 5694 4400 10778 11105 1059 8019 11716 14450 13230 16928 10744 12995 17952 15442 12337 18638 17359 2386 6420 14990 14394 11962 16437 16445 1939 8144 15086 5634 3838 18551 17429 17703 
10007 18726 6042 4831 12804 2767 7915 19451 16867 1240 7762 19593 19589 12314 7461 4797 4428 17060 6286 16029 14232 14842 1624 18037 16784 19751 14876 7588 19721 4002 12217 16021 17056 19252 14908 19551 14455 11754 18842 15771 5477 12306 8023 9775 15957 6918 11655 18351 18723 19139 19527 5682 5831 19982 15396 8979 10506 6387 13036 17503 15977 14152 4658 13397 13402 16279 16376 7771 16050 2663 10413 10488 1947 2068 18734 17062 2169 12328 17786 1143 16963 9705 19051 5987 6883 13346 15074 13380 11149 5774 5676 13434 10378 15355 14025 3706 15917 11670 7260 11062 
12936 9739 1357 14740 9478 4028 14909 14041 8654 18179 1535 9079 6174 1402 15577 8046 394 7461 10793 19410 7070 17198 16720 12497 16006 10529 2405 14885 11786 18850 2188 54 5776 13790 3213 3732 11582 13252 19380 12358 1149 10670 1397 12126 3699 18437 17640 12021 14682 1417 5500 19304 6939 1505 17903 10871 1257 19154 14700 8933 18506 2807 13597 14444 544 2188 335 16728 12087 6369 2788 2725 709 12564 18677 14316 17192 16578 11583 7140 3377 865 14953 9358 19738 1105 8774 3799 9841 17271 18620 1913 3887 91 11739 2989 8527 8865 9888 17055 
15129 1571 3588 14915 3698 3182 17494 13742 4618 3158 1566 11690 5422 18019 7725 9932 14762 19971 16695 5584 779 17487 4692 3949 6053 18815 4679 3508 6323 14317 1850 12105 5160 18609 8047 17762 1792 18412 4780 2560 14257 17070 9557 13024 5072 11657 5200 5446 1616 3636 16837 9593 8403 8969 6252 19228 13438 18654 18292 2884 15844 5601 19013 13329 6942 18801 10245 19165 1982 10703 10277 6988 4700 8770 15339 7553 11895 7119 1575 4384 10220 19199 12188 8256 2359 17446 19450 6000 4789 10846 16268 17061 4314 16340 16977 16243 5552 5024 12073 6084 
6570 9065 6542 7306 4850 279 16509 755 772 16305 3859 19293 10808 15318 13544 13063 7607 5211 3249 16576 9168 18191 108 11048 4271 6714 4161 424 6378 1719 3236 4543 13171 19072 8944 17859 13924 5176 8473 7168 11895 17680 11874 6781 13922 2216 19518 14569 4418 11120 19424 17332 5945 15052 9126 18913 13562 3471 1790 9512 15119 14891 1251 19627 14711 2861 15663 7051 1451 8608 4452 10393 10770 16271 18253 7520 10419 11677 16533 2392 8373 10589 12562 8703 4807 7355 448 3789 15350 19919 3906 11211 17791 12105 11449 15483 19432 19130 7694 17352 
7273 7279 15478 3094 8215 3667 8445 6245 11471 17050 18823 5209 10371 15598 10062 5190 5751 12587 9015 17871 18109 15927 17363 17285 717 2488 6970 15322 10884 3141 8843 5291 1542 9459 10397 6997 359 18020 707 11750 8557 13243 8439 10763 16619 14691 2139 15355 19087 19798 7576 2416 15625 17929 1824 3562 10537 16733 8770 1417 7932 6717 5728 1462 4725 14980 15866 12889 8647 4046 6112 16896 13473 16728 15240 5858 8638 12972 1815 1822 5437 9602 6696 7744 6998 18921 9770 9932 14200 7093 5615 15104 4755 18244 7780 10521 7601 15235 16356 623 
19833 13019 8545 18603 18325 5541 16900 16361 3261 12108 4929 1278 15737 14173 14751 13238 16639 18461 6489 347 18971 7383 14086 16780 10841 2672 7244 11186 11262 13182 14149 19113 5985 2780 4701 17856 15533 19278 18905 7201 12636 10330 10131 4472 11235 17250 17931 7341 14272 2669 10085 2824 12425 12982 18574 5906 10993 1511 19174 16238 7111 3339 9341 6333 4483 17731 4091 19700 17830 19099 14552 2369 4219 2429 18883 16217 3489 14132 237 7562 14934 4229 11473 9438 2450 830 11284 1005 5326 12835 1441 12520 16864 11787 19839 9322 18021 8836 9036 13245 
18258 7726 4954 4920 783 19762 15459 15388 14373 11683 3483 471 18974 2386 14383 16332 17247 9432 12233 19662 9266 11280 14724 938 12550 16171 1364 4183 14604 13622 14670 11662 10176 9444 19033 16970 410 10245 6948 14920 16072 8327 7294 1699 12054 2947 15353 3706 5328 18854 9251 18525 13555 8046 2518 16460 16511 5698 7448 16077 7549 16177 8940 12186 7253 10101 13525 19699 16497 18358 3249 1815 11084 14053 9111 15942 5147 18285 3737 15827 15520 10723 17979 13305 4243 10892 11129 8117 1401 1135 9436 19232 15487 7155 12605 16111 3470 17105 12978 13349 
17753 5144 17075 17133 12218 10411 4185 16956 14541 7332 1701 1022 16961 8230 1873 18775 2695 4144 9676 19003 10185 14816 16486 16936 2361 3769 19237 8798 13122 19429 9753 17223 8197 8208 3950 15999 2596 10513 5580 7562 1834 15583 4223 11681 19102 16129 12198 8770 5590 8688 10089 6272 16142 10634 15569 1540 17427 9797 15221 19667 10817 7607 4025 9688 7164 1718 2212 7600 15655 19035 4171 19642 13939 15096 19093 4257 11705 736 8036 16188 4916 1971 7112 1143 2864 4045 11467 14457 15251 15577 19753 2203 11473 13738 3777 8173 9300 16403 13010 15186 
15142 12215 8649 14141 3078 4493 6914 19264 4846 9930 16278 12989 7976 18005 18302 8897 4255 2069 6775 6164 15715 18011 4842 13952 10322 11479 4809 9171 4563 19555 308 16069 15116 17853 5514 1066 6790 8957 1102 1281 8914 13150 11629 10197 17385 7365 4027 8877 4531 3286 1901 16199 4012 565 15311 16522 2909 16055 10732 8235 18224 15031 10880 1624 19951 15311 19081 19486 7922 232 7885 18948 14609 1402 16605 17897 11069 17186 7468 14490 18221 17842 15065 13164 10646 13264 8793 15586 5090 4248 12969 19983 10866 3246 14314 17286 4331 15516 11476 17535 
14637 16627 6303 4967 12945 7250 1537 5236 2269 11166 14619 13202 10165 7443 2300 14721 11435 12698 15735 877 13036 14407 10756 18092 18387 1182 3009 2556 13253 955 2637 12407 409 3013 8209 16104 15247 4822 4565 426 19537 9568 14286 6546 15519 5357 17451 7597 7511 2019 19396 6191 3228 6442 11141 15305 11993 2381 12178 10996 2029 5677 10317 10360 4024 10822 18269 13185 13153 9811 11646 10739 6737 9215 18088 10113 19747 16416 12176 7581 5315 10941 15850 9387 12461 1823 8985 3427 18207 16947 19845 10231 16280 15297 10080 6713 9582 18051 13961 1102 
18614 19469 16546 2511 3047 3493 455 13561 18630 17015 15945 19523 16604 15741 13978 12388 17841 3586 6961 13323 18861 11549 6849 1947 11942 6989 15301 5848 6494 9257 5576 8807 3893 12612 845 1139 2957 2350 18632 607 18257 15109 16041 17338 18445 19259 15479 1176 16788 16329 15555 14924 11102 9416 16838 1893 15261 9491 17170 1210 9484 15562 16215 9314 1565 9619 13935 11084 16269 12299 12675 9032 15034 10219 17559 4000 13218 10895 14862 5797 7034 6210 13066 17220 7388 10340 16276 19883 2799 3103 4689 15307 18588 14647 1796 19703 4520 12430 13019 15870 
8097 16413 5452 10680 15676 13425 3406 11549 8617 6616 19448 362 6623 952 5604 8266 15490 10677 14438 19789 1428 19688 4671 19709 19157 10760 11046 1112 5958 4549 3117 18081 18869 14328 2644 11455 17213 7371 14304 1087 17646 8947 9372 3041 13912 9840 7093 15179 18492 3344 3410 19551 8332 2672 1742 15048 1851 14707 5506 18744 19391 11042 17056 19365 4324 2242 12746 11327 6984 6264 8784 2775 18624 6978 17580 16068 7571 3720 19268 4137 14789 17821 18092 11166 11010 7042 18342 11018 2645 3860 19527 1865 18646 18538 15479 433 15515 12918 7063 4326 
2646 15873 3192 15841 15180 16361 9832 5740 6582 15003 11678 383 18090 151 16198 697 7271 19349 14722 6377 2825 2151 277 3802 17861 15226 6841 1059 18807 15678 19714 18545 12162 13530 11685 8574 16259 19310 4699 2415 10238 17661 1684 8221 17417 12938 18252 8268 5238 17704 8947 8945 8991 76 7734 1945 11486 10861 7409 76 15877 16409 7629 16140 13813 8129 6235 18323 16115 4601 13567 515 18148 7228 14459 11018 17102 15351 7590 8067 3346 11785 16891 15604 13054 14694 14686 17748 14285 16759 1263 15383 3714 17560 10554 13330 16190 125 16622 11503 
14315 7575 631 18523 10229 801 2989 11202 16792 3118 10365 8342 10343 2827 12246 12299 12238 9625 6739 16724 1333 5798 293 3942 14621 18142 11043 395 18197 1539 10444 3590 15742 10133 2900 18987 6716 17041 8072 10265 11445 8533 15536 11407 5288 3633 6511 14038 9080 15051 2306 8452 8018 12418 4206 1774 16212 13729 14466 1678 9049 15952 13107 19122 10586 740 10198 8515 8151 16168 18319 8762 11331 450 14881 13635 17555 18564 9002 4889 11428 7720 12617 6572 10042 12624 518 3965 11416 16456 9004 15585 8276 18507 7831 11701 14354 14422 5157 17777 
15391 19969 10153 6309 2036 4288 2985 5464 6828 3545 6844 17986 12445 10938 1712 8787 3417 3981 4559 4662 18470 15023 5650 14585 5719 15912 15650 3990 7864 12769 3225 1510 9607 11790 7811 1585 4454 2025 17249 11392 3104 6065 4976 15523 10605 14576 6443 16861 4469 5618 19471 17078 10929 14691 18210 5208 1532 6435 15409 7715 17246 3932 12661 18508 12280 16540 3340 12333 14794 12205 17886 9983 6694 5174 6150 8758 9694 15068 16477 16622 9836 18226 16208 13484 17656 17284 3304 8047 6180 19908 3764 3664 13942 2626 14537 11630 5204 693 16601 15356 
4577 9932 7919 13860 8221 11485 10930 18010 18812 15409 14290 17961 16469 4057 13537 5216 2829 1187 362 17759 444 17725 15187 1689 14709 10128 2737 7798 10487 12282 15269 6521 637 6874 13187 9710 8620 7172 17692 12662 12369 5156 15175 14830 1631 6928 18039 2671 5937 1350 11627 3061 15414 12843 1961 704 1613 14277 3957 17996 10547 905 14828 757 5120 11261 2340 18284 19137 5975 2625 11158 10091 432 7234 5243 2898 12218 4105 15311 1783 9284 2157 6734 12494 9780 14180 8684 2036 9475 17708 17270 8118 17721 18577 12056 15483 7885 6839 14393 
1333 13192 19732 1007 17013 3919 11382 11280 18158 6866 13939 11658 482 13062 19820 5622 3400 4618 19752 2668 8670 16686 16310 4730 6242 15453 17626 13472 4499 18101 960 6911 7081 5687 824 18777 3486 4862 1347 19080 5612 19378 17560 19298 7460 17321 15296 10629 10161 5001 4397 8757 19521 3438 4899 3545 8278 8385 10900 17123 250 19827 1790 18775 18566 11885 15530 10101 5169 19069 3671 18845 3772 19818 12796 4878 3458 3260 2080 6726 5119 10136 11648 2115 17906 3819 1420 952 17894 12365 5134 14186 6132 7543 9230 6986 8285 11774 11288 9673 
3039 8912 17705 4841 11465 19814 5289 14109 4527 8639 16478 12942 10927 10792 2851 6967 12457 18482 16634 8244 19073 4802 14876 14904 855 12292 5990 2605 19049 16905 13350 1252 3381 3323 15616 15395 7828 12559 8495 11765 2033 7783 17608 2370 551 9300 17163 16603 17115 14640 14112 783 16109 4668 2487 8580 18439 1677 17597 10757 3979 10389 4779 17657 17794 17798 2382 12898 12313 12805 3680 1680 2653 11577 7401 2166 17271 19554 11554 13373 11136 6071 10238 17988 13608 12498 18140 3583 8217 19868 12388 10628 6511 6902 6453 771 3190 14394 15792 3802 
4682 16869 19924 6752 8376 7471 10602 13549 14677 7012 806 8690 19088 13114 14209 3344 16491 10389 19822 7340 14836 7593 1513 15468 393 12683 17059 1537 1793 1734 6451 18622 5012 2628 14118 8942 16505 19475 14766 11800 16674 8691 17516 3032 10851 2670 8034 4398 9990 2001 13331 6344 18253 2145 18934 12589 9684 5531 13099 19964 1140 14999 17773 11937 13690 9523 10968 9273 19655 8164 10262 6261 17478 13173 12091 5937 1619 8205 6535 12758 19647 12556 12277 6148 13741 17379 1425 3366 8758 14809 8888 5121 14080 15935 5987 2385 11417 18559 2991 7830 
5752 10673 10271 338 1618 603 12751 16005 11896 9745 17347 4095 11322 8839 18084 11370 11882 3713 8575 3236 2298 1442 16552 15141 18774 12851 133 12670 19206 12300 10516 3762 18036 702 10787 11500 3934 2687 5529 900 7501 13879 916 18144 11183 19196 19987 5689 18573 8127 2783 1698 5303 17919 6030 17218 18697 617 2065 9556 18383 14876 1685 15278 15061 8511 10616 11277 9581 2694 14269 17349 19563 13760 10501 18700 5711 13538 15036 11846 15022 14162 9262 2314 3084 8290 5073 7610 2635 666 6447 3872 10587 11977 12453 19651 10689 924 11376 5263 
14025 15456 631 11139 4527 9101 12174 13623 1702 3337 8090 11645 17750 1925 16037 2709 11261 8166 19245 11637 4687 993 757 10508 17767 10857 6587 13218 14100 1328 17499 13113 3045 7366 4083 17122 4146 6180 4820 14835 6262 1626 11824 5954 18590 8082 13944 14569 15771 4724 11923 3680 4265 16158 5287 8416 2187 331 15667 11376 9782 9671 16229 8546 12731 16382 1909 19212 5489 17835 135 18318 6812 3005 6722 14701 4689 5864 16635 3644 12861 16702 4296 7186 6094 7280 13140 611 6423 10778 19084 8585 17537 2465 17621 19342 9489 12021 9204 10385 
937 3469 2629 4120 11081 3631 1084 16878 18505 5063 570 9747 9091 14399 15365 14660 209 2042 10230 14171 13363 14140 4044 18369 12481 12783 14544 7345 10034 15367 18875 12678 8182 9047 9623 16348 7116 1228 11021 10539 17809 12034 5026 6752 1333 19679 1944 7673 1960 14691 15286 237 6208 3918 5562 13312 5041 10261 2679 8461 1396 19062 1644 17194 10229 7094 11251 3176 3273 15080 454 12802 15684 9694 12090 2595 16774 5967 18660 16857 12008 6034 19849 14010 8470 15180 6470 5064 956 1099 521 12657 914 7314 6041 4096 15397 16700 10461 16836 
8222 6034 1121 19845 527 17524 6661 19277 12909 18250 17951 1908 16328 3441 8271 14756 3975 4553 17409 4333 1279 8057 9374 3964 16244 15891 18414 2609 17316 3517 3011 13625 10944 16499 12570 6909 16046 11566 16452 12859 17550 13079 10069 11582 6206 847 17718 5802 16863 10229 16833 894 2374 10459 13359 477 5351 12126 2918 11023 14928 19760 17474 13902 734 10449 2162 8300 1262 4425 11987 13465 8818 18567 3078 3699 18242 18746 18167 14540 11582 11961 11010 3581 15919 4191 19405 14349 16515 14911 1526 16689 12490 4205 15234 2088 7199 13417 5069 17383 
10508 5268 6605 5284 15149 14388 2855 5141 14346 4197 12411 12420 12897 11065 14019 293 8903 1702 17257 11801 8326 14703 14019 16019 19568 2192 10487 6667 258 12501 4278 6589 13431 19826 16455 6563 15291 11782 13087 11854 1744 10820 16051 14959 5883 10420 7753 17990 3629 12004 19471 13112 9688 13523 17992 14491 11044 5622 10243 185 10143 16361 10587 7408 14989 10390 500 9616 18303 13547 15278 8844 12971 18799 17503 1734 15929 14465 1915 2695 17711 670 1415 12626 19818 4950 8854 6643 7109 12960 14323 19252 7399 15218 2607 10395 15452 15816 514 817 
3559 14048 8741 10182 5876 14878 17995 16386 8734 9205 14024 19494 4077 9836 1270 18748 8245 14130 19824 16075 13271 9233 15362 4538 2883 858 6762 5167 10406 11522 1084 603 742 19208 10602 19000 3623 12367 11568 6616 10313 2206 9408 12534 10966 18201 31 13947 14810 17768 1936 15452 345 6030 18806 779 7763 6627 17286 403 10744 9487 9612 3473 9852 6516 15800 7492 14684 11135 5074 4190 6990 2596 1210 5025 1931 1027 1503 14754 9666 4134 4034 6499 4464 1503 2916 16769 13522 7435 16229 3844 2677 18254 16308 17990 1196 5023 17087 16917 
12846 17616 18179 4936 5405 1066 10384 19242 15837 10136 12305 11761 13280 13059 12776 5 7069 366 18762 5368 11955 19755 13451 2295 7724 2927 14199 6777 15400 15340 5027 17593 17208 4806 3362 8744 12508 9869 5697 16519 6860 13915 1869 9625 16431 15938 12632 15822 14916 13897 10229 3497 15168 1620 6626 1622 2720 5175 19121 6522 3396 9644 7996 8903 12182 12262 5912 19566 15561 2821 3730 17254 4490 17314 2437 7064 210 15726 5886 2862 74 19934 14014 12141 15581 12629 1239 6755 19811 3227 9724 7975 6434 11672 12183 19292 7492 6105 3934 5417 
2141 15301 8873 907 13530 1842 9066 16858 16021 6944 12631 19102 19921 2879 19625 16345 5925 13941 10589 1685 6454 11875 7471 15947 16072 16725 1589 6267 18175 19018 8341 18376 136 4250 13333 6003 14095 5575 19624 5852 5580 15672 10777 11580 17151 13697 9385 5218 19246 8277 15787 9467 5421 2476 16637 9313 14184 11664 18029 16399 4579 10248 2863 14582 17746 8170 17125 10125 1611 3148 14794 14949 916 19554 16043 16398 19770 9914 18429 11932 8899 19924 5756 12216 14796 2945 4308 1010 12955 14916 1130 5318 12367 5601 4039 14238 3485 7129 8079 9922 
6818 5759 18068 19120 4371 7798 1962 18718 1096 15621 14702 13721 8555 14727 17231 11114 7974 17764 386 18037 14881 16469 8329 17722 12513 17448 1224 1609 6179 2754 1838 1105 15769 1171 15752 7395 8597 1171 19879 12768 19758 1468 18964 11882 12195 96 14762 6400 13664 7974 17582 1457 12774 17871 14878 7365 1302 4724 16582 5023 14964 18236 1856 18446 9828 13706 16966 2866 16562 12007 18952 1835 19700 4670 4787 11772 14115 5005 10709 17380 15887 11181 11421 6394 9756 12238 13842 17069 335 12922 5091 16870 19294 18329 19399 15781 5673 4251 13640 2690 
1544 4198 6152 18272 10177 9005 18555 2813 8919 19986 5245 2419 13977 1552 241 2034 19261 4242 16097 18716 16523 14102 14542 13602 8929 9349 13549 6007 15294 10256 518 18085 7135 13201 6260 3490 5756 4810 19465 18490 11530 17138 6356 18948 2578 9817 5191 11629 5038 10124 10332 13250 2090 6884 5538 15735 13947 19173 11196 1086 5992 5730 15156 14331 7238 6035 1871 7967 6319 8989 19526 16348 17177 10120 9841 3458 11651 3269 10235 12488 1147 17682 3048 10679 14572 16451 11495 7846 4735 17244 7046 12041 382 1248 17923 10773 6070 1282 13395 11240 
17058 5006 3561 17997 1406 14155 19310 11503 6466 5762 2146 15988 11959 6279 18559 10072 16819 14549 18640 18575 11994 14564 3616 8955 16392 3946 12001 815 18159 9087 19051 1912 8478 2887 9202 9108 73 6027 6187 17700 7606 17715 10512 7565 12160 6842 18992 19563 16992 19485 6015 626 6737 3699 11234 979 7261 17522 3381 11926 8347 11154 14871 17645 16398 19221 6897 19415 9348 4082 9707 15727 10967 16106 7734 6718 6748 1857 4286 16345 8566 16131 5471 10763 290 18778 8043 16321 1541 2239 872 5637 11787 754 14701 5166 1948 17162 19906 2713 
5713 8232 16919 18328 7758 14479 9023 7010 11033 5374 12192 6677 10327 15919 1675 9813 4291 15491 19999 2255 3099 14919 16091 17541 13947 2718 10199 263 11570 6422 4300 16863 5963 19948 2684 17305 4500 2938 12404 16065 10637 3008 18274 5878 6374 16846 12104 2668 10690 11093 867 5117 11109 8949 3469 17294 10604 13440 10834 7788 17020 3279 8963 3786 7203 2264 9675 3526 3027 8151 18716 15570 1495 11933 15909 18329 6119 3468 7050 18279 11752 4398 12227 10304 63 14278 251 8614 7850 877 3890 1653 15366 10572 15592 9464 6855 19778 8378 6919 
484 13348 11607 1275 9855 886 16285 17477 4286 6908 9615 9662 51 15786 3472 2277 19763 17416 6492 9281 2089 4547 14462 4836 8988 17703 18697 3946 2649 18650 17091 16477 9330 18321 17541 2991 12277 10168 8404 5829 911 4847 15715 13894 8476 7197 11806 4559 15322 1438 5062 11140 37 15532 5458 9374 5579 637 5598 1339 12630 6601 1925 254 17335 19426 5791 4593 15633 11643 19081 14953 1345 1532 14077 12116 10227 2135 2246 19735 7170 5980 1640 95 18723 16477 17596 16368 18145 1900 16432 19815 15154 12917 16804 5366 7584 9580 8446 4019 
17109 8734 12940 5484 16247 7770 6243 9530 18818 5665 7622 9453 11045 7241 4721 16116 5488 1587 9412 15983 5003 10582 4143 1608 8893 8444 3463 17993 18473 18262 405 13267 4202 16430 12423 7114 1593 933 6565 15401 8074 4417 8576 14424 17999 17981 5612 13232 17987 16632 17249 7444 9783 2334 14492 13014 12826 5593 11451 3376 3709 11516 19381 18400 14722 1282 17779 18603 18669 4953 2209 3057 12134 6580 13563 14421 14397 7525 18430 19537 4184 18943 15265 19039 1429 19371 6050 4393 6250 18334 18128 5820 12314 11946 5899 19542 16792 1402 7073 7768 
14074 10326 13152 9888 5448 1909 18849 8278 1917 1758 106 17188 2360 17415 15431 8121 14196 10469 10202 10165 8770 2204 8667 8691 8622 18720 3296 10880 8847 6465 16181 11494 19720 14110 12186 17347 2779 1719 8514 13895 17549 3130 10386 2401 1106 12504 7529 1102 7652 10969 11144 8814 306 14299 16056 14418 12277 7568 17721 663 19634 17709 18792 15725 12831 19926 4914 10949 19203 18889 14450 8230 13594 10652 11824 5458 19324 16229 19154 13459 6677 2771 5886 2887 1090 13279 1091 4493 18240 10782 18139 11205 8213 7934 6409 15467 15944 17956 9750 271 
10108 7859 16362 7309 17667 19897 9789 10702 6232 12171 15715 9730 1465 14341 4249 18993 11667 19366 12384 19471 16781 17217 16322 18878 3957 1504 8344 14792 16907 4947 17923 18953 11196 4634 1767 6215 12695 3001 12462 16540 1359 15474 431 3516 7519 705 8867 7803 12893 14345 6359 18967 13482 12291 6859 14121 6552 14343 11724 6830 8882 4206 13474 4699 18478 6778 5995 19096 16919 8664 10838 15438 14545 12846 14335 17480 5659 3452 15189 4051 5938 1562 7250 1662 9242 17984 7150 1433 5993 13940 1488 13778 10344 5605 13256 19274 8281 13421 12187 19164 
3891 2147 18722 13928 5945 2555 16272 3350 2014 10735 11471 6534 12284 5928 7106 5296 266 12837 17407 19375 2593 19344 388 6892 5079 5575 6933 8504 17244 5253 11298 18692 2475 5273 12733 12604 6025 14433 2900 1913 8028 17267 18788 18110 13725 13915 5789 6675 18078 11957 654 573 6972 1169 8987 6492 2186 7113 16984 2280 2315 4528 2096 9013 16848 16429 12301 6120 15563 9873 8690 3021 456 4326 11022 5700 12369 13557 10971 1665 9510 7011 2730 11713 67 1589 5663 1960 16077 19777 18700 14556 760 15062 11159 528 6500 10563 19672 3196 
5651 1833 5924 5586 1366 19751 14871 289 10634 14452 18139 5194 16709 6228 12284 13544 13125 14343 6603 11742 6475 19688 184 3345 10153 2232 12880 2695 6234 19186 19900 6612 17693 14830 4696 17586 18138 17943 9843 16923 11252 7758 10590 11255 17132 14401 779 880 7705 4730 5810 3344 18419 9528 2351 10726 8383 12981 9464 4039 6165 10373 855 13210 3405 4948 12916 16059 3465 19868 8261 14710 17268 6200 19436 12902 3551 12885 2489 2594 15681 9614 15098 13337 2255 18544 18929 2838 13650 15811 10928 12143 11718 8759 13218 13898 4816 19830 16303 7105 
15352 13051 15259 16823 12040 4060 3600 2252 4050 19598 14502 1623 19238 17420 4092 7353 13647 2543 16459 9885 4468 788 15100 13658 3635 15543 10481 13643 14267 18682 18390 5889 17117 11583 8784 10495 19235 17186 9817 10483 2023 9020 16718 14967 10872 8135 232 86 13569 3895 14293 6131 19662 19541 7625 14292 17968 8487 8952 11477 14412 12273 521 16636 17391 16115 19595 7023 2837 2989 12636 7838 16181 12192 11849 13687 13394 13311 8770 15294 8306 11535 4598 9904 18370 5261 1954 18818 6080 1914 7750 491 18218 2936 1856 12635 10117 13861 11263 1764 
7140 439 14419 3620 543 16720 5421 2909 19927 16059 12769 5797 9459 957 12351 3595 44 12701 19357 11073 14651 6711 8804 7842 8962 4563 19363 16237 14549 18599 174 14142 16750 10072 5337 6197 4443 6772 5769 1820 13906 11055 13105 13477 13938 14220 15343 13655 4446 18176 8913 13954 5668 10326 16860 14749 237 2613 7826 18856 15257 10667 15523 7639 16587 13985 3378 2998 12528 3078 4045 3668 9078 4537 8468 9279 3968 19945 4177 10601 11651 19566 7513 9422 16435 16770 19472 16492 15946 14103 19840 967 2119 16968 19320 9802 11884 15837 14339 514 
4756 2929 14211 15766 9503 14305 15360 13210 7086 13314 2268 9009 2049 16312 19862 18499 19566 6617 7010 2414 10306 7615 5812 12110 10329 10967 6387 12240 8183 852 11831 4299 16397 181 13042 19489 9555 9722 8094 14340 16140 16073 5844 7520 16340 9416 18478 1272 2989 17003 12656 15921 7845 3293 13964 10886 393 12688 4358 10625 11344 15812 17278 18970 18036 5251 125 10273 13917 11713 18796 10801 9293 16530 3947 8836 15537 1445 3690 16887 9942 1628 12401 14482 3405 12844 10327 4957 18128 8723 13680 4689 7534 9066 19915 8207 15568 5120 17860 17617 
17587 12767 17406 9789 10018 9556 18428 19723 966 16527 3640 3556 18979 10752 5053 9627 2139 19537 18746 11050 14664 12223 7612 18230 3235 10524 16791 14751 10201 3330 11459 5085 5877 16932 11674 7560 7101 16583 3954 11008 14264 353 14282 18551 3965 11199 12231 6949 19514 18203 880 14954 6445 2903 12226 19107 5243 11657 12766 406 18458 19986 8948 10301 14407 19823 7166 9435 14643 5608 8002 17582 17383 176 19384 18208 14076 6355 18365 6104 1308 15237 16199 11520 15226 7038 6406 19240 664 5499 515 6039 12171 11755 1163 4950 9113 8613 7258 9795 
12055 11189 10864 18396 12586 4813 10525 17924 13802 16169 10699 810 3613 8594 1985 4661 8074 17469 1850 14615 16917 6649 522 11579 18486 11867 1755 14784 6243 2042 13137 12086 4060 14446 5641 16466 2448 4641 7098 12161 2945 17152 19290 18849 12833 7795 13334 7353 17371 13598 3065 5276 1735 11266 1086 16018 19861 10115 7186 19614 12357 10410 3807 8814 696 3062 18250 18871 9858 11602 16307 14441 16621 2379 17005 2063 5684 13920 3153 1635 808 1388 7375 15333 3162 17072 18319 17410 14069 12854 16731 13314 4328 15579 16081 1550 17312 11283 7419 16749 
18016 19199 13169 17350 5256 1484 19526 6359 9195 19614 2163 18608 1392 13367 4913 12958 9555 3352 16142 12872 14191 3001 12478 3821 9339 10974 4585 926 14568 19917 4688 5303 10435 2498 513 12535 14590 668 5348 1703 707 9082 18896 18436 7440 8624 18626 10384 9583 10953 6293 18583 8625 36 19325 13136 4890 1584 1758 6637 18440 16335 14410 3800 10942 18128 8982 10707 5676 2690 15775 12128 7874 18095 19697 10344 12583 12811 4273 3907 12228 2284 8319 9785 1079 2 4986 17320 18790 3958 17852 7440 214 14470 13750 15565 3674 4279 17031 1639 
14878 6876 14926 15727 8662 13984 8725 12622 15763 18142 10427 13887 6785 1318 9582 781 10573 15503 19986 6497 9161 6209 930 1155 16489 14816 12688 7990 13083 704 10926 14166 13873 9110 9734 4655 11350 15642 7948 12620 1235 3394 18470 4745 2860 13589 5254 4939 11442 15708 17662 4854 4439 8014 16870 14664 9177 4433 14012 12527 3930 8721 4747 16187 9652 1843 9940 5130 14530 13527 17152 6751 18569 13906 2602 4965 10374 6195 18322 14688 13331 6346 14164 10642 3371 609 9360 3912 5501 16942 13327 4692 1292 11206 386 14662 4515 14084 8102 17433 
7105 9657 13929 493 2643 1581 9829 7093 19557 7795 19583 1519 1198 9709 8453 16172 15017 6794 19902 13907 17999 12524 19048 4061 10558 12601 7547 15613 16079 11408 19589 15908 8291 17614 13688 8383 13652 4882 19975 7738 955 8612 7649 15987 15316 4653 2306 7819 18751 933 7809 18717 4519 17926 12403 14275 17427 18910 3749 4127 17271 15952 2580 8960 7617 2542 9650 14023 17100 8837 5674 7572 5424 429 8944 7708 11266 6596 310 6019 4256 8952 10209 1477 8224 6456 7432 3036 7913 17698 14320 4350 16329 6413 18071 19058 4925 1147 12847 10075 
3804 5034 12371 11328 4133 16595 17702 5362 19946 7516 9864 5272 11530 8336 2039 14380 17587 17984 10988 2111 8342 18094 12402 19495 16807 18053 9866 2732 10369 1699 12124 18267 9897 11627 18328 7803 8566 12019 15972 16690 7563 15957 1181 14140 10884 8138 16052 18683 6394 18944 2737 7326 5352 10789 18951 11833 17569 2695 4586 10576 4414 4029 14138 9387 16820 13328 14614 9855 10515 3173 13615 8497 15639 17023 7285 15248 2940 8970 2811 4707 13746 2331 15158 18571 5893 8036 2732 2700 12793 8727 11660 7245 17839 19531 3361 3286 11328 1415 5116 14407 
2089 8091 8305 6649 1008 12382 4015 5282 18633 3006 10693 11834 4053 7703 13539 19800 17229 3650 326 12493 11967 1097 3333 11457 11737 11161 2075 8877 5491 13728 6529 2441 15706 6372 5527 16075 15814 264 10020 14993 19211 13986 5887 8508 7041 1181 15986 19026 6935 13011 16126 675 19895 1315 14660 15994 17510 13440 10375 4137 16687 14667 8362 19005 4099 19174 18579 767 7517 15462 6763 9192 16233 17208 12395 12238 17744 15449 13412 8329 2900 13060 2334 5766 16692 7456 3511 7698 16875 12447 6168 16103 7610 15198 12938 13207 311 9219 8573 3779 
18888 9330 18517 6753 11573 19537 12029 9592 16513 9750 9546 3848 13324 2299 18969 5353 17783 14156 10567 7476 1861 5828 5176 878 6265 12848 15391 18218 17700 794 4432 7228 8010 9787 12372 615 17415 19396 4418 16204 9009 9895 929 5785 6720 795 13860 16085 13910 12613 19320 10296 14808 2789 930 3625 5971 11705 3667 11273 9935 19743 2891 12294 8279 1311 18226 17775 16257 6775 6999 16767 6207 8252 16914 18407 11915 10176 2650 13670 11123 10589 16078 5187 8372 4098 4776 18570 5357 2421 18526 13668 10999 13478 8499 19217 8404 4945 8792 19297 
909 3223 15025 5040 4392 3756 19665 10040 18046 13633 8792 12882 10790 12408 9959 15245 5518 2088 5872 9000 8366 2212 13540 10761 15185 10971 13617 7303 12406 18295 19596 304 14493 1853 1558 3841 5165 1903 4162 13074 14564 15920 3554 7557 9585 18956 12894 17624 19525 652 11187 7269 4254 14853 15093 11975 17100 2756 18418 14917 19617 15527 8973 9984 10445 7341 17476 5055 15435 14749 18194 3963 11232 3352 6015 10593 19499 7681 19627 3542 13984 15247 5505 14788 7589 10685 2381 10792 11665 929 10888 19489 4685 7373 18075 11586 12513 15923 11468 9624 
7429 916 2366 3221 18126 3807 3068 13949 7835 12595 7714 18281 2799 12892 11421 2035 18251 6608 7414 4760 14110 19152 6825 17510 17568 1124 10864 2423 14755 15401 10035 7557 18682 5586 10091 15426 5634 6728 9417 8650 17207 4271 17523 1184 10187 12169 9343 8547 1432 6087 15014 15487 19981 12646 9840 4536 3536 635 14114 13868 1545 5138 17491 17924 12044 507 7599 9218 4456 3116 7579 4780 5542 9846 12236 5656 10675 3222 17490 2926 7639 19150 2815 8645 5134 18195 11357 15182 3173 6323 17414 11359 7568 16058 15962 8856 15675 3984 13929 17300 
5607 5539 7884 11487 6081 13019 17847 19166 9107 7756 11895 2835 12689 2385 1263 13968 5738 14148 10611 3128 12376 15170 13162 14396 17821 10649 5388 17549 3051 890 936 16437 411 8124 8474 16982 7374 14050 3161 3245 634 19042 6404 15001 17713 18945 13619 5251 18277 413 14651 1115 2352 717 16571 16539 7615 2962 3520 10260 12958 2657 13284 7457 507 6562 15304 8537 13288 9764 19797 13485 10725 1911 12675 15212 9152 18543 15953 355 19543 18463 18337 948 19622 13069 5667 5415 2572 18610 5922 2308 9494 7281 8451 15249 17845 18107 2140 12489 
2999 13546 2187 19542 15157 12756 177 8318 18764 17457 17151 1199 6644 11332 4343 13494 6021 18894 1286 2709 18626 14767 5970 18077 2073 19320 16728 8767 4689 1575 10562 14235 10997 15346 7573 5136 21 19534 16193 8235 3615 18526 18908 13769 17000 3618 3154 8680 18694 1421 7079 4172 2027 172 14853 11010 5416 9894 1218 1025 13614 17344 9963 18236 7085 1674 16013 8046 1722 1765 5819 17937 6086 11152 15734 8110 8342 1480 13070 15501 10100 443 9508 19615 9333 15124 1573 3616 19563 16687 17836 9101 17509 7355 17546 8014 16376 15604 10374 116 
6976 10530 11962 9463 13870 11299 14952 18331 18714 12641 200 2008 8009 12316 17847 12913 7417 11488 12944 7463 9860 3945 15311 14136 9574 15111 18329 6155 19299 16773 16339 7251 12812 8473 15342 3915 19972 1494 16694 2604 6475 6385 18469 15320 15505 9956 4185 2003 13464 12687 13592 3185 6971 2475 15183 1331 3323 5679 5142 14307 11593 1380 2400 9420 6571 9800 14493 11456 2710 10826 13909 3163 10293 13559 9611 1615 10985 2844 3421 18884 14973 13709 5956 476 6869 9647 11805 19952 12580 5686 18626 13181 4310 2185 19864 654 5906 281 5759 11311 
5714 14947 12355 6304 9149 6573 3176 6135 8156 17022 13267 9618 9752 1106 10288 18094 10841 9396 12343 3327 11485 3325 7237 2548 3815 8512 2849 9045 18785 17247 3297 11771 17928 16072 10604 2386 2340 19399 16524 13184 16040 15095 14249 14331 5924 12990 4652 3857 5486 12216 16774 8846 14487 8347 7241 1246 11786 6248 8287 16750 3485 9592 19080 10185 13606 2978 40 5830 9470 7571 14829 6129 18969 16231 9704 7208 1926 19035 4923 14650 2715 15167 17889 17962 16351 12070 2718 7171 5211 17840 15921 19987 8599 17773 2888 12967 12317 11003 4860 15120 
10461 8188 11076 7400 16591 16159 5781 16500 6503 481 4792 16416 19753 1867 1292 16189 12151 7371 5560 17285 16394 2302 8307 9037 13030 13808 2317 15593 18941 2050 2074 12803 5543 19908 6064 18487 3864 7172 11444 4518 18716 10127 15759 4162 19136 2502 5397 13105 17277 8691 15471 7609 12949 15205 10814 8243 5994 1280 2775 2603 3671 4583 1503 5488 15262 2955 8403 19945 11058 18125 18466 7638 7938 12335 7138 1960 8714 13815 1433 2350 7428 12034 19969 13230 17803 8687 11624 16010 7020 15332 7483 7596 2012 13629 5781 3845 474 19111 14517 11391 
3757 14435 1436 16295 13854 3032 6057 2940 1647 19115 13440 1628 18618 14966 14383 8296 9196 11446 1729 4807 5950 2671 17472 13237 14782 10777 10355 2609 2348 11725 8642 11504 2857 18083 17754 14989 6461 9705 17453 9298 16411 8274 18271 12702 7172 16615 1856 6017 681 8744 14937 1165 2937 1566 11589 11251 8111 4179 3485 576 2367 5707 2826 18026 4567 7611 7631 2284 6069 11405 4079 12291 16792 17723 5593 1401 9729 17672 13342 18665 1121 2403 7865 5676 8447 1848 6490 2428 13443 8549 6242 605 2325 7528 16930 7760 407 18124 14093 10802 
3302 18743 6498 12239 11888 10459 17882 17616 3240 390 7607 17577 14695 10811 19944 12998 3260 4911 16646 16617 7532 5165 12511 9617 4329 5223 18627 16574 17212 1289 2976 7231 19093 13896 3087 18524 16112 16039 10429 15297 4967 8586 11232 13150 892 8916 13420 11847 18467 3713 14340 12734 12447 1865 8987 18597 10798 8389 3403 19397 17126 5336 2932 12321 4691 10601 10035 9591 9188 10585 11338 12462 12486 7638 18609 14845 14514 8229 13347 5005 15471 2772 9666 18754 15568 13052 15182 2591 4465 8187 14557 10220 17609 15058 5422 883 1656 14159 1342 12948 
16152 16779 1523 11187 3686 4486 11942 11185 5676 16824 7594 9315 5989 18169 10534 11715 9587 19689 3416 707 8373 17337 3199 2097 11432 11810 4721 1792 1859 1432 8824 5163 7353 3867 14714 17612 16767 7635 1249 9755 19805 19337 6842 15683 12049 17549 2662 17718 12511 9305 18823 16117 5880 10125 8252 7146 6678 13510 17917 17985 7487 845 2107 11871 18453 7657 17450 1940 10242 7150 4358 17203 17641 16968 4585 9077 5994 118 9584 11928 7656 15987 19351 16054 655 2398 16453 16546 6742 14637 4910 6462 11037 12387 8629 7764 10427 10520 9084 18436 
2937 14659 6913 19239 15236 7476 17130 8527 10476 16645 12644 18570 3654 388 15759 11817 16680 11566 2350 538 10335 6233 8411 18285 15318 7608 13643 16602 9560 1388 1783 5429 13991 3353 2367 638 3956 5187 3595 7128 18462 9462 11001 10933 14448 9723 11618 18762 18249 16601 8304 8426 11475 15904 13947 18577 13454 9620 211 11202 7452 15758 524 5307 2853 7987 11988 5233 10476 986 5910 12034 13232 12463 1625 11367 19291 17768 3312 16311 9970 18037 4487 8577 19498 7818 9853 6527 8879 13099 9211 13449 1015 15687 3097 4524 9287 4875 4855 15923 
16788 2321 8820 4465 8375 11104 19298 11287 2754 4862 40 7949 16762 17971 8886 8421 19049 2703 7281 15384 15342 4282 19331 14286 12472 9797 106 13595 13369 11896 17861 14668 193 13205 19881 19700 7796 2405 16616 11168 14715 17907 3809 1222 3856 64 7300 14449 10086 17854 193 12458 16901 970 7074 13721 9360 13269 14965 7097 15487 8491 15710 2491 13305 14211 9462 7083 5712 14947 3986 550 10368 10368 9442 7739 16798 9538 13338 12215 7881 7123 5362 19127 7930 12526 6752 824 4529 7851 3904 3671 16342 15664 10919 19479 4053 2474 10743 10020 
6650 8873 9629 18032 10218 2272 4572 3170 1443 13176 8425 6336 3017 931 2378 10825 13114 19875 10492 13727 16140 1849 15963 6018 16946 15980 3817 4778 15676 11695 19718 5980 5454 15891 19577 11280 83 208 9647 7250 3963 19327 1795 491 1390 6255 13640 17053 7449 15505 8234 19626 7667 10135 12995 905 18626 13568 2547 16599 6726 12133 15194 6492 7275 19270 17676 17018 11093 17327 17926 3776 10837 17900 10499 17421 4209 6639 4359 1372 16248 3465 7729 14776 7896 14141 9664 19160 3019 14119 3064 12216 11069 10614 18789 17150 7581 13841 5583 1035 
19692 13345 15481 606 8862 367 19395 18932 7994 2187 2562 1408 15131 19370 14540 4498 10928 1864 13450 15671 12077 4886 9134 7963 17880 10522 14934 17610 12150 5998 2768 18183 7634 14537 1196 9662 5144 19763 1159 5890 4579 9568 19085 8847 10034 10393 12045 3175 16172 7861 4643 9392 8062 14685 12337 19238 11650 11807 10873 1590 17073 13697 6514 12375 1987 13744 6767 6927 7101 10685 16275 18223 1110 2010 7579 9439 17204 15274 1432 14251 8355 13253 16345 3337 13550 13894 12065 502 12182 10980 16662 16871 8756 6459 11917 16587 15133 10367 16705 12448 
2467 9292 13041 14924 45 9307 4505 2995 3202 4311 1702 10234 17511 5723 14473 4586 11430 14455 15523 5279 14589 1115 5169 5297 3913 5363 11884 12858 4763 10370 8330 10333 19286 13307 7570 14047 19156 17814 9139 3391 4900 19369 9671 12693 18991 19516 17754 4276 4902 9871 17728 6152 9299 11848 12077 2772 9573 3055 17135 12288 13883 6281 11777 8755 5914 2015 3783 12709 11526 10447 3569 18563 9483 13872 19963 12260 13456 15442 17729 17613 17479 15207 1509 14771 2053 9377 15878 19266 3078 3741 16203 15042 10811 17188 9993 19947 11022 16262 13418 7088 
5551 6688 12693 10511 14449 12808 5018 8632 6880 870 18752 3859 12987 7093 17509 1846 13902 16464 17878 18808 12082 3190 15433 10345 9178 8745 18738 205 3590 18459 16021 12426 4940 2578 4224 15296 7608 12727 15088 10564 10550 9733 17986 6344 15564 3719 4182 17149 1210 12433 2197 19493 14551 8733 18984 16486 7925 13164 6582 9888 12914 12577 18955 3028 8713 10722 8688 3044 7082 1743 18236 15876 1064 2527 5411 12456 9661 4838 7795 9517 15656 13170 15765 13475 18764 19265 8824 816 11309 9222 14910 13419 8600 4151 17392 12261 11204 288 19422 17941 
1307 19530 339 11452 335 6310 3817 13650 41 11766 2427 6847 4228 11123 8327 6974 3312 5242 4737 19749 8898 2261 17920 19279 567 279 14318 12553 2059 17007 12575 18237 9029 17326 5087 13236 15587 14703 8807 5439 11780 7383 9972 16099 9230 15305 12437 270 17099 8682 4319 18760 15571 4180 2619 17 19049 9620 532 15396 6236 3169 7110 16243 19309 17932 13979 6235 19355 7890 8797 7403 10265 16128 133 3297 8276 11287 3466 7706 19341 3169 2976 12389 11522 13444 8831 12241 14588 2395 14645 11345 4007 17631 4802 18335 11520 15710 6331 4518 
9490 12614 5014 3179 1198 4006 10427 13525 14293 1208 19593 17688 19567 13845 13929 4236 2257 15081 9189 16621 18043 10391 3079 10015 10955 15810 10239 4950 15347 16586 19269 11219 9153 2185 11499 473 10592 18581 6185 10933 15521 3765 1814 12685 17619 17417 8211 6964 18592 679 9140 17893 582 6954 71 87 17975 9685 10819 10586 10787 18047 7731 18532 6818 16474 15105 11047 4772 8983 548 18730 15511 14220 13933 9226 3649 2155 14667 2301 16658 8391 6943 4853 13688 6993 7668 9302 11278 7800 16757 3806 8150 9144 4470 7715 16271 1912 15499 10731 
10376 5903 14471 19189 13130 4396 2569 17906 18125 7889 19954 1035 17898 2930 13670 10358 9154 6981 15733 4465 12382 15259 1075 7234 8058 10489 48 9087 16612 11497 5156 19414 14356 1593 16720 13646 2554 2680 17155 3380 11825 6015 8544 3016 9068 15574 13206 11332 19088 4952 1937 11441 18123 13730 19613 17558 1448 14259 2844 2030 12253 4785 9369 1049 3975 9870 3876 2499 13273 14020 9932 4366 5841 19487 2717 17158 2236 4162 2247 8757 15910 505 11768 15160 645 1443 11020 5527 9566 4189 19045 14990 12917 7898 6241 3651 6807 6112 331 5207 
10089 19928 15958 13645 11577 2826 2571 1437 14781 13096 10302 7680 12350 14797 18523 19614 7408 13190 16757 15953 3972 15582 12653 5474 13642 13519 6686 19298 10742 7261 18289 295 13117 18477 13101 18061 10747 2113 6012 2892 9397 13341 19694 17211 1454 10552 3313 7857 1183 326 1101 7710 6540 15299 5483 51 14775 894 14432 4129 3980 11818 17767 5348 17783 4304 2043 18519 15383 14992 8761 17625 14088 2422 5556 10519 16579 12054 15061 2006 52 10768 11139 13735 9454 1767 17159 14354 1980 15829 6022 18348 15034 19852 6595 17013 14829 8608 6276 9987 
7824 10670 4351 10797 2174 4430 15836 4840 11394 5151 10504 3240 17412 8998 16769 1029 15211 4972 5123 13078 6229 10697 10806 6220 12729 12989 415 11000 10306 19149 12108 1496 725 9915 4126 16637 12284 10016 11292 1469 19880 17251 14190 11800 1972 16056 10706 10652 16622 6465 4624 9980 3810 4430 10952 16072 6205 14421 2681 2084 5579 251 8656 16140 17052 5060 17244 18431 8361 16394 5496 5766 16333 17328 18479 6991 17752 9549 8474 17730 16809 19359 8727 7880 16322 2523 1436 294 4912 8901 4661 4099 17325 12801 7852 11073 10083 19997 10676 8532 
19660 7342 4833 7152 15359 15916 3544 7180 4086 3643 8409 11449 9208 8329 8309 18660 10676 17036 10050 15339 18612 2745 5434 9944 17533 14247 4439 17516 3411 10184 9205 8352 750 13199 8499 19110 11878 5111 17373 9795 15620 9069 11663 15060 17565 9613 12058 3264 19097 6588 17396 1723 17383 3832 11892 11578 13507 18600 15975 747 10938 2640 15424 8368 11511 10867 8505 19188 1122 18574 15762 11329 2312 13119 2197 5873 15941 11012 6475 11702 19121 16362 16890 4022 11610 1602 18741 25 7861 16435 2826 111 16882 15947 9744 8119 17135 3810 9670 8994 
18634 11527 2324 7335 9434 19647 6786 15264 8709 11887 15876 3041 13597 18105 14761 10877 11997 7059 8496 5370 18521 14888 8175 9013 15770 247 10382 16205 8128 2054 9630 14199 273 755 8480 12430 17569 9073 15018 8669 10554 3165 2386 5415 10686 10124 10048 14990 9555 12769 11488 16761 18729 17656 18015 14922 12445 17249 13373 10291 308 2190 18832 4537 2206 4604 13468 294 2612 18375 19293 5589 6472 7333 5943 16018 3864 17290 14604 13128 15610 12860 5858 2408 17036 5002 1153 19368 2060 221 12561 17101 14806 7369 535 13805 918 2985 4335 3669 
15773 1096 14823 19584 11775 18441 4301 1108 11917 11036 13096 6116 1801 3023 17562 9585 17306 13749 9206 17944 10081 13994 19604 12425 18063 7306 10810 19862 13201 17369 15942 14357 3572 7340 19633 18280 12084 2102 13022 16005 18943 9357 3000 18846 78 512 366 4627 18718 17283 16607 307 12287 14962 3972 1114 1836 18277 18542 4628 16163 10791 10963 3227 7844 3777 14560 3364 3336 15492 5484 5090 14354 16812 14609 270 2705 4142 15850 12932 15760 5554 598 10174 14770 11083 12949 17082 3192 3121 5427 14089 7223 7849 19883 207 5733 13634 3254 10585 
11776 7348 12874 1808 12875 4522 11024 3404 2256 14292 13406 18960 18235 5072 1236 5326 13934 1875 11629 3304 4512 11241 5975 18289 4113 14701 1001 14289 9698 16706 12178 9755 13966 17971 4195 8668 14542 10168 8161 5324 11621 12903 10239 6235 11258 18911 1390 17607 16493 18419 2919 11819 13488 18601 7509 11339 4877 19071 428 13528 7511 9346 10607 4748 16778 19223 6260 17239 4704 17998 14748 7171 4000 3478 11365 17341 15257 6707 6741 12922 19479 3360 7541 3728 3127 7728 10161 11409 7874 10243 12086 5039 2254 4473 10628 13502 17397 14530 3697 8152 
14023 18819 12327 14148 12905 11083 9615 13927 5970 4660 5781 11240 10231 10904 4027 9194 11745 7711 6878 734 11771 19064 17712 15002 12325 11566 7140 8016 3321 18879 18943 11104 18473 10002 15249 15520 12164 2347 5630 16703 14450 5529 9819 6591 6403 6821 8722 7445 2973 14202 3421 5610 15550 17943 6855 8659 11431 16668 17857 14353 12359 18821 12251 4850 19341 15479 10680 4614 15914 5460 7865 5442 7062 18640 12971 7069 15963 8442 15783 6768 5755 9415 18361 16395 18507 853 16874 10314 8593 2384 3303 12636 12635 12469 1684 17212 3225 5747 18599 18820 
18605 10176 12587 18979 5483 9878 12170 14829 17188 4660 17182 4514 14344 2127 3081 7511 249 3329 12944 3334 8145 7881 6815 17052 2582 9497 3119 5071 2037 17864 11795 19592 15001 7811 3875 15214 6702 1692 7159 6090 18670 15933 2700 7097 8311 7678 1780 17442 694 2468 8049 10147 9733 8890 14544 15852 10950 11144 10244 14372 13002 15450 15873 12444 178 11243 13622 11105 3023 13093 493 11132 19313 14279 19934 9993 12533 7969 11465 8735 74 16928 2989 12246 8315 17702 15452 11347 16797 10210 14562 123 18656 8688 9247 6954 9523 14913 1533 2675 
2060 19655 17543 14298 8333 3280 14290 17741 17206 11465 1960 7997 18935 6934 6375 10185 14163 3173 1314 19912 9497 11057 5387 6393 6849 14323 3145 16763 18738 14825 15124 5012 6739 13514 6489 13995 5259 18080 8988 3942 17833 13193 15897 5902 18132 14268 14629 3581 12859 10720 6717 11984 8734 9612 9843 6315 10740 15665 1609 19571 3835 8544 9725 12261 15302 3369 18324 2691 19932 5386 5063 11259 15233 14742 8725 17182 18836 2279 11987 11112 5301 2323 9061 12061 4507 13361 12872 2083 8806 2584 1490 17146 1141 15199 8478 17634 1299 14481 6855 6916 
12506 3467 1358 11418 15536 4263 8701 633 2528 15876 10499 10521 7695 16525 8558 18707 17124 1356 17223 4956 4833 11512 12455 15315 7293 15481 2338 13404 13596 8674 8700 7264 13448 2154 14532 5208 10186 16471 16899 19116 11003 1531 10024 18611 11564 8430 8234 4546 17209 4208 3462 15251 7919 5445 16982 3967 19242 11643 10072 10906 16370 4334 3291 18391 3535 2840 19055 2480 15936 12644 7202 19550 6367 7279 18236 11249 3741 9707 13926 16265 5697 4094 9964 2353 12476 13942 10360 17055 14252 7501 18259 538 9111 16409 12871 9014 13860 18484 7209 2148 
14856 620 6307 12921 11041 2717 10621 3365 6372 8585 14283 14612 13835 14750 12919 4706 18229 13122 694 12594 9897 8434 1291 11761 6621 16412 2496 1914 5827 13604 9089 12187 14326 14801 13724 14274 7755 19005 10477 8950 16914 9856 768 14401 3184 1478 6327 9817 10213 5670 8899 12663 4067 1382 1374 13097 19015 12416 35 13935 11151 4280 12604 9637 7038 16152 1773 2719 19555 8865 8915 1058 8141 14876 7657 4506 5615 1140 2004 14255 18779 830 8702 3401 14962 14850 8523 12132 11719 9056 16170 15983 11861 18159 3474 597 10998 12199 15590 1426 
9798 6581 4858 11807 8134 1562 12036 7864 3315 2161 9575 3654 19588 14412 6644 15011 1095 18902 569 15514 5475 7533 4393 13026 299 14445 5231 233 9524 17032 13121 17629 2152 8001 5043 12375 289 4394 13805 1474 8780 4529 16479 12708 13613 8784 2079 1758 1291 5167 3154 8953 16333 5606 1011 4094 19118 3908 19221 12770 11245 11303 5126 2626 600 10534 4017 13003 3317 14415 15677 16398 4820 19795 7969 5175 7142 12882 7171 1969 14689 6836 9733 17222 15659 17600 5143 2280 1285 8879 4600 11496 10106 2226 15175 11775 9437 13153 4142 2997 
11236 19229 3176 17761 4559 11071 7107 13873 11774 2199 6899 18035 740 18663 1572 4157 10130 14401 18719 14742 10079 3254 18341 18763 5361 3577 19655 4496 13268 16392 15590 10723 13381 3004 4641 4750 11430 13033 14770 687 4419 18795 19054 16408 19207 16963 7751 12656 1736 3458 6484 2696 19091 12487 15224 5984 1579 15697 7760 4275 17014 2348 16348 3610 14398 6470 11220 10615 19183 11917 9647 16559 7304 11289 14238 7604 10165 19616 5162 4679 7779 8781 15994 1423 12224 13598 7846 13635 8639 5487 1501 18658 5907 14682 12214 8150 14245 6919 16877 2667 
11876 5526 8240 1499 7963 14865 15866 6200 14003 6061 18510 1249 873 10945 17616 268 3696 15169 6614 11255 1735 6411 15699 19252 5490 18615 16798 9896 8194 18207 18386 2280 3883 3221 4863 4574 19246 11269 168 10837 11421 17302 312 2452 8946 7086 4533 2635 18034 17344 19748 17445 1371 18497 17989 1731 1621 931 11525 13467 6827 10750 15334 4893 19888 5927 11642 3919 19315 8809 16183 4216 3433 15906 10897 7435 15239 10902 12738 5993 10081 11829 13281 19868 13366 8333 8818 5827 470 9979 5629 2540 16041 11530 10122 4 14890 6133 18516 6728 
11644 2355 5764 13104 11364 6000 18408 14408 18302 12656 1038 1872 4989 1894 11059 15251 8850 9072 1444 15338 8518 15667 16160 19858 17044 4088 7962 11175 14197 7889 13236 9257 5019 13340 3578 8327 16852 13276 18799 646 12000 19169 11050 15867 18226 2369 14738 9382 4266 427 1939 18121 12559 9468 7978 7224 6358 8529 16879 16031 13433 6807 1368 16827 13540 9760 17101 4775 1849 4986 15837 2483 5512 13830 7206 7632 15569 19649 3790 17112 1370 8676 9188 6099 19701 4417 13756 5506 15815 1521 7710 6260 18532 10064 6286 3821 16618 6173 6625 1403 
8617 9947 1102 15317 3327 16586 16749 10886 13112 11691 15497 2355 7229 6659 14888 15255 17364 15111 13980 14633 12562 16294 14106 7610 5743 16395 9179 13682 18978 3700 5253 1224 19731 18538 13986 13609 5246 3949 9737 13409 17256 8013 4953 18087 14223 13776 3547 5635 13278 17708 16949 13596 19058 2640 12527 19893 1625 16103 9051 18919 10655 10024 18899 11316 18081 2699 1693 10882 6385 8992 19037 17046 4719 9697 5068 6346 46 15993 12488 1349 15488 9933 18774 449 13072 6914 2251 16984 3051 11050 2714 1101 6999 19390 6293 2820 6867 15933 19241 19721 
17171 1352 330 17701 2529 9388 6560 18234 7702 5835 11845 10568 12352 11069 3378 12310 7690 12035 5363 6820 17206 14660 4794 10860 8672 12607 18974 10937 9601 13307 9459 11774 3344 7227 12111 5343 8028 11291 17964 13913 5510 2394 4564 5526 12539 1963 2496 5358 11306 17480 6763 11401 1587 11923 7731 7892 1648 17045 1297 14934 10110 11449 2989 17751 5955 9379 15685 4003 8869 11175 5623 2611 7101 11319 6405 2518 5030 5025 15677 14833 7629 19294 14165 6788 4005 19387 1777 953 17214 6636 10425 18138 12532 8549 18286 7426 1370 7132 15171 11774 
3019 16373 13696 2616 11416 4826 5940 1905 19121 4227 10281 15041 15680 10082 18093 3107 2581 5167 14995 7864 11968 1878 16337 7938 1318 4362 1617 9633 1267 16371 17500 812 18756 5778 4153 1278 2712 1692 4553 8107 4417 5104 1483 19348 9794 19010 11885 4543 5752 8937 13262 15506 7822 9828 1825 15788 1230 203 7061 12272 12633 9545 12416 17334 14673 9847 16776 15012 10555 7256 16441 9609 10839 14754 12268 183 19615 11808 11690 9347 12265 1934 266 19825 12000 4106 2490 17203 17345 18951 16511 2302 17773 15666 12475 1622 19672 10598 9162 9293 
9828 13419 8612 18956 8619 1835 13435 9038 10102 10770 16470 9830 11179 6960 17509 5828 17040 4896 6748 11760 15051 5046 19672 5746 14301 307 13046 8020 12970 1614 16716 18660 721 18647 889 12758 8300 16570 3593 16468 1526 14749 8001 12368 1868 18377 4305 7585 789 18943 15828 3100 47 4492 14059 7689 15143 5605 12310 4932 4095 8039 12661 6714 8742 7965 5907 11686 740 10743 9167 12088 9471 19165 10871 17397 14016 2111 17781 8227 6410 19555 3769 18924 18348 4855 5004 12281 8540 10258 11260 14827 12890 6578 8028 6119 4707 12964 9111 474 
17109 17703 4393 4578 4833 15996 12478 19416 7621 15648 12876 19951 2377 6604 17426 10999 16280 15263 5647 2730 18044 9527 13702 14236 9508 5501 11663 18601 4747 11795 8761 7918 8888 12357 11318 1680 13820 13785 3036 6988 12993 8040 2340 4013 2476 6521 16463 15152 479 6407 16944 1311 2519 15237 6256 13752 14415 4640 10223 14948 10305 9173 15929 6877 7871 11180 19803 10198 17953 17636 15568 2737 10755 19900 16739 10732 5807 12303 13358 11273 17898 10541 7662 9358 16143 15773 18352 18030 18390 15389 8179 15011 8136 16374 14499 14273 6166 12204 7523 15999 
14066 9219 5914 3350 11841 3402 4448 19493 16781 3508 13402 3314 15799 1480 14379 7269 8406 16084 2235 5790 2524 704 7813 7704 10309 11238 1168 11089 16191 15028 19962 4011 14305 6762 12722 19577 17499 2284 11656 18738 5122 6256 14699 19292 1757 14604 1490 14506 4110 17682 12959 9812 18221 15103 9221 11003 14203 18166 5446 2372 10680 811 10419 18227 6128 5058 17455 16229 19290 11847 2365 5976 5867 13231 8163 11282 3662 6852 1197 9590 3370 18640 8395 16939 7198 4670 10310 11947 2511 8123 9653 17230 2676 12275 5 1701 12306 15462 4388 12182 
19085 18953 18389 7776 19365 3678 17522 15427 9714 16728 13518 10108 1612 13594 9222 8077 1483 7047 6800 6636 3239 18637 8925 8836 5536 13706 17644 16549 10922 5891 608 371 9070 2028 19354 19770 11278 3404 19317 11927 8425 4299 6282 12706 9577 13743 18935 18193 3418 11442 12225 235 9705 13795 11207 14423 12930 10949 70 3951 15374 826 16016 7798 11743 11059 2699 6655 12579 4782 2902 5049 8622 11192 15133 13097 13317 6849 3840 16320 5656 18623 17929 6969 539 4250 17260 15287 18840 11415 11833 4148 14368 1308 3323 15523 19913 7598 3676 2186 
