150
1500
2 21 39
93 121 311
116 84 407
86 102 285
5 26 323
5 34 152
136 5 442
44 82 827
42 141 832
76 119 833
49 33 641
8 113 320
12 95 553
21 77 622
24 21 777
28 139 632
96 87 214
126 139 576
106 107 535
71 132 697
118 69 720
45 145 232
121 132 780
82 11 448
74 125 971
31 137 415
30 59 358
60 3 601
39 119 22
34 135 530
55 21 173
126 70 913
33 44 481
31 118 188
7 36 270
90 80 783
40 114 800
131 48 989
105 28 872
76 27 23
105 113 870
37 122 254
14 83 143
37 106 633
20 138 16
127 107 176
60 20 283
7 93 976
132 111 376
45 133 806
61 68 363
107 98 900
127 69 779
80 116 15
30 92 695
45 103 998
34 82 77
107 76 44
66 105 536
13 16 230
43 107 895
4 120 331
93 81 263
117 128 388
13 117 799
52 140 876
56 86 336
30 69 990
136 64 363
45 134 938
31 143 147
79 54 686
82 69 475
41 31 144
127 143 225
121 76 797
67 95 599
16 23 483
9 98 818
16 75 230
108 13 230
36 134 747
42 104 439
72 13 108
77 2 542
68 142 938
5 61 919
57 119 232
14 4 496
124 147 397
99 30 748
119 26 96
10 6 719
17 61 42
64 59 401
110 134 382
54 119 954
66 51 259
12 18 13
26 83 533
73 82 532
40 101 923
38 92 173
74 65 382
23 113 137
135 130 60
33 113 271
5 7 102
7 57 481
82 133 564
70 32 353
136 71 301
93 141 392
74 87 979
49 9 547
135 141 730
44 96 544
55 57 550
98 125 579
52 15 838
122 6 839
104 145 849
121 147 249
5 88 475
49 83 791
65 34 21
129 2 318
135 49 305
81 33 261
20 119 561
97 80 629
106 121 243
97 2 764
35 102 247
68 108 810
131 27 917
75 84 549
40 124 541
82 102 813
66 115 478
102 50 25
101 133 462
104 139 841
13 122 6
105 79 385
100 8 616
24 119 169
53 29 342
46 73 691
134 57 354
41 141 802
56 31 517
12 120 258
3 75 450
101 15 150
29 23 530
8 116 244
116 40 419
2 70 338
71 108 914
11 105 379
40 55 398
92 102 468
14 81 521
115 35 4
48 46 608
102 15 584
38 37 83
9 61 252
119 80 125
62 30 308
114 65 906
24 2 513
58 41 535
46 63 478
94 73 125
25 92 459
33 131 380
122 80 541
122 134 999
8 4 535
60 107 529
5 17 10
6 109 662
132 9 207
87 75 399
94 142 741
52 131 868
49 48 339
2 3 647
54 117 721
35 141 129
16 89 536
129 91 44
103 141 901
21 49 929
78 131 118
93 56 899
89 7 509
80 29 356
122 16 863
1 108 57
133 18 903
94 143 218
26 31 274
92 19 730
97 83 279
79 36 367
105 122 988
115 73 770
13 6 8
122 132 624
94 79 67
97 138 182
88 140 807
56 75 131
77 63 212
65 106 898
121 100 795
45 121 602
78 6 233
71 100 361
36 10 463
116 148 278
49 10 191
100 54 45
21 86 826
132 35 207
128 80 163
120 22 373
12 42 853
63 44 433
108 22 125
7 120 696
128 91 297
16 8 471
32 99 998
117 120 471
3 111 343
46 142 275
101 8 710
72 125 792
99 69 390
100 51 623
3 19 308
47 141 567
80 149 664
15 96 364
106 66 343
34 10 960
109 65 271
18 86 110
54 83 219
50 82 573
133 54 552
82 38 666
107 29 11
72 83 77
32 8 758
7 15 421
66 142 54
32 143 900
32 119 339
64 100 981
118 128 94
132 142 751
86 68 354
135 62 58
21 147 745
67 73 7
98 150 761
25 100 180
29 87 533
91 109 266
73 63 191
36 145 758
32 106 857
83 100 353
41 102 165
7 103 735
73 120 987
1 2 129
88 147 483
94 104 122
126 14 92
135 113 879
45 63 604
120 113 181
48 47 919
16 59 896
6 47 126
16 84 899
100 94 472
127 119 474
4 101 757
34 104 291
3 5 21
129 41 537
78 21 370
53 102 45
13 95 489
120 32 901
73 97 975
33 36 689
1 37 122
21 103 225
23 142 889
4 12 919
2 22 434
131 74 346
90 50 348
95 55 354
87 43 818
82 121 782
60 13 655
53 62 799
82 141 568
10 139 840
24 121 712
12 109 666
114 127 957
95 49 819
131 21 802
101 82 824
131 83 761
18 144 667
34 98 229
133 4 726
70 118 171
116 12 140
99 70 858
44 41 999
119 62 198
25 133 982
112 3 677
129 79 128
5 150 756
44 55 612
23 85 527
40 43 321
12 139 78
28 58 54
113 46 515
1 57 273
94 77 623
16 26 432
27 135 213
108 106 864
123 114 45
90 48 135
97 90 134
131 4 32
5 104 528
8 48 943
5 90 462
117 38 684
53 138 903
77 102 430
82 137 414
59 124 499
39 132 163
16 134 422
37 79 350
95 98 665
27 13 499
1 36 60
122 140 602
30 84 218
14 68 613
53 73 993
99 116 64
65 95 648
54 49 237
28 129 193
116 43 236
42 83 845
120 145 572
83 11 531
96 34 940
104 10 300
39 67 885
122 115 349
43 101 559
76 3 999
39 120 424
3 46 408
82 134 2
120 51 704
111 63 37
71 68 288
50 67 349
71 85 214
122 104 683
124 51 713
85 36 250
101 130 761
30 82 27
44 56 319
64 63 239
81 113 302
87 132 521
66 94 607
120 1 578
106 71 472
111 59 157
28 1 557
74 94 409
23 31 629
115 43 600
121 96 859
17 150 359
93 132 174
49 114 730
6 72 441
49 138 135
124 44 830
29 60 631
106 148 115
112 78 194
2 121 966
81 90 246
41 50 545
3 34 873
52 39 661
25 55 35
67 57 594
20 38 790
124 81 385
116 105 291
103 17 556
78 125 183
90 56 515
112 148 599
33 110 150
22 52 90
29 27 331
6 55 602
35 54 68
12 46 919
38 99 260
99 86 638
30 78 466
122 90 15
55 77 459
25 33 749
49 58 403
49 34 464
112 19 837
9 54 709
88 128 320
83 78 587
9 25 289
53 120 696
104 116 884
28 98 603
4 129 897
1 139 831
37 134 699
92 100 769
71 60 567
18 70 387
17 143 946
10 69 431
97 70 317
29 140 677
55 51 231
21 90 244
111 64 126
44 138 841
70 38 97
83 149 617
21 149 47
114 60 524
33 139 112
13 22 422
117 39 156
74 138 380
71 93 228
73 3 271
25 137 505
15 29 750
99 28 498
26 86 350
48 57 661
9 68 153
21 119 902
128 34 613
65 1 907
82 144 678
13 32 380
59 29 1000
40 10 714
123 26 351
18 149 945
90 135 524
127 46 928
110 40 680
67 106 815
121 23 62
45 12 971
49 50 771
84 142 858
12 64 220
41 99 321
128 104 622
132 106 122
76 124 413
115 96 172
54 69 43
11 133 918
67 140 710
61 132 402
89 83 140
109 130 694
132 5 172
90 128 717
82 22 434
59 94 419
131 39 845
11 127 692
120 35 477
78 98 718
113 69 658
69 136 493
10 143 607
83 92 838
98 71 524
17 87 513
61 39 199
80 106 662
9 129 702
58 132 618
128 82 922
117 6 319
12 49 831
11 104 466
50 11 539
38 93 301
31 121 587
131 143 890
45 95 955
54 74 85
124 120 646
59 85 339
131 11 819
122 74 439
7 51 726
123 69 407
28 92 460
112 85 9
6 82 626
116 2 752
131 114 535
4 97 293
37 85 660
40 143 947
121 14 722
52 148 315
58 63 751
9 121 155
41 81 222
30 37 355
95 57 822
84 55 312
130 83 414
127 131 473
80 93 891
31 78 435
10 66 116
78 32 223
79 33 464
42 11 54
35 145 333
87 16 845
38 109 854
41 26 770
110 79 4
6 65 874
93 129 287
52 45 62
71 33 632
90 95 790
77 90 156
77 119 853
61 88 202
81 99 166
5 122 674
133 121 527
82 66 225
115 107 413
13 94 505
118 137 202
5 36 440
31 4 942
18 79 714
19 146 109
111 85 835
93 123 887
11 118 722
125 88 353
85 113 820
40 144 786
36 130 1000
78 121 170
113 44 516
45 29 157
124 93 203
46 61 125
69 86 699
10 98 178
85 1 762
34 89 719
59 32 609
114 141 90
43 72 905
96 57 476
64 75 307
60 93 729
20 68 665
64 113 194
44 46 896
116 113 536
7 126 198
42 41 160
101 22 907
134 73 28
38 11 502
20 29 213
1 66 377
37 41 436
127 85 357
15 30 688
41 18 576
58 54 635
83 91 521
121 55 228
127 75 38
24 66 341
65 150 16
125 63 968
132 144 933
12 97 409
109 27 478
34 36 761
131 133 669
58 96 382
93 119 560
107 101 984
57 64 344
110 124 89
112 61 473
116 106 24
109 119 24
77 124 409
120 78 435
52 111 674
120 46 680
79 104 261
106 59 225
12 99 576
42 65 852
27 20 980
83 111 424
86 77 612
92 118 668
128 106 711
126 39 149
10 85 739
53 140 206
81 44 136
80 108 542
100 22 689
135 44 779
16 139 220
123 13 770
118 54 866
90 91 711
63 99 214
22 129 177
29 62 222
56 59 526
91 41 326
55 110 66
59 149 969
27 51 375
112 16 239
97 33 545
126 106 607
84 141 185
102 63 453
26 79 637
51 104 661
96 53 201
111 109 568
110 126 295
90 76 676
60 72 664
45 64 111
45 58 830
41 11 444
23 25 862
98 16 129
19 129 425
78 115 548
34 75 468
88 127 996
106 145 139
96 75 153
83 64 907
63 52 344
59 43 635
6 88 513
11 46 722
119 2 498
94 132 672
14 88 123
40 130 818
86 97 892
69 16 34
17 72 787
123 134 871
57 127 253
34 106 474
11 80 967
81 85 542
52 35 115
41 116 743
54 55 496
116 65 529
74 26 379
27 111 750
53 141 554
72 27 681
86 109 12
100 27 170
82 24 845
38 124 227
42 118 852
119 28 717
22 53 475
38 64 589
120 14 391
61 35 379
72 34 136
18 115 419
130 23 171
102 28 985
57 44 228
44 42 415
27 17 595
42 18 131
49 56 871
47 101 434
12 34 123
51 113 453
108 36 26
53 67 17
113 12 765
39 87 323
102 39 220
56 28 248
34 116 730
126 141 75
11 103 783
42 26 278
63 3 201
33 130 471
88 47 380
133 86 710
15 90 229
25 22 308
63 28 348
7 6 768
120 63 879
88 28 975
93 64 94
75 74 208
107 110 903
104 14 569
48 106 91
35 64 886
65 79 96
11 95 147
88 76 970
91 23 361
40 77 15
66 90 102
111 47 465
80 27 367
30 115 198
95 59 76
129 119 850
135 43 996
3 130 282
99 138 174
89 82 80
54 53 892
90 55 418
110 117 871
92 41 703
1 103 34
49 55 314
72 150 642
97 81 459
56 97 796
21 13 649
125 94 535
17 140 789
31 2 282
53 50 220
50 40 727
2 90 550
99 27 169
33 116 264
115 75 565
136 25 16
52 98 224
119 33 235
17 40 29
102 139 733
61 90 765
43 42 842
8 143 990
51 42 247
106 113 758
84 133 615
117 20 402
50 45 593
89 108 682
107 124 228
103 90 764
98 100 255
119 110 566
25 134 827
65 112 977
122 107 187
58 122 698
88 69 767
121 125 941
22 92 211
107 79 876
51 6 48
47 65 39
74 80 60
109 33 46
29 37 542
41 21 10
57 87 576
36 98 358
22 34 425
62 109 713
29 117 515
97 23 475
11 12 233
92 98 155
34 78 462
50 25 898
66 146 330
57 62 951
47 53 21
34 132 738
6 68 677
78 58 503
13 113 502
126 146 560
21 92 759
34 111 492
136 80 567
123 50 319
118 112 321
95 28 659
88 77 985
110 78 235
53 13 811
97 102 749
78 105 785
113 134 142
131 62 934
14 37 346
132 66 752
106 141 415
123 59 626
75 62 285
93 126 77
67 8 230
30 55 395
18 121 41
10 29 904
52 121 673
46 40 938
32 121 865
21 125 176
55 114 663
28 53 702
2 80 895
42 71 24
25 76 803
131 60 521
23 5 42
110 127 885
49 123 227
56 52 388
118 146 462
13 7 820
88 113 467
125 82 956
136 68 19
70 84 608
50 55 347
27 6 951
92 84 517
16 31 354
136 55 995
99 120 495
73 8 929
103 137 302
111 119 937
5 85 717
132 107 275
102 99 308
128 119 929
95 10 170
68 3 578
132 70 619
25 57 823
94 68 200
108 24 110
25 60 680
133 47 538
95 23 279
106 150 931
134 58 939
40 57 902
122 139 873
28 19 365
75 143 352
73 130 895
14 137 787
104 138 382
34 40 168
129 35 468
92 74 505
3 47 115
135 102 21
72 130 392
6 26 109
118 145 159
129 102 997
61 128 902
10 81 17
37 139 124
126 72 624
20 52 142
121 115 424
36 129 278
74 46 738
114 62 428
31 37 416
116 138 681
69 42 514
15 63 687
11 44 472
32 49 151
70 115 85
5 80 356
41 8 163
91 104 719
59 144 222
90 32 875
51 29 599
76 95 259
98 68 212
101 85 969
51 8 529
35 12 146
6 24 997
33 80 422
94 7 558
90 140 631
56 73 505
82 97 754
86 123 908
132 41 562
68 23 66
102 42 493
46 77 529
22 141 560
131 41 961
39 113 127
27 81 474
134 24 376
56 3 493
93 30 231
12 77 513
102 23 456
22 90 103
62 48 301
18 65 622
84 77 487
89 5 823
106 73 354
120 102 726
23 72 168
90 18 372
17 134 878
51 78 741
45 38 886
55 13 374
90 75 255
135 58 765
95 17 11
31 96 77
114 90 493
57 86 294
21 43 96
109 56 323
63 39 195
7 49 782
34 134 209
86 41 174
45 55 23
45 30 249
51 49 676
74 129 308
85 120 194
23 82 11
39 20 731
107 39 188
132 125 611
2 11 609
33 105 812
68 28 258
26 2 348
114 104 722
33 128 734
8 49 501
48 148 165
1 69 36
85 22 232
1 114 615
45 19 962
39 143 315
80 55 629
41 106 893
126 74 54
30 74 369
62 55 476
1 21 789
47 139 689
12 38 594
111 133 573
67 33 144
116 44 327
110 53 452
16 97 27
27 26 901
93 113 952
75 65 241
94 148 747
24 38 481
3 86 363
135 54 910
93 66 381
91 46 901
79 23 446
26 28 732
75 95 923
92 36 70
56 110 476
52 25 366
63 27 318
125 89 469
63 128 466
34 58 958
86 108 86
86 44 996
120 104 663
68 106 652
125 110 289
88 144 303
3 53 173
113 42 178
61 25 624
40 134 738
114 37 311
13 149 638
39 88 901
19 37 364
21 124 352
74 96 653
61 33 328
21 9 489
132 127 39
21 53 828
111 137 497
70 83 597
117 83 382
129 77 321
81 118 540
119 107 166
14 60 669
1 76 939
53 18 897
12 105 279
124 47 799
103 57 657
11 91 153
135 15 985
38 52 15
22 62 283
24 117 24
128 35 973
81 74 59
43 46 658
36 2 878
96 17 582
76 31 124
15 2 989
130 43 672
123 125 191
112 93 708
136 48 679
30 112 411
10 22 629
52 96 487
8 31 975
96 139 877
74 83 647
134 47 384
72 53 449
110 36 331
54 17 802
66 110 417
89 104 516
107 111 287
48 51 221
100 29 455
9 70 462
25 39 475
82 55 113
96 51 648
132 149 328
95 94 919
23 67 153
1 121 892
35 125 242
67 27 710
5 121 96
88 46 379
116 64 978
88 148 390
35 142 826
73 44 113
73 69 542
131 125 606
87 89 517
70 52 654
71 80 685
132 7 249
106 24 1000
120 69 426
44 132 548
54 67 739
36 107 650
32 124 50
87 97 671
14 46 96
52 126 571
25 62 88
25 35 469
97 26 272
36 72 407
64 47 785
122 53 362
57 109 448
83 132 502
26 54 483
3 14 12
96 67 482
58 25 78
113 31 564
114 86 917
7 26 548
32 25 786
55 89 820
91 14 202
32 58 376
30 94 529
79 59 512
62 96 707
75 55 704
81 91 83
42 74 922
51 132 987
25 69 448
78 107 772
131 13 512
69 45 651
82 124 489
1 45 359
133 105 894
14 86 982
41 45 666
29 68 269
133 52 561
39 74 439
23 33 886
100 14 984
44 32 15
41 54 928
102 76 420
108 67 10
133 74 299
92 6 996
3 89 853
60 85 721
57 106 913
10 3 23
90 148 523
86 33 164
28 125 521
98 132 169
77 101 314
79 77 526
35 23 632
86 39 35
93 16 875
11 65 911
41 34 916
37 137 705
93 13 50
7 95 893
80 102 659
113 25 616
59 116 81
112 9 446
43 20 633
27 93 592
16 91 182
121 69 78
23 74 838
124 39 278
14 34 280
82 46 904
86 121 272
35 57 698
100 38 903
67 35 293
96 41 168
111 80 405
68 128 923
2 61 448
130 88 82
54 102 462
92 52 10
128 67 725
6 36 36
74 59 739
115 19 125
3 12 454
60 135 877
71 45 638
80 144 893
24 138 299
33 64 725
98 140 767
43 56 734
73 48 202
84 108 865
29 81 608
93 32 824
71 122 188
115 82 515
112 71 310
13 25 380
74 95 479
102 36 41
56 15 306
44 53 591
24 141 75
49 68 417
12 71 255
19 114 921
134 42 713
87 79 623
132 45 537
106 43 863
54 70 868
48 36 972
129 100 19
13 14 575
1 64 396
126 21 659
13 30 69
70 88 351
91 48 440
131 116 764
55 46 609
96 21 242
30 116 989
114 21 184
21 95 751
107 96 267
116 119 693
81 64 390
42 138 358
28 106 323
128 22 903
87 44 838
74 107 615
61 70 532
136 66 846
118 30 79
129 23 499
131 70 104
64 30 736
3 27 940
39 77 995
108 70 513
106 124 62
94 117 247
57 116 319
114 48 41
86 62 885
43 65 150
41 7 268
29 130 996
86 27 30
100 81 31
60 100 302
21 141 774
12 61 668
44 110 936
100 49 398
16 42 565
106 79 865
130 44 790
34 56 991
1 16 704
65 36 626
125 136 172
96 12 656
26 112 501
7 145 733
46 64 312
9 19 305
25 150 720
48 139 354
52 132 419
134 74 606
15 35 265
119 132 165
64 9 353
102 149 351
5 6 327
122 78 187
87 19 601
35 22 245
109 41 364
6 37 462
5 24 819
105 73 86
23 73 403
80 91 391
88 27 259
70 87 655
127 124 805
101 5 144
28 17 861
117 41 754
121 17 191
44 136 833
52 127 261
83 28 551
51 105 587
71 146 523
82 77 27
85 31 898
112 133 721
118 55 686
25 121 823
113 73 768
85 62 446
31 5 98
6 140 88
75 26 228
63 119 419
97 132 722
132 25 202
88 86 213
45 75 979
53 104 7
23 83 894
29 123 674
64 103 201
52 16 806
131 68 323
11 48 889
91 51 579
68 81 814
110 88 976
34 141 811
105 63 699
93 48 451
117 139 51
88 32 11
104 87 790
100 76 990
4 149 143
32 116 368
70 56 491
58 85 359
64 49 860
115 48 364
11 40 835
131 51 731
108 50 752
110 50 764
14 123 16
101 19 719
19 21 445
5 58 235
39 13 425
37 23 15
48 5 527
5 92 305
40 121 60
7 144 935
71 70 516
54 64 851
71 126 385
42 63 256
41 78 501
96 112 181
132 22 16
70 85 373
67 65 148
93 50 866
65 73 996
54 88 467
40 118 921
70 64 73
49 4 305
99 105 255
59 145 474
119 90 344
31 64 676
72 59 31
84 126 330
98 59 230
76 78 26
134 87 14
112 146 673
113 142 235
19 2 871
3 65 799
9 34 635
2 69 287
50 54 270
8 20 579
115 42 404
132 74 840
84 67 4
35 37 815
69 8 617
20 81 21
58 4 702
115 51 307
27 105 161
37 83 3
88 35 692
79 34 215
91 76 359
55 52 966
73 141 568
6 111 416
40 14 416
93 106 702
101 26 554
26 87 87
27 129 883
10 7 941
93 150 355
93 4 518
71 3 78
126 4 152
38 35 244
104 39 954
39 82 906
32 122 212
62 38 430
89 75 149
93 39 32
114 46 698
35 13 966
100 149 902
97 27 470
70 28 761
51 138 847
106 8 462
