150
300
18 135 848
114 36 782
122 138 730
126 85 388
123 132 144
100 29 449
114 27 811
16 62 659
118 128 216
92 49 749
35 62 401
40 29 926
36 12 891
92 130 524
49 27 19
8 37 943
126 105 82
132 148 787
84 116 624
70 21 844
90 43 713
16 122 26
11 150 505
28 130 90
130 116 269
63 26 98
28 6 663
45 105 121
42 5 83
12 1 959
135 45 306
124 111 331
3 61 170
10 33 701
129 74 722
79 102 949
46 94 782
85 136 613
93 126 281
118 143 788
29 102 595
89 42 676
77 20 525
86 17 736
27 131 75
74 20 751
25 11 273
28 49 713
91 88 659
51 102 261
71 2 425
22 5 939
70 3 650
17 55 89
12 96 464
3 58 702
15 25 555
75 61 936
133 39 464
100 33 84
66 8 105
68 46 452
131 1 373
4 121 292
20 53 799
98 125 735
11 93 177
111 57 976
28 45 101
61 76 283
129 124 846
97 13 350
50 14 573
67 70 541
18 105 240
41 116 356
63 33 859
5 40 295
105 84 124
84 142 577
88 16 1000
38 119 39
62 24 834
89 116 227
118 21 874
32 63 785
62 23 123
117 121 423
23 37 608
30 93 765
28 17 425
79 26 109
81 31 726
129 12 687
79 17 716
135 119 108
74 40 630
31 110 444
27 98 104
20 137 988
125 107 172
121 11 475
112 57 353
126 63 634
10 56 483
126 56 963
61 32 15
28 40 812
136 69 656
113 55 432
93 113 729
48 70 784
65 47 90
96 120 762
133 82 42
25 49 135
121 82 265
132 18 118
59 106 726
128 29 586
124 101 308
32 56 462
23 90 831
83 149 40
32 91 376
20 42 571
39 57 120
120 51 436
64 44 423
71 61 487
15 67 687
11 15 344
2 95 915
75 1 303
131 50 824
1 96 2
110 123 997
79 46 956
41 52 103
136 2 750
42 136 411
38 149 414
62 73 542
111 2 485
70 138 864
25 124 750
14 70 710
113 34 991
37 59 679
132 61 933
85 19 106
108 43 833
105 89 918
103 34 52
112 8 837
130 76 623
48 15 327
116 49 824
69 125 580
39 86 814
118 39 912
121 57 606
30 144 429
129 116 548
120 21 486
112 109 5
65 87 854
99 63 243
8 69 906
124 29 703
134 30 102
95 130 115
76 134 575
36 141 555
23 47 233
9 44 333
40 91 959
130 111 50
82 28 101
58 15 18
56 105 56
112 106 515
114 142 355
120 129 804
12 86 559
33 143 544
34 105 302
52 102 283
24 73 210
33 74 664
23 82 513
129 148 171
88 119 829
60 66 748
100 97 968
42 121 199
1 63 769
119 104 321
44 139 968
132 127 270
25 4 218
118 80 831
53 99 432
45 51 877
71 67 742
122 28 399
115 8 529
135 122 444
35 9 217
81 50 478
25 56 672
19 69 307
32 12 775
26 9 345
14 3 409
56 123 433
41 136 308
26 35 182
47 62 731
6 126 488
109 102 677
131 31 706
37 117 287
80 95 707
17 81 368
22 108 715
116 44 593
117 124 413
2 34 137
105 128 855
92 94 581
6 80 914
56 109 642
18 69 367
76 46 81
35 74 819
74 85 608
34 76 573
111 19 586
127 149 754
134 9 364
98 25 340
25 90 486
94 75 306
85 103 190
111 27 965
86 147 125
61 113 741
99 96 357
16 37 664
80 60 336
51 13 703
20 11 266
114 17 705
49 132 459
88 57 49
7 6 8
124 16 977
79 87 829
108 125 334
106 96 627
1 3 674
48 34 496
68 35 804
36 20 707
95 25 660
87 116 899
116 109 849
115 127 28
71 88 112
84 43 179
66 65 487
116 50 223
41 81 467
65 62 758
130 103 610
56 48 759
135 17 248
89 111 350
116 31 181
100 49 586
5 150 213
122 47 155
31 4 168
48 69 759
54 25 60
135 149 43
132 78 31
66 1 876
71 79 887
39 17 342
102 96 217
116 105 617
124 27 915
8 107 755
52 29 297
98 138 490
69 26 650
107 121 659
14 12 656
