60
120
59 15 527
13 40 257
47 6 522
26 19 828
60 44 991
28 34 165
57 49 730
14 9 317
1 23 498
47 42 326
52 7 699
19 31 246
36 35 174
32 16 673
6 55 673
41 24 658
29 23 4
60 21 624
45 57 357
7 33 144
56 53 101
28 59 372
56 58 778
41 60 455
55 29 799
42 52 233
38 8 839
32 53 390
57 18 336
46 11 583
52 58 559
4 3 317
39 32 254
47 32 419
31 50 126
54 58 605
20 57 518
18 38 115
57 25 932
11 21 709
42 22 323
31 30 840
20 19 533
16 15 772
3 15 225
32 49 958
55 10 9
24 18 386
26 16 373
51 6 873
7 14 314
8 37 282
50 5 441
58 46 552
9 30 184
42 46 217
5 1 319
7 49 276
18 40 265
28 21 952
22 2 200
7 20 674
36 15 746
4 43 869
1 40 67
46 56 893
37 7 31
21 16 17
28 16 948
36 38 251
43 11 471
5 58 154
28 25 202
24 51 935
9 49 683
36 33 419
9 50 465
14 20 870
24 8 973
19 27 378
39 27 414
38 35 182
45 46 956
46 49 398
27 50 676
57 37 472
9 25 355
32 33 613
36 56 797
22 29 805
54 52 50
22 37 118
13 18 633
20 39 712
44 7 901
11 19 97
20 26 138
48 58 733
53 4 679
6 27 981
31 36 20
46 5 526
19 48 941
1 11 849
18 28 569
7 54 829
10 32 38
27 37 41
52 51 345
9 57 291
46 20 568
15 18 859
54 22 328
55 1 695
54 59 734
34 9 525
53 8 488
50 7 681
13 6 235
36 11 596
