80
160
74 40 218
33 65 2
52 40 589
77 66 648
46 60 959
49 6 781
37 20 826
46 73 187
11 56 735
59 1 208
70 42 230
39 6 282
70 35 810
49 68 855
30 28 755
69 57 108
13 7 647
1 17 986
72 44 211
80 45 690
28 39 922
78 57 996
31 59 842
53 4 336
7 62 738
31 48 995
16 58 702
73 41 804
65 31 751
50 13 394
6 59 894
3 14 190
29 50 237
49 2 902
47 20 707
1 79 448
16 25 807
63 42 86
19 43 788
27 50 488
67 19 513
74 56 8
33 30 743
14 9 714
14 18 101
75 11 104
28 21 334
58 8 777
7 48 870
8 6 468
34 4 371
78 56 234
7 61 507
18 53 379
2 51 146
60 67 449
22 48 132
11 21 292
13 53 814
45 79 468
70 26 368
73 58 581
27 76 979
15 41 526
5 71 4
45 75 149
59 27 151
38 21 317
43 29 922
15 57 647
9 38 11
69 71 630
45 58 121
11 9 727
75 55 101
4 3 409
74 32 37
40 47 989
7 71 802
49 51 40
68 17 255
38 17 301
78 46 830
52 15 126
20 62 665
73 68 193
24 57 395
29 79 883
15 25 411
79 20 790
10 73 716
47 37 11
77 24 838
18 20 940
13 62 658
38 65 942
28 25 152
44 68 725
24 30 628
30 6 940
21 25 193
79 66 89
68 1 889
9 47 104
31 60 657
13 72 950
58 47 975
1 8 268
23 19 72
69 59 69
59 64 933
38 11 445
57 73 930
71 79 645
25 53 356
13 70 259
47 68 262
31 36 485
21 79 682
4 57 748
72 1 246
3 79 488
67 54 781
26 31 777
71 6 579
9 29 55
2 33 26
7 39 794
19 17 155
3 8 205
32 5 507
25 10 293
29 57 300
37 12 290
64 50 298
7 22 353
8 80 667
27 30 845
71 53 695
46 67 591
36 75 350
66 63 216
58 63 90
36 1 164
74 63 342
39 75 756
54 45 581
24 3 415
78 36 743
22 11 663
68 12 876
47 63 96
14 66 939
28 4 803
66 45 596
9 15 628
71 42 691
70 57 650
63 62 412
7 44 711
