150
300
9 137 196
119 122 45
65 116 886
48 150 984
46 76 952
128 24 935
10 123 183
68 64 862
98 65 305
110 6 911
40 41 328
73 103 507
9 87 873
39 37 48
42 138 29
104 47 68
120 114 270
75 83 867
63 14 751
118 63 657
119 33 643
25 138 32
62 88 570
56 50 374
33 46 968
128 17 785
119 140 595
83 100 188
47 61 971
10 83 379
112 126 364
39 140 291
59 56 928
110 150 53
59 112 91
24 150 167
53 114 264
134 145 867
40 109 247
16 23 354
62 85 281
105 13 459
25 52 755
77 97 426
26 8 866
6 1 758
110 41 628
91 16 953
122 125 554
111 118 37
5 124 518
49 10 619
34 20 752
23 71 137
28 10 292
126 135 483
1 85 760
14 32 493
15 130 214
87 108 936
83 130 586
68 58 784
90 126 653
118 28 732
13 54 10
31 14 503
127 37 155
128 45 429
12 72 668
14 87 901
50 115 327
72 147 192
62 6 266
53 64 466
40 29 12
116 51 539
105 18 112
96 150 251
113 11 46
106 29 361
65 117 152
119 72 182
69 111 36
135 118 264
26 111 687
18 37 147
124 122 698
67 26 474
128 76 280
29 46 194
89 66 449
57 89 442
1 148 430
27 12 276
46 97 1
22 4 902
93 25 394
124 12 78
132 116 943
51 32 874
101 17 559
119 38 943
128 127 283
57 103 23
96 40 244
68 65 873
59 133 229
120 116 630
77 63 735
32 108 694
8 100 970
126 67 540
111 8 183
55 116 584
61 32 683
85 43 725
123 28 543
128 109 964
129 97 904
59 31 346
59 15 785
113 63 877
34 107 582
78 61 505
80 128 703
46 69 552
43 33 422
102 69 48
106 31 970
54 149 579
16 59 488
131 107 927
103 2 915
46 82 429
105 57 290
69 144 457
37 103 568
27 105 907
70 99 753
2 64 313
127 110 832
42 148 292
64 145 340
19 60 657
102 51 606
37 67 232
111 60 789
75 80 34
125 84 850
127 70 685
35 70 926
113 145 169
82 1 500
88 138 413
130 3 405
81 82 855
8 124 785
106 150 719
23 62 97
33 25 430
65 137 417
52 24 548
23 41 765
122 141 189
35 27 275
81 136 960
22 131 46
104 131 491
45 112 496
81 100 919
82 6 29
80 28 116
59 11 886
107 19 165
111 112 424
125 1 16
90 73 258
91 75 801
43 10 461
117 33 395
50 84 666
133 131 706
28 63 758
80 48 209
118 86 782
59 78 390
19 56 169
50 53 738
110 83 278
59 38 209
111 143 615
132 22 2
110 92 874
23 136 262
125 63 936
107 99 990
42 139 462
30 92 655
58 65 29
93 31 107
74 1 517
117 138 922
42 30 780
127 5 351
28 53 54
94 102 915
33 69 805
16 31 195
81 49 760
26 148 994
68 139 450
95 37 431
107 20 265
59 26 98
105 23 242
87 5 69
3 9 372
94 14 118
39 16 827
102 38 941
119 48 974
124 66 101
31 132 58
35 114 508
56 100 558
51 103 497
66 110 613
88 49 203
79 10 2
6 76 225
129 17 42
19 75 12
135 117 504
14 128 179
58 66 758
119 23 56
68 57 934
67 7 809
18 136 948
46 20 293
65 29 191
22 105 745
16 38 954
84 61 771
31 25 188
69 44 896
92 125 895
83 76 264
90 123 432
97 63 168
56 125 288
81 85 268
114 83 677
89 106 427
125 38 852
57 30 347
92 5 839
113 72 864
87 91 92
70 103 240
62 26 735
46 90 636
67 41 296
6 38 3
53 72 529
80 47 929
127 145 520
132 25 238
49 105 71
81 94 431
58 140 302
119 109 194
118 84 615
17 76 24
85 60 702
96 80 171
19 34 248
2 5 443
94 20 217
12 111 442
28 57 405
32 100 733
130 72 159
87 29 983
43 19 83
55 146 94
131 93 48
7 56 688
86 5 684
85 126 216
64 29 575
63 7 80
91 46 185
110 144 391
1 13 139
108 26 72
107 84 700
124 98 551
106 63 321
130 109 457
