42
84
32 1 595
20 8 933
30 7 805
8 41 221
4 33 917
26 31 880
16 33 889
21 17 49
18 42 331
19 9 3
6 38 82
6 7 684
21 23 928
16 39 388
36 15 37
15 41 188
3 41 704
2 30 424
10 21 988
5 6 160
28 2 826
36 27 677
8 30 364
7 13 144
8 32 44
15 24 662
26 17 579
35 25 653
25 2 391
9 8 430
11 25 255
36 9 785
29 1 508
36 19 540
3 9 137
41 27 583
10 1 586
19 18 106
41 11 119
1 20 540
33 31 995
31 12 430
1 27 899
41 17 534
2 34 458
23 7 823
33 15 918
7 31 189
38 4 973
9 10 976
21 31 267
6 41 906
14 13 901
27 13 608
40 8 636
33 26 237
8 16 702
38 10 473
6 9 25
38 37 764
11 31 741
17 22 624
27 39 281
24 6 892
12 33 928
35 20 314
9 5 256
38 41 502
22 28 64
8 10 138
33 8 220
38 17 829
35 16 372
6 13 271
27 20 824
30 3 172
21 39 340
25 36 716
38 18 544
11 21 427
17 19 385
35 31 221
10 18 955
24 14 283
