100
200
51 44 813
44 38 692
28 3 119
33 18 198
84 13 696
37 60 564
37 73 618
14 66 114
59 32 952
24 15 264
77 15 31
96 72 218
82 49 742
65 46 714
8 80 391
16 91 24
17 18 281
45 74 850
62 21 905
31 58 137
10 54 97
41 68 453
86 63 323
53 71 728
99 32 161
48 81 407
97 37 432
92 54 798
95 89 955
51 6 637
46 14 422
92 98 797
82 36 808
9 75 527
78 33 707
89 63 308
17 90 339
80 1 721
26 19 848
11 22 505
48 84 871
67 54 613
90 57 853
88 37 5
26 59 510
28 40 572
11 49 712
19 62 26
93 4 916
97 52 291
52 67 986
41 11 74
64 19 951
27 9 211
52 36 718
64 4 533
88 79 795
40 52 993
79 18 428
76 43 479
89 21 177
80 16 456
88 13 369
67 41 64
80 57 71
46 95 501
61 55 150
5 72 549
85 33 991
69 53 413
75 34 51
38 15 13
1 44 28
62 34 724
78 21 158
24 55 932
22 32 444
87 5 240
51 87 514
16 11 478
70 1 570
67 99 775
4 25 786
71 23 851
88 16 823
5 55 815
76 45 358
92 35 120
12 22 240
83 58 305
95 7 584
45 62 727
6 81 545
59 1 557
10 30 639
69 44 948
47 69 179
48 4 420
46 43 835
90 71 926
25 14 462
46 61 998
15 21 295
41 18 684
60 68 627
22 36 936
22 85 77
7 11 647
72 85 623
80 71 232
87 99 177
10 78 831
45 15 101
35 26 75
74 14 610
21 81 141
72 77 414
94 7 843
58 79 914
53 39 919
17 15 372
74 89 620
89 90 740
82 23 96
29 83 870
27 37 476
6 43 345
60 50 355
25 39 953
5 60 74
59 35 865
47 66 366
78 71 700
24 88 815
68 19 746
39 44 51
33 43 815
28 65 232
92 53 521
22 52 121
67 53 38
59 83 384
70 84 32
48 33 582
44 79 333
42 59 792
32 56 804
73 58 136
10 35 362
9 49 264
76 84 128
58 72 227
66 30 26
43 63 700
26 62 915
79 75 77
50 5 523
72 92 161
10 73 568
8 14 64
79 17 42
42 45 891
79 11 478
89 53 117
88 53 654
29 82 417
81 27 929
96 14 211
86 1 730
81 90 185
23 80 686
28 70 659
34 71 728
54 22 639
51 45 833
14 92 907
10 27 946
84 79 18
30 20 510
37 89 773
89 93 725
29 46 162
69 93 774
93 56 782
60 59 50
17 78 378
4 29 466
22 39 634
84 31 701
88 74 576
36 4 561
39 61 530
52 54 695
62 3 211
79 7 128
93 16 714
80 62 154
52 30 541
93 66 202
28 2 162
