100
1000
3 37 883
78 54 174
84 15 878
32 5 127
49 76 362
55 98 338
76 57 455
47 90 90
27 23 42
65 97 280
66 65 401
1 50 985
71 92 804
30 31 32
18 64 702
16 44 207
83 88 782
73 91 622
89 66 871
23 76 335
33 67 256
41 31 770
35 61 872
24 49 97
5 56 171
84 87 705
33 16 843
42 74 817
77 93 520
92 11 34
50 81 889
12 77 586
45 85 333
100 95 246
36 62 627
77 96 464
71 34 692
17 5 993
61 76 918
39 40 203
1 97 569
54 17 344
12 27 932
47 68 224
56 9 370
58 25 404
88 30 222
37 23 958
41 93 319
46 95 276
99 29 215
56 64 845
50 9 202
99 10 690
79 2 119
15 55 189
63 10 934
91 21 542
72 20 610
79 39 338
29 61 965
14 91 1000
8 21 182
34 56 689
54 76 586
64 7 39
74 76 481
82 12 62
63 35 525
100 83 919
100 84 215
4 50 990
45 100 273
58 42 898
77 92 601
80 100 232
15 47 618
23 61 567
94 24 368
35 87 178
51 84 441
72 94 84
2 31 684
86 40 6
16 6 658
99 92 858
68 25 251
77 54 463
38 13 243
54 15 20
94 98 330
90 81 28
63 60 314
12 68 957
84 41 117
63 93 588
40 89 454
33 24 873
49 33 366
64 74 583
9 68 47
51 79 598
35 29 142
8 84 103
75 36 908
70 44 136
85 36 107
48 62 724
28 25 579
46 66 386
75 23 476
48 29 494
58 85 466
34 99 989
24 21 787
62 80 198
87 1 958
14 71 444
46 28 139
8 22 178
16 40 457
46 71 184
49 79 979
35 56 457
30 81 825
79 67 891
75 67 437
26 75 188
30 91 918
25 57 913
18 36 395
78 63 411
81 17 490
41 19 970
23 24 72
43 5 825
20 71 553
67 27 37
3 13 911
19 74 311
91 34 44
25 32 309
11 77 202
62 27 698
36 31 522
44 23 86
11 36 160
38 7 93
7 54 660
45 7 821
76 36 5
70 65 988
82 35 258
65 77 326
4 21 523
33 1 454
79 96 249
15 8 333
41 92 632
88 46 436
92 28 656
77 36 1
17 43 777
66 14 532
56 48 134
87 83 312
34 43 675
59 47 179
14 48 313
78 71 78
11 28 261
23 94 413
14 20 140
13 2 881
74 7 523
94 8 683
14 64 178
11 32 59
93 92 248
100 78 960
7 72 166
31 42 324
82 99 454
29 12 244
52 68 834
8 77 2
80 17 999
52 4 733
53 75 985
36 82 990
80 99 337
79 55 347
20 7 219
60 55 924
15 28 122
18 93 159
87 56 420
58 6 995
25 47 102
30 7 428
46 74 240
8 61 10
79 61 519
92 58 216
28 26 233
34 58 939
87 37 98
7 95 60
30 82 156
47 45 748
87 19 12
29 83 343
69 89 629
42 85 4
55 9 979
54 87 474
51 27 741
47 49 197
56 92 660
19 16 460
3 28 730
68 83 820
89 14 343
52 30 304
11 54 744
27 25 747
37 7 257
87 70 350
50 69 767
51 8 561
73 23 245
90 94 360
34 51 395
83 11 579
84 80 344
29 69 541
73 57 509
81 4 994
19 75 116
22 25 298
40 49 946
62 12 47
12 70 19
38 70 263
87 74 4
17 42 961
1 25 411
27 3 685
40 64 454
93 31 763
68 32 294
13 41 360
76 29 308
52 91 590
86 98 34
85 5 882
21 81 881
95 19 767
91 87 797
99 39 205
87 57 362
16 78 850
28 60 477
61 58 692
52 61 465
42 34 609
7 32 542
41 23 990
76 82 35
48 42 812
50 25 702
100 73 31
80 89 679
50 90 212
71 86 912
77 53 961
12 1 547
11 84 205
37 44 63
50 94 148
90 42 95
92 47 319
13 81 145
74 38 983
96 31 83
67 2 782
32 93 284
24 68 120
62 61 940
38 10 665
24 26 513
79 19 327
53 13 382
55 3 308
32 73 535
82 21 168
83 92 28
70 56 135
64 15 155
44 96 732
15 26 862
74 18 472
45 23 222
59 74 826
97 90 717
88 40 758
97 92 648
47 42 369
89 58 879
25 82 695
37 71 171
89 57 134
55 81 615
14 31 929
32 63 79
1 67 177
50 17 684
94 51 181
21 75 439
56 42 640
10 76 295
83 27 167
70 45 650
12 36 854
11 47 744
79 1 831
39 67 115
47 76 633
21 53 927
68 100 672
51 50 587
49 94 592
33 23 491
87 43 79
68 54 383
9 58 230
32 88 551
32 10 871
36 100 772
52 6 391
49 18 777
65 94 297
88 6 408
62 7 759
15 34 423
53 35 234
35 66 342
32 59 403
28 95 848
49 81 959
43 74 687
57 40 855
13 66 99
33 65 357
9 22 845
37 90 914
93 64 527
69 35 962
20 37 893
49 34 523
1 15 494
42 38 363
4 29 598
100 42 183
15 5 473
19 82 752
56 94 615
4 24 380
4 9 931
43 28 946
54 12 715
30 78 276
63 97 204
79 6 101
66 38 650
88 20 695
89 75 866
55 92 440
66 61 123
53 24 240
25 83 714
23 14 167
30 99 92
7 79 980
86 28 791
28 8 343
26 41 58
45 86 17
23 39 240
52 17 619
50 14 966
88 55 1
19 86 84
47 46 338
2 99 547
90 1 321
57 93 190
84 78 63
90 78 233
22 61 381
84 52 271
53 64 229
33 85 323
77 20 72
59 38 698
83 24 223
25 8 325
53 73 982
17 39 783
12 65 751
62 15 467
8 24 14
79 31 275
79 78 318
63 48 127
51 93 238
25 29 657
39 64 751
41 45 832
51 3 112
53 45 227
95 31 594
85 34 738
53 66 255
23 65 842
28 56 994
22 46 457
10 18 979
22 67 272
10 51 633
11 27 913
84 16 407
41 81 983
38 76 850
25 90 519
39 33 335
84 75 492
77 23 507
49 9 877
3 91 70
34 61 675
66 85 1
21 44 620
92 38 257
10 8 784
7 1 877
98 73 889
75 82 963
72 79 549
19 7 841
94 31 799
36 7 418
36 64 531
35 10 1
100 87 528
20 100 770
46 92 878
24 71 818
84 40 661
16 58 958
96 3 981
31 7 117
44 48 905
3 88 407
9 1 846
41 75 333
76 70 706
54 51 761
41 51 213
11 23 10
71 10 899
78 80 94
94 20 482
25 9 170
11 26 339
81 97 582
92 66 488
50 93 215
90 17 800
49 96 54
72 57 957
36 5 12
49 35 794
91 63 261
32 72 599
14 61 167
75 56 309
15 38 529
51 37 66
59 69 582
71 76 310
13 67 5
77 73 312
67 26 4
39 37 439
85 67 40
36 90 960
10 96 30
12 76 977
36 69 350
21 18 189
11 21 629
2 97 936
27 65 754
56 84 21
79 46 725
56 33 865
82 98 492
43 6 288
82 46 367
46 77 165
25 5 522
22 70 964
39 60 404
60 48 868
24 73 226
49 98 628
57 98 143
13 23 205
73 6 482
27 47 220
82 17 4
95 71 313
13 72 886
98 75 325
32 83 884
80 50 842
47 16 255
78 88 26
89 76 556
9 31 590
49 14 806
51 76 808
35 48 984
45 98 772
33 89 46
31 44 226
12 44 502
95 96 204
96 6 396
14 97 794
1 14 982
44 99 20
87 46 619
16 81 687
31 13 888
90 96 919
94 96 389
13 89 761
45 59 632
71 42 812
41 24 752
98 25 779
48 24 404
35 19 927
44 78 192
59 36 776
43 98 495
71 67 710
98 8 218
11 68 570
22 14 417
26 82 545
5 74 981
31 70 111
64 6 848
54 67 96
22 100 599
97 77 150
89 93 410
69 27 54
58 19 290
7 53 604
26 10 251
92 72 906
19 13 837
3 87 24
96 8 936
41 27 281
44 1 191
100 54 169
26 90 430
16 55 458
14 76 796
90 3 607
77 16 180
65 17 715
47 26 279
26 81 143
84 68 821
98 23 837
8 37 812
88 61 718
98 6 896
38 80 765
85 52 933
31 68 159
38 30 329
97 6 714
69 49 478
87 82 47
92 24 38
46 31 7
28 38 581
48 27 5
57 27 416
9 86 630
3 58 20
59 20 373
8 12 183
90 45 17
5 89 748
62 86 871
50 82 90
13 42 378
12 3 846
2 76 973
18 95 679
53 44 173
52 99 855
71 29 358
86 11 640
40 15 612
48 83 795
4 13 389
45 17 773
76 90 411
26 31 577
4 33 309
56 98 494
74 91 134
7 69 586
10 23 155
58 44 626
96 17 126
85 14 660
65 30 925
79 70 401
70 14 938
93 7 240
94 76 90
73 68 766
32 90 799
14 74 738
63 98 117
24 93 211
64 72 406
100 43 156
9 100 489
38 24 223
41 82 414
37 64 652
39 66 613
12 37 863
64 22 812
25 35 780
94 78 405
52 33 298
86 57 176
68 50 344
40 46 361
95 24 744
94 84 594
72 5 356
95 43 405
51 20 108
69 97 215
64 33 180
79 99 191
38 64 550
6 46 385
29 33 206
32 36 597
15 49 541
81 82 534
32 60 184
21 35 691
24 80 238
25 86 302
1 56 302
75 90 452
58 96 374
9 21 855
92 6 240
97 52 418
6 15 984
95 17 247
54 50 965
83 3 580
62 73 846
92 27 903
37 1 167
33 53 735
43 67 999
52 92 485
35 81 240
3 31 456
88 9 341
41 36 81
27 50 791
71 26 442
62 60 568
88 53 296
18 81 535
81 10 369
26 85 339
56 12 211
27 39 241
84 24 302
93 55 282
51 26 193
89 9 880
46 11 274
65 83 709
63 95 134
49 78 536
53 36 697
89 54 125
66 74 810
6 83 541
86 46 58
43 96 832
4 75 933
92 68 866
85 61 971
9 8 122
54 26 491
22 71 75
63 73 978
99 97 703
76 66 242
84 25 85
63 52 547
50 71 145
88 100 595
84 72 888
9 45 337
61 39 784
9 30 117
29 22 985
88 65 686
80 28 237
44 33 473
62 44 845
57 36 847
21 31 677
5 34 121
64 3 425
4 80 969
62 47 665
95 47 802
53 84 919
37 18 517
71 7 279
69 56 489
66 11 840
36 15 839
74 25 630
17 25 993
77 86 704
28 68 304
3 2 342
58 5 164
98 79 229
85 79 8
17 62 247
67 11 901
6 41 968
38 11 559
95 91 14
63 83 165
19 53 337
2 19 956
66 20 817
63 69 764
68 35 52
88 82 954
13 47 982
84 7 190
36 21 240
90 41 888
7 42 173
95 3 679
25 70 778
30 42 417
30 71 102
49 1 12
43 51 209
79 62 388
63 14 405
27 49 903
76 33 271
51 85 213
61 54 173
10 61 396
16 75 418
7 88 774
11 63 210
1 2 601
49 80 834
78 53 585
24 36 734
20 50 259
50 55 137
83 61 931
79 42 550
80 46 671
37 38 961
28 69 186
91 5 445
39 48 306
16 5 925
50 8 164
67 76 73
18 84 249
25 96 931
52 49 786
17 57 570
14 81 561
95 58 125
57 34 847
53 17 860
32 85 964
93 83 305
20 57 431
4 39 969
44 89 524
70 32 474
22 30 908
71 8 596
67 18 649
62 42 54
84 93 499
9 61 925
31 24 972
49 82 673
31 27 927
80 75 993
79 68 835
21 39 436
72 37 416
85 81 516
45 5 455
56 99 753
7 48 647
81 68 889
82 78 587
67 51 492
63 13 740
39 80 862
92 5 518
67 32 656
47 14 760
46 33 304
4 15 696
31 85 564
33 61 445
99 42 882
48 20 442
39 73 976
17 74 335
41 17 365
84 29 215
32 23 107
83 67 563
85 90 392
76 52 426
83 76 401
6 19 387
41 37 164
61 26 854
2 9 127
2 92 231
51 82 561
99 38 167
72 95 602
51 96 165
36 88 223
58 35 29
91 69 340
30 26 302
84 65 723
20 63 359
41 52 697
55 26 467
94 52 781
27 44 74
33 22 45
75 37 114
77 34 302
41 39 173
94 59 693
13 39 249
70 26 169
100 21 994
6 37 138
63 62 349
25 26 288
13 68 853
48 55 191
74 84 301
54 23 522
58 88 14
4 62 769
86 83 767
2 39 166
3 67 852
87 2 360
73 89 654
99 16 906
73 33 423
68 20 563
60 66 879
53 22 26
83 44 676
68 10 933
36 4 557
76 6 781
89 45 468
62 3 421
1 11 550
16 30 277
23 57 678
79 71 985
46 5 770
53 95 578
46 50 173
92 15 844
70 36 335
19 99 318
90 12 513
23 1 298
5 82 77
6 49 582
98 52 815
46 14 343
39 86 938
33 60 36
86 42 933
72 96 462
90 39 62
30 3 648
73 76 387
77 62 826
86 70 678
79 3 990
40 54 434
15 82 791
84 14 464
20 87 813
98 95 471
50 67 53
87 69 748
16 79 496
75 85 111
53 87 905
29 8 251
73 74 5
66 29 329
93 53 85
10 92 605
11 98 896
23 74 48
25 52 654
85 53 908
10 53 512
25 66 904
19 34 86
32 62 790
74 9 620
80 42 674
17 32 653
15 93 758
76 75 63
76 97 992
13 36 818
26 13 374
47 31 303
85 35 427
73 5 856
10 48 364
27 52 693
39 94 440
60 94 991
92 61 440
99 96 744
16 20 708
73 45 868
88 1 382
91 1 336
31 23 64
80 45 995
26 99 202
23 17 831
66 15 654
95 50 189
6 85 423
75 49 747
49 56 127
89 18 54
