150
300
94 95 601
68 34 951
82 104 177
115 110 507
30 60 517
86 15 480
13 109 468
85 93 476
120 54 742
57 10 71
58 28 413
133 12 208
65 50 955
54 53 281
28 146 411
108 74 388
22 80 914
121 150 714
21 44 770
13 36 589
82 106 785
113 125 986
114 58 362
135 104 144
20 18 255
25 36 422
16 19 724
23 51 367
50 64 189
45 6 329
32 92 514
71 128 523
53 113 121
74 1 940
22 44 219
131 18 736
31 131 535
132 89 736
128 97 288
132 83 710
59 23 578
81 83 783
37 51 221
73 83 115
125 12 932
100 112 990
112 65 100
51 99 25
127 29 249
18 30 396
57 26 922
110 21 311
49 80 945
82 95 556
29 118 58
41 106 975
119 29 8
128 72 92
42 114 907
125 65 19
76 123 723
122 23 447
12 132 366
103 1 380
69 47 362
75 15 270
111 21 929
128 113 920
97 142 829
37 116 495
24 90 263
25 98 869
116 144 953
116 29 235
86 8 623
26 46 883
120 149 912
57 86 681
54 137 416
98 40 59
31 54 806
5 21 660
115 135 770
95 20 999
110 70 835
2 143 283
99 36 616
77 82 795
106 18 769
73 129 457
75 54 412
93 62 404
9 8 97
75 79 123
117 22 408
102 115 938
19 12 949
126 27 943
103 45 935
95 120 807
33 17 86
121 49 466
12 120 295
84 67 615
131 143 823
94 46 240
16 29 850
109 52 546
3 97 600
113 33 216
118 127 438
7 138 794
26 49 349
30 20 146
130 50 42
105 64 748
131 5 667
34 2 753
53 109 242
103 133 397
77 143 411
83 125 801
104 88 947
8 67 525
99 10 390
125 72 186
115 69 822
136 4 954
21 42 451
52 141 15
40 144 909
105 109 767
56 62 378
121 75 592
104 127 567
17 37 615
87 130 635
92 38 437
49 68 606
123 52 297
44 143 681
42 36 869
56 30 601
36 126 162
52 127 397
17 84 486
30 75 889
44 84 286
16 73 85
86 80 322
92 49 963
41 118 484
1 66 629
68 62 709
82 83 210
104 14 156
8 23 224
65 85 552
117 83 807
40 10 722
59 103 312
22 108 914
70 146 749
95 125 335
30 10 340
47 89 749
92 24 944
87 63 270
131 29 853
100 14 121
9 147 325
93 52 663
14 130 820
54 128 848
26 82 469
10 42 989
129 21 644
117 91 489
5 105 662
51 148 778
61 66 179
4 8 71
30 119 737
6 92 975
68 108 165
103 146 558
73 89 512
94 80 76
3 44 651
96 148 797
13 97 89
70 106 244
41 100 397
10 48 17
65 70 531
70 104 525
48 31 439
57 125 815
13 3 826
59 98 94
124 115 243
28 12 215
69 19 964
128 68 291
112 77 800
85 133 121
12 57 200
109 78 228
11 60 731
14 83 516
69 51 591
101 148 216
14 145 853
57 128 600
37 85 463
46 17 508
63 89 266
103 112 798
55 69 940
73 53 701
109 38 459
86 2 108
89 9 622
91 24 175
26 148 689
68 30 453
38 18 981
130 18 868
117 58 165
99 66 391
89 51 710
1 138 991
110 104 355
82 22 165
121 42 671
77 120 884
44 138 576
117 17 458
34 130 117
110 101 773
15 83 752
125 11 465
19 51 696
126 5 69
60 70 250
56 70 873
85 6 511
41 128 943
48 2 347
84 45 776
121 59 454
109 140 107
83 29 494
74 46 334
120 137 174
76 21 44
96 13 451
16 31 119
77 124 597
19 137 871
41 76 282
58 64 294
48 46 55
119 16 32
63 103 27
50 21 564
43 30 705
27 68 331
21 57 441
24 25 90
88 105 862
39 1 979
22 118 56
119 141 838
122 34 735
18 70 411
92 8 856
80 131 100
126 137 974
122 98 52
133 94 788
61 25 307
94 52 448
109 22 35
113 23 117
20 105 988
13 75 96
130 31 607
77 86 683
9 93 871
126 33 692
48 144 461
68 80 921
48 128 815
46 100 655
12 4 822
21 86 534
78 147 996
93 95 804
119 64 398
