YES
2
13 25 0
6 42 0
5 19 0
20 33 0
9 21 0
32 385 0
8 394 0
23 31 0
34 39 0
57 289 0
45 49 0
10 54 0
95 100 0
22 46 0
59 360 0
14 16 0
80 369 0
104 349 0
4 63 0
18 26 0
53 58 0
43 72 0
24 35 0
38 107 0
66 117 0
37 41 0
89 192 0
61 76 0
28 65 0
70 83 0
7 64 0
94 110 0
62 370 0
101 105 0
1 98 0
78 377 0
118 121 0
99 112 0
60 113 0
68 397 0
11 29 0
81 90 0
123 150 0
48 82 0
12 149 0
55 79 0
97 103 0
69 93 0
71 84 0
160 172 0
75 111 0
106 166 0
96 299 0
141 392 0
119 382 0
17 73 0
147 153 0
87 171 0
109 138 0
67 91 0
2 86 0
145 151 0
161 379 0
115 143 0
116 158 0
50 77 0
56 125 0
108 164 0
133 170 0
131 376 0
126 163 0
216 235 0
144 148 0
124 181 0
183 388 0
142 173 0
130 132 0
245 384 0
208 243 0
202 207 0
120 146 0
165 234 0
88 134 0
159 182 0
137 194 0
129 209 0
152 175 0
280 287 0
238 239 0
154 335 0
167 176 0
157 184 0
140 347 0
122 128 0
196 205 0
225 263 0
179 213 0
188 220 0
169 189 0
178 248 0
162 174 0
206 211 0
185 197 0
262 284 0
199 236 0
237 254 0
250 281 0
177 187 0
193 198 0
190 244 0
156 240 0
217 241 0
215 259 0
186 214 0
210 227 0
276 373 0
221 275 0
212 317 0
191 232 0
204 261 0
267 279 0
200 226 0
291 322 0
300 302 0
228 247 0
278 366 0
319 375 0
268 316 0
233 260 0
218 274 0
222 265 0
271 304 0
223 246 0
277 282 0
358 389 0
224 255 0
231 288 0
283 325 0
168 257 0
155 249 0
270 365 0
195 219 0
203 298 0
305 342 0
242 355 0
297 313 0
285 295 0
272 320 0
292 301 0
308 332 0
311 363 0
229 395 0
266 356 0
286 303 0
252 306 0
293 378 0
310 353 0
201 340 0
269 333 0
328 330 0
253 334 0
256 264 0
383 399 0
314 337 0
368 391 0
15 343 0
351 381 0
318 324 0
258 309 0
52 339 0
390 398 0
47 321 0
338 367 0
27 51 0
251 350 0
359 387 0
85 374 0
180 346 0
44 400 0
315 354 0
30 312 0
357 361 0
329 352 0
323 345 0
3 386 0
336 362 0
296 326 0
371 380 0
40 372 0
230 327 0
92 127 0
341 393 0
294 348 0
139 273 0
36 290 0
102 364 0
135 136 0
74 307 0
331 344 0
114 396 0
