YES
2
5 176 0
1 12 0
15 192 0
11 199 0
23 34 0
19 26 0
2 27 0
14 28 0
17 197 0
30 31 0
3 7 0
29 32 0
35 39 0
37 41 0
18 200 0
9 20 0
10 40 0
21 36 0
24 38 0
8 53 0
22 47 0
49 54 0
33 57 0
48 50 0
42 46 0
55 193 0
64 70 0
43 58 0
52 67 0
60 74 0
56 62 0
68 69 0
45 65 0
59 63 0
61 66 0
72 81 0
78 86 0
73 75 0
76 77 0
84 91 0
79 80 0
82 88 0
98 100 0
94 97 0
44 71 0
85 93 0
83 95 0
87 89 0
96 107 0
108 120 0
101 109 0
102 104 0
111 121 0
90 99 0
92 112 0
116 118 0
114 126 0
103 106 0
105 110 0
128 131 0
113 140 0
119 123 0
117 132 0
115 122 0
127 133 0
144 164 0
136 139 0
124 130 0
129 150 0
146 147 0
134 137 0
152 154 0
125 145 0
167 172 0
135 170 0
148 149 0
155 156 0
151 177 0
141 143 0
142 158 0
138 163 0
165 174 0
153 180 0
175 185 0
157 173 0
178 179 0
159 160 0
194 195 0
169 171 0
168 186 0
162 182 0
184 189 0
161 191 0
188 190 0
6 183 0
196 198 0
4 166 0
13 25 0
181 187 0
16 51 0
