YES
2
3 291 0
6 8 0
4 9 0
7 293 0
13 298 0
18 31 0
19 20 0
5 14 0
28 32 0
17 33 0
11 15 0
30 36 0
24 27 0
16 26 0
21 23 0
22 38 0
42 43 0
44 300 0
45 46 0
35 41 0
37 47 0
25 29 0
48 55 0
49 56 0
50 60 0
34 39 0
61 62 0
66 69 0
53 65 0
57 58 0
63 64 0
67 68 0
40 52 0
54 77 0
84 85 0
70 71 0
76 83 0
72 73 0
79 86 0
51 91 0
75 90 0
94 102 0
78 98 0
59 87 0
92 97 0
80 81 0
103 109 0
107 108 0
96 99 0
88 89 0
74 100 0
82 114 0
101 106 0
110 122 0
105 116 0
128 129 0
95 118 0
112 113 0
117 119 0
104 120 0
93 111 0
131 145 0
115 123 0
126 127 0
124 125 0
121 130 0
133 144 0
135 149 0
134 139 0
136 141 0
138 140 0
137 147 0
150 158 0
156 167 0
143 151 0
164 169 0
153 155 0
148 154 0
132 146 0
142 159 0
163 171 0
161 162 0
152 180 0
157 168 0
178 179 0
187 188 0
166 175 0
160 181 0
170 174 0
173 191 0
197 198 0
182 196 0
193 207 0
186 200 0
184 190 0
183 189 0
211 217 0
192 204 0
165 206 0
185 201 0
176 195 0
172 177 0
194 199 0
203 209 0
212 215 0
205 210 0
214 216 0
219 222 0
213 230 0
221 223 0
202 220 0
208 229 0
218 224 0
226 228 0
240 250 0
233 243 0
234 238 0
225 236 0
241 246 0
237 239 0
248 251 0
257 258 0
254 256 0
255 262 0
235 244 0
231 249 0
253 276 0
232 247 0
263 271 0
259 269 0
227 245 0
260 268 0
272 273 0
242 270 0
261 281 0
252 275 0
266 274 0
284 290 0
265 277 0
278 280 0
279 289 0
282 287 0
2 267 0
288 292 0
1 283 0
294 297 0
264 285 0
10 296 0
286 299 0
12 295 0
