YES
3
31 55 69 0
19 42 81 0
23 72 79 0
46 56 98 0
13 25 123 0
8 47 109 0
24 29 36 0
27 114 117 0
5 68 75 0
40 49 60 0
35 313 500 0
3 30 62 0
39 65 125 0
17 28 43 0
52 94 115 0
51 103 113 0
4 58 97 0
61 108 118 0
83 141 485 0
6 54 66 0
15 38 80 0
90 127 137 0
16 70 99 0
67 86 132 0
11 106 454 0
41 71 85 0
9 45 95 0
1 14 26 0
50 63 138 0
48 57 73 0
32 143 180 0
22 33 91 0
34 82 112 0
111 145 152 0
53 126 174 0
64 74 96 0
2 76 78 0
110 190 367 0
140 153 202 0
44 93 135 0
107 119 205 0
146 186 192 0
20 88 151 0
182 228 352 0
167 187 199 0
130 155 160 0
100 133 480 0
120 144 168 0
37 122 134 0
105 116 124 0
185 225 268 0
147 157 165 0
136 142 158 0
87 121 172 0
215 220 254 0
166 183 207 0
173 224 235 0
156 201 219 0
175 193 498 0
200 208 221 0
92 217 251 0
240 250 272 0
161 260 269 0
163 184 407 0
244 253 264 0
102 162 243 0
210 212 300 0
196 216 273 0
159 197 214 0
179 231 255 0
101 245 258 0
332 354 364 0
176 178 211 0
104 203 242 0
257 266 287 0
191 195 263 0
234 239 277 0
131 150 204 0
198 247 291 0
259 271 286 0
270 372 375 0
327 423 452 0
209 236 248 0
261 276 324 0
230 280 295 0
10 279 288 0
149 188 233 0
262 274 278 0
252 310 317 0
194 223 237 0
326 329 370 0
289 319 374 0
322 335 345 0
227 285 386 0
218 301 309 0
213 307 331 0
170 241 249 0
238 311 339 0
290 296 426 0
342 362 363 0
139 206 292 0
169 318 360 0
366 418 430 0
171 350 440 0
267 330 341 0
148 281 298 0
189 222 347 0
416 433 437 0
265 299 357 0
320 384 408 0
315 391 427 0
297 314 316 0
371 410 415 0
294 321 340 0
229 338 379 0
181 325 460 0
393 417 425 0
246 392 403 0
282 334 414 0
128 344 419 0
397 441 455 0
129 302 349 0
7 328 467 0
177 355 409 0
308 312 405 0
333 388 413 0
323 435 445 0
293 463 496 0
377 436 439 0
306 376 395 0
284 303 365 0
59 283 473 0
385 471 475 0
232 353 368 0
382 404 458 0
396 406 456 0
356 434 446 0
399 400 468 0
359 373 387 0
226 402 432 0
304 394 411 0
18 89 472 0
346 383 401 0
428 447 465 0
12 459 497 0
84 421 442 0
77 483 492 0
422 453 457 0
154 358 451 0
256 0
361 369 420 0
336 337 493 0
21 462 484 0
343 469 0
164 275 450 0
438 474 0
348 461 478 0
429 448 0
412 0
378 0
424 443 482 0
0
351 390 0
449 0
0
444 477 0
380 389 466 0
464 470 490 0
0
0
305 481 0
479 495 0
0
381 0
0
489 0
0
0
476 0
431 0
494 0
398 0
488 0
0
499 0
0
0
486 0
0
487 0
0
0
491 0
0
0
0
0
0
0
0
