300 150
2 3 15 18 20 33 36 39 40 52 53 61 63 65 69 77 82 83 87 88 90 100 108 113 117 124 143 144 145 154 155 158 171 176 183 186 187 188 189 192 206 214 224 232 234 241 246 250 253 265 267 268 270 271 272 278 282 284 289 291 293 296 0
6 8 20 31 44 58 60 61 62 65 70 72 83 84 86 92 99 101 107 112 121 125 128 130 148 152 157 161 162 166 171 172 184 188 194 195 204 211 213 217 218 221 228 229 232 234 237 241 248 266 273 280 283 287 299 0
4 9 12 14 15 18 22 29 36 43 49 52 54 56 60 61 63 64 70 73 83 84 88 94 99 119 127 144 159 160 165 185 186 197 200 203 206 210 213 214 220 225 228 235 243 244 247 248 252 255 260 264 271 274 281 284 0
1 6 7 18 19 22 24 27 28 31 43 49 52 56 60 62 64 79 86 88 101 106 108 109 115 121 126 134 138 147 149 153 167 168 169 178 182 183 186 187 193 195 203 205 206 210 212 217 220 227 231 243 252 254 259 260 264 279 286 287 288 293 0
6 12 13 15 18 20 23 24 26 31 33 41 44 45 52 54 55 56 63 68 72 88 89 94 98 106 107 108 111 120 121 125 127 138 140 141 149 157 159 166 167 178 182 183 191 204 206 208 210 224 227 228 229 234 235 237 243 246 250 251 257 260 276 285 290 298 0
1 9 18 31 33 35 47 50 58 76 83 86 87 91 92 99 121 126 128 131 132 133 141 143 144 151 152 156 157 161 171 184 190 196 200 204 205 210 214 218 221 222 223 226 241 246 256 257 271 276 279 280 282 287 289 292 294 298 0
3 19 20 21 22 23 27 32 34 46 52 54 57 58 60 63 67 68 75 94 96 97 104 112 114 117 118 119 128 130 131 133 142 143 144 157 167 173 177 182 185 189 191 195 201 202 209 216 219 220 225 227 228 235 238 243 246 251 256 257 258 261 263 268 270 271 273 282 285 296 0
5 12 14 17 19 25 28 30 33 39 50 51 53 60 61 68 70 77 78 86 90 96 99 103 109 112 115 117 122 127 128 132 133 140 151 152 153 157 164 173 175 185 188 190 191 194 196 197 200 202 205 210 217 223 224 226 230 234 236 241 244 248 252 257 272 275 277 285 287 289 291 0
14 18 19 28 31 32 36 40 42 44 45 53 57 62 63 65 66 68 71 76 80 82 84 87 91 96 101 102 107 108 113 118 125 132 135 136 152 156 163 166 168 172 174 175 176 183 185 186 193 197 198 200 204 208 216 221 224 226 227 230 233 235 237 248 250 256 261 263 267 271 282 289 291 297 300 0
3 6 8 12 17 19 20 33 37 39 43 45 49 63 65 66 68 81 88 90 93 94 95 107 108 110 111 113 116 118 122 123 140 145 156 170 171 175 177 181 183 187 188 193 196 205 206 207 209 217 218 219 223 233 239 242 259 275 277 283 291 299 0
11 15 22 24 30 36 39 44 48 52 54 60 75 78 79 87 91 95 110 115 118 141 143 146 147 155 170 172 177 178 184 185 188 191 201 204 206 209 211 220 228 231 238 240 247 257 259 265 268 271 275 281 287 288 293 299 300 0
7 12 13 14 18 20 30 31 32 36 38 42 48 70 71 78 80 82 87 98 103 104 109 115 121 122 127 133 134 138 154 160 166 174 175 177 182 189 192 201 202 205 209 210 221 222 225 229 233 234 238 247 250 254 260 265 279 282 283 287 294 295 0
7 11 13 14 18 24 27 49 55 73 84 86 89 97 102 111 118 120 132 140 142 145 146 157 159 170 175 187 188 192 194 201 205 207 209 212 224 227 230 233 235 236 237 242 243 244 250 253 261 265 267 271 272 277 279 280 285 287 291 0
8 11 16 17 18 26 37 40 42 45 54 55 63 64 68 77 80 83 100 102 106 127 128 133 135 136 137 142 146 149 158 159 171 173 185 186 195 199 219 239 243 248 255 264 269 270 272 275 276 300 0
4 13 14 21 23 24 25 27 36 44 49 53 54 58 60 61 62 64 66 67 68 71 81 82 84 85 86 87 93 103 111 113 123 125 127 129 131 143 144 147 153 155 156 161 166 169 173 174 176 177 187 193 203 207 211 213 223 228 229 245 253 260 264 265 266 272 280 286 287 290 297 300 0
2 3 6 7 9 12 15 22 26 28 30 38 42 45 52 57 58 61 62 63 67 80 83 91 99 103 107 116 118 119 123 124 131 134 137 139 142 143 147 148 149 156 161 166 168 175 176 178 188 190 194 197 199 203 204 214 216 217 218 226 227 234 235 236 237 240 256 271 272 276 284 288 290 291 297 299 300 0
3 11 18 42 43 47 56 61 64 66 71 77 81 85 87 89 90 98 106 107 120 134 136 141 144 151 158 159 166 167 174 175 178 181 183 185 196 206 207 211 221 224 227 228 240 244 247 253 259 267 270 272 289 291 295 300 0
2 3 4 7 10 18 20 24 26 28 31 42 43 44 54 61 62 67 73 74 75 77 78 81 84 90 92 93 96 98 108 111 112 113 117 126 129 132 138 139 145 148 149 152 159 167 168 178 180 181 184 191 192 193 195 196 199 205 208 214 237 238 247 250 263 265 266 268 272 273 276 280 295 300 0
6 10 15 19 22 27 36 44 45 46 56 58 60 73 77 78 80 88 89 102 108 110 111 115 116 122 127 131 140 143 145 147 153 159 161 163 165 172 174 177 188 196 202 207 210 214 216 219 227 228 236 241 245 246 247 251 256 274 277 283 284 292 297 0
1 7 8 10 11 13 24 35 36 41 42 48 49 50 56 57 75 77 78 80 85 90 92 99 104 107 109 118 121 123 138 139 150 152 154 204 219 235 237 240 241 244 245 253 254 255 258 261 268 270 275 278 279 281 293 295 0
8 19 30 36 37 41 44 47 56 57 70 72 77 82 83 86 93 112 118 119 120 121 124 136 137 144 146 147 154 157 161 162 168 177 181 192 193 197 199 215 216 224 227 228 229 238 243 254 255 263 264 270 287 289 290 299 300 0
18 19 24 25 29 30 35 41 44 46 49 50 53 57 59 62 63 65 70 80 83 89 90 94 95 100 102 111 116 120 122 128 129 134 138 139 143 149 152 163 172 183 186 194 196 197 202 223 229 232 233 238 241 247 249 250 258 264 268 269 270 275 280 0
8 12 15 17 18 20 21 25 26 27 36 37 48 55 60 68 69 75 81 93 100 102 109 114 116 119 122 124 129 145 147 149 154 161 167 168 170 175 176 186 188 189 194 195 197 202 203 204 208 222 223 230 232 234 241 245 252 262 273 278 287 300 0
1 12 13 18 25 26 33 45 48 49 55 56 62 65 67 78 80 81 87 95 108 110 113 115 129 143 144 146 158 168 169 178 183 204 207 209 211 213 216 220 225 236 249 251 255 259 262 264 270 272 276 279 280 282 287 289 295 0
7 8 16 17 20 22 23 27 32 35 42 44 47 50 56 60 61 63 69 71 72 79 84 89 99 114 123 126 131 135 142 143 148 155 156 157 162 164 172 179 183 192 193 194 200 203 207 208 218 222 231 232 234 236 239 244 245 248 252 270 272 274 278 279 283 287 288 292 297 0
2 11 18 21 23 28 34 38 39 51 72 77 81 85 89 106 116 120 121 124 126 127 131 140 149 150 151 153 156 158 160 167 171 179 185 189 206 213 216 221 232 244 246 258 261 262 273 274 282 285 288 294 295 297 0
1 6 7 9 14 15 25 26 37 42 50 55 61 62 65 72 76 82 84 88 91 94 100 101 107 110 113 117 118 120 124 130 132 139 148 154 159 162 163 164 178 183 191 193 197 200 206 213 215 222 234 236 242 249 258 274 285 288 294 296 297 0
5 15 31 36 38 39 60 66 69 77 78 83 94 98 99 108 109 111 112 114 130 133 135 139 147 155 166 167 172 176 188 190 193 201 206 210 211 215 216 225 247 254 264 265 267 268 271 274 288 0
1 4 16 17 18 19 20 29 32 37 48 53 56 61 65 77 78 85 86 89 90 95 101 102 106 107 112 116 121 124 138 140 141 142 169 174 178 179 180 184 185 186 190 192 194 195 197 198 200 203 206 207 209 210 211 224 227 232 236 240 245 249 255 271 281 288 290 0
1 16 23 26 27 29 31 33 43 57 58 60 64 67 70 94 96 99 100 101 108 110 128 132 134 138 145 149 156 163 168 175 181 184 186 188 191 200 201 206 208 216 218 221 230 231 234 237 242 252 253 257 265 270 274 291 294 295 296 299 0
1 2 4 6 15 16 19 28 31 39 44 49 60 63 64 65 67 75 79 81 83 86 89 91 103 116 132 136 140 151 152 155 157 166 171 175 177 180 181 185 189 192 193 199 204 205 210 216 219 223 225 239 244 247 250 259 260 262 266 273 280 281 289 291 294 299 0
1 4 12 14 17 23 30 33 35 45 46 56 65 67 68 72 75 84 86 91 93 96 104 109 111 117 120 124 128 140 146 147 152 155 160 161 168 169 178 198 206 207 213 214 218 219 221 223 227 242 243 245 246 250 252 254 258 259 262 267 270 271 272 273 276 284 290 291 292 293 294 0
4 14 16 25 40 52 54 55 58 59 71 83 89 111 113 116 117 126 131 132 138 147 148 149 158 166 171 175 179 184 191 197 205 216 218 220 222 229 232 233 238 242 245 265 268 275 277 287 298 0
7 10 12 14 20 24 32 37 43 54 62 69 77 94 95 96 107 111 119 122 126 127 136 139 141 142 163 171 172 178 180 186 195 200 212 218 226 228 231 234 239 251 259 260 262 264 266 279 284 289 290 292 297 298 0
13 22 23 29 34 44 58 60 64 65 84 85 86 90 91 92 96 99 106 107 109 111 116 118 119 124 129 134 135 139 142 144 145 148 150 153 167 179 181 183 184 193 197 204 205 206 207 208 210 212 213 216 222 227 233 234 238 240 241 248 266 272 281 283 286 290 294 296 0
3 4 8 15 20 27 28 29 30 39 42 47 48 49 54 55 62 63 70 71 104 112 113 116 117 123 129 135 148 152 158 161 162 163 167 174 186 189 192 196 197 204 213 219 220 235 237 242 246 248 257 260 263 265 268 270 281 285 287 290 297 299 0
3 12 20 27 33 43 44 48 50 53 54 56 64 76 83 86 87 89 92 95 97 101 103 104 105 111 115 117 124 130 133 134 144 151 152 156 159 160 162 166 168 172 174 176 183 188 195 223 224 228 229 230 236 240 242 253 254 258 264 269 272 274 275 277 288 290 293 299 0
4 15 16 20 21 31 32 36 37 38 39 41 46 48 56 67 72 73 75 84 86 98 102 111 115 117 118 125 128 155 166 173 175 177 179 184 186 190 193 198 199 203 206 207 208 209 211 212 216 220 225 229 237 241 246 247 248 251 254 262 265 292 299 0
4 13 16 23 24 25 27 38 56 61 69 79 86 91 93 103 108 110 112 113 123 128 136 137 144 148 163 176 177 178 195 197 207 208 220 223 224 231 232 234 236 238 247 251 253 254 262 265 267 268 283 295 299 0
1 5 8 10 18 22 30 33 47 51 66 91 110 112 113 114 128 130 151 163 168 185 189 190 198 207 209 211 225 228 232 235 240 241 242 245 248 250 252 259 276 285 286 294 297 299 0
4 12 19 25 27 28 30 31 33 36 47 49 64 67 69 75 76 77 85 90 92 109 110 119 126 130 137 140 152 153 154 164 173 186 187 191 202 211 212 223 224 230 234 242 259 266 276 284 293 294 0
1 22 28 37 40 41 45 47 60 65 70 94 102 110 121 133 135 143 151 153 158 160 162 169 172 173 178 182 195 202 207 221 228 230 235 238 242 250 251 253 258 260 261 262 264 267 272 273 274 275 276 279 292 298 299 300 0
3 8 10 11 13 20 24 25 30 32 37 41 42 46 47 50 55 57 66 69 71 72 78 90 98 100 104 105 106 113 121 131 134 158 162 173 177 183 184 186 192 198 212 214 215 222 225 228 246 252 260 264 268 272 279 283 291 299 0
5 9 10 17 25 36 37 46 47 59 60 70 86 87 91 93 100 117 135 149 150 151 156 160 167 174 186 193 194 202 209 210 212 215 216 227 232 239 247 255 262 276 278 280 287 292 0
7 9 21 28 37 40 43 46 47 49 55 65 67 86 92 97 100 104 110 123 126 127 135 140 154 159 160 164 166 168 174 182 189 197 202 204 210 214 215 219 222 226 237 239 241 243 244 247 250 253 260 267 269 270 271 275 283 289 0
1 3 12 21 33 34 38 48 51 60 61 71 73 75 79 80 81 85 86 89 92 111 113 130 139 151 156 157 168 172 192 194 197 206 207 215 219 221 222 228 235 248 258 260 262 268 269 272 285 287 300 0
5 6 7 13 25 52 54 62 64 68 77 83 84 86 92 103 109 120 123 124 125 132 136 139 140 143 145 154 161 164 167 171 172 176 180 183 191 197 200 201 203 206 210 214 215 219 222 230 231 232 234 243 246 250 257 260 262 263 265 284 285 287 292 293 299 0
4 7 10 17 19 21 26 30 34 39 40 53 56 58 61 64 73 76 78 81 86 91 102 107 108 111 118 120 121 128 134 138 157 161 165 166 171 173 187 193 200 210 224 230 236 237 239 240 247 266 274 275 282 292 0
7 15 16 21 25 33 36 37 39 44 47 51 57 61 63 66 71 83 86 87 96 97 99 107 111 116 122 128 133 137 138 144 149 154 159 163 175 177 187 188 190 197 205 207 217 223 227 228 240 241 248 253 268 270 280 283 285 294 298 0
1 14 16 17 20 22 27 38 39 43 45 49 50 52 53 65 67 73 80 87 88 89 91 96 99 103 105 108 112 116 119 120 123 129 130 141 142 147 161 163 166 173 174 182 188 207 210 218 220 224 225 226 232 237 240 245 249 253 258 261 262 263 264 270 273 275 277 280 289 290 0
3 5 11 15 18 29 36 47 51 60 63 65 68 71 73 74 84 90 91 96 100 102 106 110 121 128 129 133 140 141 146 157 183 184 186 197 202 205 211 212 218 219 225 226 228 233 237 255 256 258 267 272 276 277 282 288 295 0
11 14 18 19 21 22 28 31 33 35 40 41 49 50 59 66 69 72 81 82 90 91 97 103 107 114 117 120 121 123 124 126 130 139 149 152 156 158 166 170 178 181 186 196 198 200 209 211 216 220 225 227 229 238 239 243 261 268 275 292 293 296 0
3 9 11 12 13 19 21 24 25 31 34 36 45 66 69 72 73 74 80 81 84 88 101 106 120 125 126 129 135 139 144 152 155 163 165 169 173 174 179 182 195 198 201 208 211 213 217 225 226 227 229 231 235 241 262 263 266 273 277 281 282 288 290 293 0
5 11 28 38 39 45 50 54 55 65 66 68 70 71 73 75 76 77 80 84 107 110 114 122 125 126 127 140 156 164 171 174 175 184 187 188 191 199 210 212 222 223 227 229 233 236 240 241 243 258 259 261 265 269 287 288 289 290 291 293 0
2 9 16 20 22 23 24 28 30 33 35 37 44 46 47 55 57 61 68 78 79 81 96 103 105 108 114 116 119 122 135 143 148 149 151 155 157 162 169 174 183 194 196 204 220 228 246 253 256 266 277 280 282 285 292 297 299 0
12 21 24 25 29 31 33 39 50 65 72 76 83 87 94 101 110 114 128 129 130 132 135 138 139 140 148 152 159 162 165 169 176 178 179 190 193 194 200 209 211 212 213 219 222 229 230 231 234 238 239 245 247 249 254 256 257 261 268 270 275 279 0
1 5 16 26 38 39 48 49 50 51 53 61 65 70 71 85 94 95 98 105 108 118 120 130 137 142 144 146 147 155 160 162 163 164 165 167 170 178 189 201 206 212 215 218 231 234 239 246 247 251 254 256 260 261 273 278 279 288 292 297 0
4 7 14 18 20 21 23 24 26 33 61 62 67 72 81 82 86 87 90 97 108 109 112 113 122 125 129 138 141 142 143 150 151 161 165 176 177 179 180 181 187 188 189 191 209 224 237 240 242 247 248 249 251 253 257 260 262 264 265 266 269 278 279 280 288 290 0
1 10 14 26 28 31 38 44 46 48 59 82 98 114 116 117 119 123 125 135 144 146 156 158 161 164 169 174 177 181 189 190 191 192 193 194 196 198 199 203 207 210 211 214 225 228 235 244 253 254 255 258 265 267 271 278 279 284 292 297 300 0
2 3 7 11 13 20 28 29 47 48 51 59 68 71 80 81 82 86 87 88 90 91 100 101 103 104 109 112 113 120 122 124 126 137 143 145 154 156 175 176 182 185 186 193 194 195 198 205 226 231 232 237 241 244 245 246 257 261 269 271 275 278 281 283 284 290 291 292 0
2 7 11 20 29 36 38 43 50 54 60 62 66 68 71 72 74 81 83 88 92 93 95 96 102 103 111 119 121 134 143 147 150 158 169 170 172 173 178 183 186 190 193 196 201 203 209 217 225 226 235 236 239 246 249 250 256 259 266 280 283 285 296 297 0
2 3 5 13 30 32 38 41 43 51 53 54 72 73 84 92 94 95 103 113 116 131 145 148 150 156 160 162 167 168 171 173 177 179 184 187 188 189 192 200 203 206 213 214 216 217 238 240 242 244 250 261 264 271 278 285 292 293 299 0
5 8 10 12 32 41 45 48 51 63 68 69 76 87 92 96 103 107 109 115 116 123 124 135 151 155 180 185 187 189 191 202 212 215 216 231 233 236 238 246 251 253 255 265 274 278 281 289 290 294 296 0
5 8 9 15 20 32 37 46 47 49 54 59 61 74 78 79 80 89 92 105 112 115 118 120 126 127 130 133 136 149 162 167 172 175 179 183 198 204 209 215 226 233 239 243 249 251 257 260 264 266 271 277 278 283 284 285 294 297 0
5 11 28 31 35 39 42 43 47 48 51 53 62 65 69 72 73 78 79 87 93 101 102 107 111 124 125 127 135 146 147 148 151 158 159 163 167 168 170 176 186 190 191 194 196 202 204 206 211 222 232 241 253 255 257 270 280 288 289 293 297 298 0
1 24 25 33 35 39 40 44 46 47 58 59 61 67 74 77 79 89 94 96 97 99 100 101 102 103 107 109 114 115 119 121 130 138 141 142 145 148 162 165 167 171 172 181 183 187 189 197 198 199 201 213 220 221 228 232 235 241 243 245 249 256 268 270 272 274 276 283 286 287 0
3 10 11 13 19 30 35 41 45 47 49 51 53 56 60 66 67 68 88 89 95 102 109 110 128 133 144 145 146 148 149 150 158 168 174 185 190 193 194 199 204 210 214 215 218 222 226 227 228 234 239 245 252 253 257 259 261 263 264 266 274 286 288 290 300 0
2 8 9 25 36 44 48 50 66 76 78 81 92 93 97 101 107 108 111 112 115 119 125 133 135 149 153 160 170 178 179 181 190 191 197 206 216 218 219 220 224 227 242 245 252 254 255 259 262 263 275 280 281 299 0
1 7 13 20 34 41 50 52 58 61 93 99 102 103 105 116 118 120 121 134 139 140 143 147 152 157 158 160 165 174 176 180 184 192 196 199 200 201 203 212 213 215 217 219 226 228 233 234 238 243 255 270 274 275 276 277 282 287 289 292 294 295 297 0
9 10 14 16 19 25 30 37 47 50 52 60 63 67 68 71 74 78 81 84 93 95 98 103 109 110 114 115 122 123 124 125 127 131 136 141 142 146 147 155 159 170 176 181 187 190 197 207 208 212 218 219 225 231 233 237 244 246 253 257 259 270 273 282 286 290 291 293 296 0
19 24 34 53 69 79 82 83 89 116 122 126 133 135 138 140 144 147 150 153 156 166 170 196 198 203 215 224 226 228 230 234 236 237 247 251 252 257 264 267 269 279 285 291 293 295 298 0
1 10 17 20 22 25 29 39 42 45 46 55 63 64 72 76 82 93 94 95 102 114 118 119 121 122 125 127 134 137 140 147 148 152 153 155 160 169 174 175 183 184 188 195 197 202 203 209 214 215 226 227 228 242 243 245 246 247 254 265 272 279 281 283 287 288 294 300 0
1 2 9 19 24 26 42 43 45 56 59 70 83 101 102 112 123 124 129 130 138 141 150 158 164 215 217 221 230 245 249 256 262 263 270 271 276 277 293 294 299 300 0
5 9 11 17 19 22 25 27 39 40 41 51 53 54 56 64 70 96 98 108 113 124 125 144 150 156 158 167 168 169 170 172 181 184 190 192 197 198 199 201 202 204 206 210 212 218 220 221 222 223 225 227 235 247 248 253 266 268 270 271 272 279 282 283 284 296 297 0
9 17 18 20 25 32 33 37 47 52 54 55 58 59 66 72 74 81 83 89 95 100 106 107 116 143 151 156 158 166 168 193 194 197 201 202 203 211 219 223 224 226 233 234 241 242 243 245 247 249 253 263 265 267 272 277 285 287 292 0
2 9 13 16 21 25 27 31 33 38 39 44 45 47 49 52 53 55 69 71 72 74 81 85 87 88 94 95 97 99 101 117 118 128 134 138 139 151 156 158 164 167 169 184 186 189 190 199 206 212 213 214 222 228 229 232 234 243 246 264 267 279 280 286 289 293 298 0
2 4 11 12 16 18 25 26 28 34 43 47 65 71 75 79 81 85 86 107 109 122 127 131 133 141 144 147 153 155 159 163 165 166 178 192 195 196 200 210 237 239 240 241 254 262 263 266 269 270 279 288 289 299 300 0
1 6 7 8 15 16 21 23 38 41 44 48 55 64 65 68 71 72 73 86 90 93 95 99 100 102 107 112 121 127 130 143 144 148 154 158 164 170 175 182 183 187 190 192 194 195 198 200 203 204 209 213 218 228 237 242 243 252 253 254 280 282 289 291 292 294 0
7 8 13 26 33 35 41 43 54 62 75 79 88 90 107 109 112 114 115 116 118 124 126 128 129 131 132 144 146 150 161 172 184 188 192 193 206 210 212 217 218 219 222 227 230 235 236 254 257 259 271 275 276 278 280 281 287 295 297 300 0
1 10 12 13 19 23 29 30 40 41 44 49 51 54 55 59 64 67 70 71 76 86 89 98 100 102 104 109 112 120 129 130 131 136 137 138 142 143 151 158 159 164 166 170 176 179 181 193 194 196 205 224 226 231 234 239 242 249 250 277 284 287 0
9 25 28 37 41 44 45 49 55 62 65 67 68 70 72 77 85 92 100 105 111 114 123 133 137 141 142 146 155 163 164 171 178 179 181 194 197 203 204 207 209 229 232 245 251 255 260 263 264 268 269 271 274 278 281 284 285 286 287 291 295 300 0
3 5 6 7 12 17 21 22 25 27 31 34 40 45 46 51 57 66 82 86 88 92 95 103 105 107 108 112 126 128 136 137 138 147 149 153 155 161 162 165 172 173 179 190 197 207 208 225 226 228 229 235 236 237 241 244 245 247 253 254 264 266 277 283 287 291 292 297 300 0
8 11 17 21 22 34 35 36 38 42 46 48 51 65 75 78 80 94 96 103 107 109 110 115 119 127 131 132 140 145 149 151 152 153 162 167 169 180 181 199 206 207 209 210 217 219 230 234 235 239 244 250 255 258 268 270 283 290 298 0
2 15 16 26 29 34 36 39 40 41 42 49 57 58 70 80 92 97 110 126 130 136 144 145 152 157 168 169 177 185 190 192 199 201 209 216 220 222 223 224 226 229 234 236 254 256 257 264 269 273 280 282 285 300 0
5 8 11 17 22 23 29 33 37 42 51 53 54 58 66 69 76 79 89 93 95 97 101 111 113 114 117 119 124 138 141 144 145 147 154 157 161 162 178 179 180 189 193 194 202 205 209 211 212 217 219 221 222 223 227 237 238 253 262 267 269 274 277 281 286 290 292 293 0
6 10 19 20 25 29 30 32 33 36 39 43 47 49 53 58 71 80 82 84 98 100 107 115 123 124 128 133 136 139 144 147 156 157 171 179 187 188 196 199 201 203 208 209 234 243 246 255 260 274 290 293 294 295 297 0
9 12 15 16 20 22 33 37 38 42 56 57 59 72 74 79 80 81 85 86 87 89 93 103 117 120 131 133 135 137 152 153 157 158 166 167 171 175 177 181 183 191 196 201 204 211 212 221 222 228 229 231 236 242 257 258 281 284 285 291 296 298 0
6 9 15 16 22 26 28 29 32 36 39 41 44 50 57 58 63 64 66 74 75 76 80 81 85 87 90 91 96 103 106 108 121 126 130 136 137 141 150 155 160 162 163 164 166 168 169 180 181 192 193 200 212 219 220 222 231 233 234 240 243 256 259 278 280 281 284 287 292 293 294 295 0
7 20 22 31 40 45 46 48 58 74 75 77 83 84 86 88 98 100 108 113 122 128 139 145 147 148 161 170 174 175 180 181 183 184 187 190 191 193 195 201 210 213 214 215 220 221 222 225 233 238 250 257 264 268 285 289 292 295 0
3 18 20 22 27 29 30 37 40 46 52 63 70 71 75 83 85 86 87 91 98 99 104 106 109 113 121 125 126 136 137 140 162 164 168 170 173 174 191 203 214 227 231 232 240 241 254 258 259 263 265 266 271 277 282 287 0
8 9 15 21 28 41 65 70 86 87 92 93 94 95 100 111 112 116 118 120 127 129 132 136 137 142 149 156 157 160 164 167 171 179 180 197 198 199 205 206 213 216 226 230 233 234 235 236 237 239 242 254 255 256 265 271 272 275 276 286 289 293 297 298 300 0
6 7 8 9 10 17 18 20 28 39 46 47 48 58 59 75 79 81 86 87 91 97 98 100 103 113 125 133 145 146 153 169 173 178 179 181 182 187 196 197 199 200 220 231 234 238 248 251 259 260 266 273 281 293 0
6 16 19 24 30 32 38 41 42 51 52 54 56 57 61 64 67 71 85 91 103 107 108 110 112 119 121 124 138 141 145 146 147 150 161 170 179 193 197 207 211 219 227 236 243 247 251 255 256 258 267 268 270 272 275 285 293 295 296 0
1 6 13 14 15 21 24 25 36 38 39 41 43 49 53 56 73 80 81 94 95 97 98 99 102 104 105 110 122 141 144 156 160 164 178 186 200 203 210 214 215 221 222 227 232 233 234 236 239 240 241 242 243 245 249 250 261 263 273 277 281 282 289 291 293 300 0
6 15 30 37 42 45 49 55 56 74 76 87 90 100 101 108 112 116 128 129 130 135 139 142 145 147 151 157 158 162 164 169 171 180 184 190 192 193 194 206 210 211 214 231 233 238 239 240 244 248 250 256 266 268 269 276 280 281 283 293 295 298 299 0
16 17 18 28 31 33 40 46 48 57 68 69 73 82 84 90 99 101 106 107 111 115 119 130 132 135 136 137 145 149 150 166 178 180 182 183 189 191 198 205 211 219 221 225 229 231 237 239 240 241 252 256 262 267 272 274 276 284 289 290 292 293 297 298 0
14 25 32 38 45 58 63 64 70 71 73 79 80 82 91 93 104 107 115 117 126 127 128 141 148 150 156 157 163 167 170 175 180 186 211 217 218 222 233 239 242 247 249 251 256 261 263 265 267 271 272 275 294 295 0
2 5 11 19 22 25 29 30 31 34 35 42 45 51 54 57 58 63 65 68 70 71 78 90 103 114 118 120 121 122 130 144 152 174 181 187 189 192 193 196 200 204 206 209 214 220 223 225 228 235 245 247 250 255 268 269 271 274 285 289 291 292 0
1 6 13 14 15 23 33 35 39 46 52 66 75 76 80 84 85 86 100 103 108 110 121 123 141 150 160 162 165 167 174 178 192 204 206 211 214 215 227 229 242 246 247 256 271 281 282 283 286 296 0
1 9 11 19 20 25 29 36 42 46 47 49 54 63 64 68 71 76 81 87 89 94 103 106 111 113 117 119 124 127 131 140 143 148 153 157 158 161 170 171 180 185 191 198 200 201 203 207 208 209 215 221 222 228 232 236 239 240 243 244 247 255 257 263 273 280 283 285 291 298 0
3 8 18 36 37 47 74 76 80 89 91 98 99 103 105 119 125 128 135 140 145 147 152 164 167 170 176 178 195 201 207 209 213 218 227 228 231 235 241 247 267 268 272 280 281 284 292 0
10 15 20 27 28 31 33 49 50 52 53 54 56 58 61 62 68 70 73 76 81 85 94 98 114 120 124 130 135 149 150 152 164 172 177 182 189 193 196 201 204 213 218 219 230 231 232 233 238 239 242 250 251 259 261 265 272 286 291 295 299 0
3 12 13 16 18 29 47 63 72 79 82 86 91 101 109 110 113 117 127 129 131 133 134 135 136 138 142 148 157 161 175 178 191 192 193 194 195 197 198 199 226 227 229 232 234 239 243 249 255 258 266 269 272 284 285 291 298 300 0
4 12 24 25 29 33 46 51 59 60 61 65 66 70 71 75 83 88 108 116 117 118 123 135 136 137 141 160 167 169 174 177 178 180 185 194 203 204 209 223 225 227 228 230 231 237 245 249 251 254 261 262 266 267 270 272 273 275 277 280 286 298 0
5 11 19 25 26 31 33 40 43 48 49 51 52 56 57 58 59 62 67 73 83 88 91 93 95 100 106 110 112 118 119 122 124 127 128 131 135 142 156 161 165 170 171 172 173 177 183 187 191 199 212 215 224 228 229 233 235 241 246 248 257 260 267 272 273 275 279 281 282 283 286 288 298 0
19 24 27 28 41 45 59 63 77 79 86 97 105 110 115 122 124 126 127 135 141 142 143 146 150 156 158 161 165 166 174 191 193 196 199 205 210 214 221 227 231 236 238 240 245 254 266 269 276 287 290 294 0
8 10 22 24 30 31 39 42 43 52 60 68 75 76 80 86 89 91 92 114 115 121 125 127 128 132 137 138 139 147 154 156 161 175 176 177 179 185 189 190 195 211 214 216 217 220 240 246 249 254 255 269 272 273 274 288 295 0
4 22 30 40 45 49 60 69 77 79 107 109 110 113 119 121 131 137 150 152 161 165 167 168 170 174 190 191 198 200 210 216 219 222 228 232 241 243 251 255 260 261 264 265 280 282 283 287 300 0
3 4 14 18 19 21 26 32 36 39 40 44 45 48 52 56 60 67 68 70 90 93 96 100 114 120 124 128 136 148 154 156 157 158 162 164 165 174 179 189 190 191 197 198 212 213 217 230 232 233 234 238 240 244 249 251 253 256 257 264 279 280 292 0
2 3 4 6 10 16 27 30 31 32 36 40 47 48 49 50 63 71 74 86 89 90 94 95 96 108 112 115 116 124 134 135 145 157 161 164 182 189 191 196 199 211 221 223 228 241 244 245 255 258 264 266 270 275 276 278 282 283 286 290 0
3 5 10 11 15 17 25 29 31 32 44 45 64 69 71 79 93 96 98 102 104 111 113 119 130 134 148 155 164 166 167 169 171 172 173 178 179 184 190 196 200 202 211 212 220 224 230 233 242 245 246 251 253 258 260 277 282 292 0
8 11 19 20 23 27 31 33 36 37 40 44 51 57 62 67 69 72 75 76 77 83 97 98 99 103 106 108 110 112 113 119 123 127 140 141 146 150 165 167 171 174 176 177 178 182 189 190 198 199 208 217 219 229 230 234 236 239 241 242 249 250 263 266 269 270 272 277 285 287 288 299 0
1 6 10 15 27 36 54 62 74 79 83 85 87 89 95 97 107 108 109 112 116 117 118 125 128 131 136 143 155 163 167 171 172 174 177 181 183 186 190 191 193 198 200 204 210 211 214 216 218 223 224 225 226 227 230 236 241 242 259 263 270 277 280 285 288 290 299 0
2 7 10 15 18 20 26 31 35 38 41 48 52 55 58 59 63 67 70 71 75 82 86 105 106 109 124 127 143 145 148 151 159 173 180 183 185 191 194 202 203 206 211 213 216 217 218 226 228 237 242 249 251 253 254 278 288 289 290 298 0
1 3 8 9 11 12 20 24 30 38 39 40 42 45 49 51 57 59 61 64 69 73 83 87 88 90 92 99 105 106 115 125 134 135 136 146 147 149 150 151 156 159 161 163 164 172 173 178 195 207 215 216 219 220 221 240 250 258 260 262 264 266 268 285 288 289 300 0
4 5 7 13 14 16 18 19 24 28 37 39 44 50 52 53 57 62 64 71 73 76 81 82 84 87 90 91 92 93 97 98 101 111 120 126 127 131 135 136 148 155 158 163 164 177 178 179 181 184 186 187 192 193 195 197 200 205 211 214 223 226 233 243 263 267 270 272 276 277 279 280 291 295 0
3 6 8 9 12 14 15 19 22 24 29 30 31 37 38 39 40 42 43 52 59 68 69 72 76 85 89 92 94 113 114 122 124 130 134 135 140 145 152 155 171 172 175 176 179 182 184 185 198 202 206 207 210 219 220 221 234 238 240 241 245 252 263 265 272 275 283 285 294 296 300 0
6 15 16 27 28 30 31 33 35 42 57 60 62 70 72 78 81 87 90 93 94 104 110 127 133 136 143 148 161 167 178 180 181 182 186 188 189 197 220 222 223 224 225 228 229 230 236 242 252 256 257 258 260 265 279 292 296 0
10 14 16 17 19 21 22 30 36 37 44 46 48 57 58 68 76 92 97 98 99 101 104 107 108 111 135 148 151 154 155 178 182 184 187 190 198 210 212 214 220 222 225 226 229 234 241 243 246 247 254 259 260 267 272 287 291 293 299 0
3 4 8 15 22 28 29 48 49 53 56 58 63 71 76 79 80 84 91 92 95 98 101 103 108 118 121 123 131 147 153 154 155 162 163 164 166 175 179 183 187 189 190 193 200 201 206 211 213 214 233 236 237 239 242 247 256 257 261 269 272 273 274 276 280 290 293 296 0
3 5 30 32 37 40 45 46 48 49 61 62 65 67 68 69 72 108 110 118 125 131 146 147 155 156 169 176 179 180 182 186 203 211 212 215 219 230 236 237 248 251 258 259 261 264 267 279 289 290 296 0
15 32 37 45 50 52 58 61 63 77 80 82 83 86 101 112 115 118 133 145 150 154 158 160 164 177 190 196 197 198 199 201 202 203 207 208 214 215 219 221 222 251 257 258 262 264 266 270 279 286 298 0
9 11 17 24 27 28 29 35 39 40 41 46 49 51 54 59 62 63 69 80 81 85 88 89 91 96 99 112 113 119 121 127 133 148 157 158 162 164 169 184 195 207 216 221 222 226 230 238 239 254 256 261 262 268 269 280 283 286 290 0
4 6 8 9 15 22 23 38 42 50 51 52 61 67 73 75 77 80 88 89 96 99 100 107 112 114 131 134 135 145 149 154 156 157 159 173 177 193 195 212 213 218 220 224 228 229 230 238 243 248 255 262 263 264 265 266 268 271 277 280 286 297 0
14 20 21 22 30 31 34 41 46 47 54 67 68 70 71 84 85 87 90 92 100 103 104 105 115 119 127 128 134 135 146 151 153 167 168 177 185 189 192 196 202 213 222 235 236 239 240 241 244 252 264 266 272 278 286 296 0
1 4 8 16 19 34 36 40 43 52 56 59 60 62 64 94 95 99 103 105 106 112 120 124 128 130 142 143 150 152 157 159 165 166 173 190 191 199 201 203 216 229 231 234 235 249 253 258 262 267 270 273 282 287 288 293 297 298 0
3 8 9 11 14 16 24 27 31 33 37 42 50 59 63 74 81 83 84 92 95 101 104 120 141 145 146 147 149 163 166 168 171 174 175 179 185 187 188 190 196 197 201 206 210 221 235 237 241 250 253 257 276 278 293 295 297 300 0
5 7 11 15 20 28 36 37 40 41 54 70 72 74 87 90 105 110 112 113 118 121 122 123 124 125 127 131 142 151 157 160 161 163 167 170 171 176 177 182 195 199 204 208 212 225 228 232 235 243 247 257 265 266 268 271 273 275 276 278 281 284 294 295 296 297 0
7 8 9 11 13 14 17 21 22 25 28 33 34 35 36 38 40 43 52 54 55 58 68 81 85 90 102 103 107 119 122 123 127 132 137 138 145 148 154 175 178 181 189 199 202 211 214 219 221 223 228 230 232 235 236 237 240 253 258 262 263 271 272 279 286 287 290 295 297 298 0
4 7 13 25 28 37 38 40 46 48 49 50 60 67 74 76 81 84 85 89 104 105 112 124 125 129 133 149 153 162 170 173 178 180 187 192 197 206 210 211 221 223 228 232 240 243 248 251 254 259 269 278 279 287 295 296 298 0
1 3 11 16 20 24 27 33 36 37 43 45 52 56 68 72 73 84 86 90 92 94 100 101 102 116 117 118 120 123 138 151 157 159 160 164 168 174 177 181 185 199 203 212 214 215 216 218 227 232 233 234 245 247 253 259 261 264 276 277 286 0
1 12 36 48 55 58 60 62 63 66 68 72 73 74 76 97 100 110 122 127 128 129 135 139 140 143 148 149 155 156 158 160 167 177 179 182 183 191 195 197 200 205 208 212 213 219 220 224 230 231 237 239 247 250 253 260 268 269 274 287 288 293 0
9 12 19 27 32 36 37 44 48 52 55 56 59 61 68 71 72 74 76 77 79 83 91 98 108 116 121 129 131 139 143 148 149 161 163 166 179 180 189 195 201 208 212 214 215 218 223 225 227 237 238 239 245 249 253 271 272 273 275 276 283 284 285 287 290 291 0
1 2 9 26 28 30 35 39 41 52 61 63 66 68 70 74 77 83 88 98 100 105 109 114 115 131 139 141 142 157 164 170 171 172 173 176 188 197 199 200 201 217 229 236 238 239 242 246 253 262 268 270 273 275 279 281 284 285 293 294 296 298 0
4 8 12 20 22 23 27 28 39 51 61 72 77 78 83 85 89 102 104 115 117 121 122 128 135 140 148 151 154 159 163 164 167 168 170 174 179 198 199 200 214 224 227 232 256 261 270 271 272 281 287 290 293 296 297 0
1 2 3 7 17 21 35 41 44 45 47 53 57 65 75 77 78 80 85 94 99 101 102 107 114 117 119 123 127 130 140 146 153 158 162 168 181 183 188 189 197 199 201 203 207 214 216 225 232 233 234 243 244 245 247 252 253 260 268 275 278 281 282 288 290 291 292 295 297 0
5 8 19 21 27 30 32 38 41 44 67 76 80 89 92 96 118 119 122 134 135 140 143 146 158 160 165 176 177 178 179 183 188 206 209 214 220 225 226 231 238 247 252 256 261 262 266 272 274 276 279 283 284 298 0
11 19 22 26 29 32 43 47 49 57 65 67 68 69 73 74 81 94 122 124 127 128 146 148 149 161 183 184 186 190 192 195 196 200 211 213 215 217 218 224 229 233 234 239 248 250 255 256 284 290 291 292 300 0
7 10 12 21 22 24 28 33 38 46 53 54 65 75 77 84 85 88 89 101 104 115 122 127 129 130 134 140 142 145 158 161 163 176 178 187 192 193 195 201 205 207 212 223 224 231 238 240 259 265 268 271 276 277 283 289 291 295 0
1 7 13 21 25 28 31 35 36 37 39 43 47 53 57 60 68 70 72 80 85 89 90 94 101 102 103 113 118 121 124 133 136 148 149 166 167 168 169 173 184 188 189 190 195 200 201 203 206 227 229 234 237 243 249 250 256 257 261 277 278 280 282 288 300 0
4 5 21 23 25 29 30 37 41 51 60 70 78 79 84 88 89 90 91 94 95 98 101 103 111 114 121 122 129 134 139 141 144 161 162 164 175 176 187 195 196 198 200 212 213 216 222 225 226 227 229 244 258 260 261 266 271 272 274 278 279 280 289 0
4 10 12 13 15 28 29 31 42 52 82 86 93 105 119 121 138 147 150 151 152 154 157 160 161 167 168 174 175 179 189 192 195 196 200 213 222 232 236 238 242 243 244 254 258 266 270 279 282 287 299 0
2 6 9 11 19 26 29 30 35 38 44 55 58 63 68 69 79 82 86 102 106 109 116 120 121 137 143 144 148 149 150 151 160 162 163 167 173 180 181 187 190 194 198 201 204 208 209 212 219 235 244 248 253 254 256 265 267 269 270 274 280 0
2 4 5 12 13 26 33 40 42 46 59 61 62 65 66 74 77 78 83 85 105 109 117 124 126 128 134 138 146 152 153 160 163 164 165 166 171 176 177 180 185 186 196 206 207 209 213 221 224 225 232 234 237 247 258 259 262 263 267 271 288 289 290 292 293 299 0
1 2 3 5 12 15 16 24 36 39 42 45 49 50 51 53 59 61 76 80 82 97 98 102 103 112 122 126 132 135 139 147 152 160 164 181 192 193 197 205 222 224 226 235 236 244 253 255 277 283 289 292 0
4 5 6 7 19 23 24 36 37 39 59 66 73 80 84 88 89 91 95 101 103 114 117 122 132 146 154 155 156 159 163 165 179 181 186 191 192 197 199 201 204 222 225 227 246 250 254 256 265 275 280 294 297 0
1 4 41 42 43 53 55 61 63 73 74 77 78 84 86 88 95 101 114 115 126 133 136 147 149 150 160 163 167 177 188 189 200 211 213 217 219 222 226 227 233 236 237 238 246 247 248 249 253 264 272 273 274 282 285 288 290 296 297 300 0
9 10 20 22 27 28 31 37 39 45 58 59 66 71 72 77 92 99 102 103 104 106 109 111 121 123 124 128 129 132 134 135 136 141 142 146 154 161 163 164 166 168 170 173 178 180 181 191 197 200 202 206 207 208 223 226 227 246 250 255 257 271 273 275 276 280 281 296 0
5 10 13 19 20 35 41 52 53 54 57 58 64 67 70 73 74 82 83 85 87 91 104 113 118 134 151 163 172 174 189 193 195 196 198 200 210 216 220 225 232 237 255 259 261 262 279 281 283 284 286 297 299 0
1 3 4 5 10 12 17 29 37 39 41 44 49 59 61 67 68 69 73 76 86 88 107 114 116 123 127 131 135 136 137 144 150 161 162 168 176 180 183 194 196 198 201 202 203 220 237 240 245 249 251 253 255 257 268 269 282 295 0
