100 12
2 3 6 13 21 22 23 26 34 36 41 43 44 45 47 48 49 55 56 60 63 64 66 67 70 71 72 74 75 83 84 85 90 92 0
1 4 7 8 11 14 15 16 26 29 30 31 35 37 38 39 43 45 47 49 50 53 54 55 60 61 62 64 67 69 70 74 75 76 77 84 85 99 0
2 4 5 7 11 12 13 15 18 22 26 29 32 34 36 37 38 40 41 42 47 48 49 51 53 54 60 61 66 67 70 71 75 77 78 79 80 84 89 91 93 95 97 98 0
2 4 6 9 10 11 16 19 26 27 29 31 33 35 39 42 43 44 52 56 57 59 60 71 72 75 82 83 84 93 98 99 0
11 12 14 18 22 27 29 30 35 37 43 46 48 60 61 62 66 70 73 76 82 84 88 95 96 97 98 100 0
1 2 5 6 7 11 18 22 23 24 28 30 32 34 36 37 44 48 55 56 59 60 72 73 77 81 82 92 93 95 0
1 7 11 17 25 27 32 33 43 44 45 47 50 52 55 57 58 65 75 79 85 91 93 94 95 98 100 0
5 8 10 12 17 21 22 24 25 26 27 30 34 35 37 41 42 43 44 46 47 48 55 62 63 64 65 69 73 75 77 84 86 89 91 92 93 94 98 0
4 5 6 9 10 12 13 18 19 20 21 23 25 27 30 32 33 35 37 38 39 40 41 47 57 61 62 65 67 68 69 82 84 85 86 91 92 96 98 99 100 0
4 6 10 13 18 21 24 25 29 39 41 45 46 48 50 56 57 59 62 64 77 78 80 82 83 86 88 91 92 96 99 0
4 6 9 14 15 21 23 26 27 30 34 40 51 55 56 57 58 59 61 62 63 66 78 81 83 89 91 93 96 97 0
1 2 3 6 10 14 18 25 29 32 39 40 44 45 48 54 56 58 59 61 65 66 67 71 74 76 78 81 82 83 86 87 91 96 100 0
