100 40
1 10 14 15 20 24 29 32 34 43 45 49 64 85 96 0
19 21 28 29 31 45 46 52 54 59 61 66 91 0
10 44 49 50 64 65 76 95 99 100 0
6 7 18 23 27 28 34 41 44 48 63 74 77 78 81 88 99 0
12 17 24 26 28 38 46 49 79 82 88 89 93 94 96 99 0
10 21 24 39 41 43 54 59 64 75 82 87 0
6 19 22 31 41 49 69 79 94 98 0
3 5 11 20 21 26 27 43 48 54 57 62 63 64 67 69 71 76 78 81 95 98 100 0
4 16 18 33 66 71 77 80 85 91 94 0
7 14 16 27 40 41 49 50 65 66 76 86 100 0
12 14 24 25 26 41 57 72 74 96 0
6 12 15 27 32 46 50 53 55 56 61 64 66 80 87 0
3 5 8 9 26 39 41 42 51 53 63 69 78 80 98 0
24 30 33 35 43 71 83 85 92 0
2 16 45 46 47 57 69 71 74 76 81 83 93 0
7 13 29 30 41 43 49 57 69 83 0
29 31 47 49 50 67 75 80 88 92 93 0
6 8 22 29 37 42 53 59 63 68 69 76 94 97 0
2 5 10 20 24 27 35 41 45 46 51 60 65 91 93 94 98 0
10 12 16 22 36 51 52 59 79 85 0
3 8 15 16 18 22 33 35 45 56 68 79 0
5 8 14 27 33 38 40 50 53 56 70 72 74 75 82 84 90 94 0
9 34 39 59 66 67 74 75 79 80 81 84 85 100 0
21 23 28 31 35 39 50 51 53 57 61 62 63 84 96 98 0
7 11 36 59 69 77 87 88 92 94 95 96 100 0
1 3 7 10 16 17 18 25 27 31 33 57 65 89 97 0
2 13 16 17 29 42 46 51 53 55 70 71 74 75 79 81 98 100 0
2 5 11 13 16 32 46 63 72 86 0
6 7 9 11 16 19 20 31 34 37 40 51 55 58 81 82 86 91 95 0
5 8 14 19 20 22 25 26 32 38 40 42 45 50 73 75 79 88 0
2 10 12 14 17 18 33 35 45 51 65 78 79 80 94 98 0
3 14 20 23 26 35 41 43 46 55 60 68 69 85 90 94 0
6 14 18 21 25 26 29 31 49 61 71 73 81 92 93 94 0
6 11 30 32 33 41 58 79 81 93 0
8 10 14 40 41 48 66 71 73 75 81 91 99 100 0
12 28 30 35 44 50 85 96 0
4 7 9 12 15 18 28 30 33 35 45 58 61 67 68 75 91 92 0
5 10 29 36 37 62 100 0
6 27 41 56 65 68 80 92 93 97 99 0
3 6 11 16 23 26 33 45 49 51 53 61 63 64 69 73 74 99 0
