100 21
3 7 17 32 39 46 54 60 61 85 91 97 99 0
23 24 25 36 37 47 48 54 59 67 68 69 71 77 81 93 94 0
12 13 15 19 21 28 42 47 49 52 60 63 65 67 73 79 81 86 88 96 0
3 6 11 16 37 42 52 59 63 65 70 73 79 84 85 87 89 0
3 6 11 16 20 21 22 23 26 28 30 32 33 37 38 41 42 43 47 49 60 71 72 74 78 79 83 85 88 90 94 98 99 0
1 2 3 5 11 19 27 28 34 56 66 67 73 78 87 88 90 91 92 0
5 14 16 22 33 34 35 36 41 44 47 54 55 63 65 67 69 72 78 84 91 93 98 100 0
1 9 17 18 45 47 51 62 64 65 66 71 75 76 85 91 92 96 100 0
4 5 7 12 13 15 18 25 29 38 41 42 46 55 61 64 76 80 81 86 0
1 9 12 14 20 25 28 31 37 38 42 45 60 61 64 71 75 83 84 96 98 100 0
7 10 12 25 31 44 50 54 60 62 66 75 76 77 78 79 80 82 86 91 96 0
9 13 19 26 34 36 37 39 43 58 65 67 83 92 98 0
2 4 5 18 33 38 39 43 46 48 52 53 54 56 59 62 64 65 73 76 79 81 90 92 97 0
8 22 23 24 27 28 31 33 35 43 50 51 54 55 59 64 66 68 70 75 76 87 90 91 93 0
1 19 21 24 27 28 29 32 33 39 41 43 46 47 52 57 58 67 70 71 74 76 80 85 94 96 0
6 12 15 26 29 35 37 38 42 43 47 50 53 56 60 63 77 79 89 94 0
3 9 11 14 15 18 19 20 25 29 45 51 52 59 60 61 67 69 86 98 99 100 0
6 11 14 24 30 32 35 46 50 54 57 68 74 75 77 80 84 85 87 93 95 97 98 0
1 3 6 12 14 15 18 24 26 29 32 35 36 43 53 57 60 62 63 70 73 75 89 99 0
3 5 42 45 46 49 56 70 75 86 90 98 99 0
13 18 21 40 43 55 58 60 62 69 71 83 99 0
