200 100
4 5 9 18 20 26 30 44 47 53 54 59 71 75 80 81 83 93 97 99 101 102 117 126 128 129 130 138 139 140 144 166 173 176 184 185 190 199 0
1 5 12 17 23 27 28 30 33 36 38 40 42 46 56 82 100 107 114 115 118 133 137 146 156 164 167 169 170 173 177 179 187 191 192 196 197 198 0
15 16 25 28 31 32 35 45 46 57 59 67 70 71 75 79 80 82 83 84 89 91 92 100 104 108 112 114 118 119 124 132 136 148 153 167 169 178 186 192 197 198 0
6 11 26 40 43 55 59 61 76 78 84 89 109 110 111 113 124 138 139 140 142 147 148 150 154 159 164 166 177 180 190 195 196 198 199 0
23 34 35 45 50 54 58 67 68 70 71 76 86 95 104 115 116 123 125 127 130 138 141 144 146 148 160 175 179 181 195 197 0
16 19 23 26 28 29 30 37 38 47 67 69 71 76 83 93 95 97 100 101 102 103 107 108 118 136 140 141 147 148 154 156 163 171 174 179 182 185 195 0
2 12 27 36 40 41 54 55 60 62 71 77 78 83 84 86 89 91 95 103 111 114 125 126 127 132 139 151 161 171 180 182 183 184 186 194 198 0
2 14 15 28 30 34 40 41 43 44 56 59 69 72 79 89 93 96 114 116 122 127 133 139 142 155 156 158 159 163 165 171 173 179 180 182 183 186 191 0
13 17 22 27 30 35 37 51 57 58 61 67 70 86 87 88 89 102 110 113 117 119 120 123 127 129 132 137 145 150 151 153 155 164 169 173 179 184 185 197 0
2 12 14 15 23 27 28 30 31 34 35 36 42 43 50 52 54 56 58 60 62 65 69 75 76 89 91 99 100 104 115 121 129 130 133 137 149 160 165 185 0
3 6 7 9 28 53 54 57 58 63 68 72 75 76 77 82 83 87 93 97 100 104 108 109 112 114 119 123 126 141 164 166 170 177 185 188 191 198 0
3 4 13 15 26 28 29 31 32 33 34 35 39 40 43 47 48 51 57 59 87 89 92 96 98 99 103 118 121 134 136 140 141 146 147 149 157 165 179 181 188 192 194 196 0
4 11 13 15 16 17 35 39 49 51 53 60 70 73 81 82 93 98 99 100 112 115 119 120 121 124 127 128 138 152 160 161 164 165 166 172 173 179 186 187 192 194 0
2 5 29 31 32 37 41 42 47 50 54 55 61 63 67 68 69 71 72 75 86 93 107 118 123 124 126 133 134 137 142 146 151 155 160 162 170 173 174 175 187 198 199 0
4 18 25 27 31 32 34 35 38 52 59 67 69 74 81 82 86 88 90 93 98 102 110 111 114 116 120 124 125 126 130 137 141 156 157 160 167 169 172 173 179 180 186 187 188 189 200 0
9 11 12 15 16 20 24 25 26 30 31 35 37 42 52 61 64 68 91 94 96 98 102 111 116 118 124 137 139 146 158 177 193 196 197 198 0
2 4 10 17 25 27 30 34 35 40 41 43 55 58 65 67 80 84 87 91 92 93 98 104 105 109 120 124 126 134 135 138 147 157 159 170 173 178 185 0
3 6 7 11 21 26 28 32 36 42 49 59 78 79 82 83 90 93 98 102 108 111 121 125 143 155 163 165 166 169 173 181 182 183 187 191 192 195 197 198 0
9 10 12 13 14 21 24 30 32 34 35 38 41 46 48 52 56 58 61 62 75 86 101 102 103 104 111 112 115 116 117 126 128 130 134 146 147 159 162 169 172 174 175 176 177 185 0
7 8 19 32 53 59 60 61 65 76 93 101 109 129 143 145 154 157 166 170 172 178 179 183 189 191 194 198 0
2 15 22 27 34 37 41 47 48 55 59 60 65 67 77 80 84 85 89 90 100 107 109 111 115 116 123 148 162 171 173 178 188 189 190 197 198 199 0
1 6 15 16 17 24 26 38 47 49 54 61 64 71 84 90 102 112 119 123 136 138 140 142 144 149 153 155 157 161 162 166 168 169 170 178 185 187 0
2 4 15 18 20 21 23 30 31 33 35 40 49 53 57 59 69 80 81 93 97 99 100 112 116 117 119 130 136 141 144 150 152 153 157 158 164 172 173 177 181 189 0
4 8 9 12 16 17 19 27 28 30 34 41 48 50 53 55 67 68 73 87 88 92 95 101 106 112 114 118 123 130 139 140 142 145 150 152 153 155 157 160 166 167 172 185 187 195 196 0
6 9 10 13 19 25 31 42 46 49 57 61 91 95 97 102 108 113 127 129 136 138 147 169 170 181 182 188 190 191 195 0
7 8 19 20 32 36 37 50 51 54 55 61 74 80 81 84 91 94 102 103 106 107 110 126 135 138 144 146 149 151 152 163 168 193 0
2 9 15 16 21 23 24 28 29 31 32 35 39 42 48 49 64 70 72 84 89 90 97 103 105 113 114 116 135 165 168 174 176 177 187 197 0
3 11 18 29 32 36 37 39 41 43 47 58 60 62 84 96 100 101 102 105 109 113 118 126 127 135 143 146 149 151 153 154 159 163 167 172 175 181 183 187 191 193 194 200 0
25 46 51 52 58 67 75 76 80 84 87 97 98 100 106 111 116 118 120 138 147 160 162 184 185 0
9 19 32 35 38 40 41 50 51 53 55 57 60 70 74 76 80 90 95 96 99 100 101 103 107 114 115 119 120 123 124 127 137 155 161 177 179 182 187 192 199 0
12 15 16 28 30 34 36 40 51 56 62 77 86 89 100 105 106 107 109 112 114 115 126 127 128 130 133 134 136 146 147 154 168 171 172 173 174 176 180 184 185 187 198 200 0
1 2 4 6 7 9 18 19 26 29 31 32 36 38 39 40 41 42 53 64 68 69 75 84 94 95 104 109 121 125 131 134 144 145 155 156 158 160 163 184 192 193 195 196 198 0
2 9 18 22 39 42 45 50 51 60 65 67 68 71 78 82 86 92 95 103 109 112 125 129 133 137 139 140 147 156 169 173 178 182 186 199 200 0
7 10 13 18 30 32 38 46 50 51 57 59 63 69 74 77 82 94 95 104 109 113 118 121 126 129 133 134 149 152 157 163 173 174 178 179 193 198 0
12 21 27 29 30 31 33 41 50 61 66 69 72 75 81 87 89 92 100 108 114 125 129 131 133 135 145 147 156 158 162 174 176 193 195 0
3 8 11 18 19 24 26 39 40 45 46 52 53 54 63 65 69 72 81 85 86 87 92 94 106 109 116 121 125 129 130 131 136 139 140 144 146 154 156 158 165 171 177 179 188 193 0
1 3 4 9 10 14 16 17 20 25 27 30 50 53 57 58 61 66 72 78 86 90 104 112 113 127 130 133 136 138 140 154 158 162 172 174 176 177 181 186 188 189 194 0
1 6 9 11 17 18 27 31 39 40 46 50 54 56 73 75 83 86 88 89 97 100 102 104 106 107 118 126 137 138 140 142 146 148 150 153 161 162 173 185 190 195 196 0
5 8 9 15 16 19 20 22 31 42 46 47 50 51 54 56 57 63 64 65 67 74 76 77 78 79 85 91 98 109 118 119 127 133 140 141 144 150 151 154 155 165 168 169 172 176 181 184 185 189 190 195 198 200 0
1 10 19 22 23 35 38 46 54 62 64 74 75 84 91 94 95 96 99 103 104 106 113 115 116 121 134 142 145 147 150 163 168 179 186 193 195 196 198 0
1 7 8 9 24 26 28 29 32 50 79 80 86 88 90 101 105 106 108 113 119 122 131 132 141 144 157 160 161 162 165 166 170 172 181 187 194 0
6 8 11 14 16 23 26 29 33 37 41 47 50 60 70 73 78 81 82 88 91 99 104 109 110 112 113 115 125 132 134 139 140 141 145 150 160 175 179 191 0
2 8 9 14 19 20 26 28 42 56 59 62 67 74 75 82 98 100 101 107 108 125 131 146 148 149 151 154 156 168 172 177 182 183 190 193 196 0
3 12 20 23 27 34 38 40 54 55 57 58 61 69 73 82 86 94 97 119 120 125 126 135 140 142 151 152 158 180 185 187 189 195 199 0
1 9 18 19 21 22 26 44 45 49 50 52 58 70 71 81 97 101 102 104 116 125 133 136 138 139 142 147 150 159 160 161 163 165 174 176 181 187 190 192 193 0
1 2 17 18 27 29 38 41 45 47 52 58 62 67 70 73 77 85 91 93 94 111 114 125 126 127 128 138 140 159 161 164 165 176 184 185 191 195 196 198 0
1 11 20 21 28 32 37 40 45 46 49 56 57 68 72 74 83 85 95 100 101 109 110 114 116 117 120 129 137 147 149 153 157 160 162 163 174 177 187 191 198 0
2 9 13 19 25 28 29 36 44 50 51 53 58 63 67 81 82 85 86 87 89 96 100 101 104 106 109 124 125 134 140 146 150 156 159 167 170 181 184 188 189 193 199 0
2 4 13 17 25 28 41 48 52 56 77 91 96 107 108 114 131 142 146 152 156 157 160 164 165 171 176 180 183 196 199 0
6 7 8 10 14 35 37 41 45 49 51 53 65 66 68 74 80 86 91 93 97 108 120 121 122 123 125 126 127 139 141 145 161 163 166 169 176 177 179 186 187 189 193 195 198 199 0
14 17 29 39 43 47 49 71 73 84 93 101 109 125 148 152 155 159 163 164 165 166 167 174 175 182 184 191 197 198 0
4 10 11 14 16 18 19 22 29 34 46 49 52 68 72 76 81 82 91 97 102 104 107 110 122 125 129 140 141 142 144 148 151 153 159 162 171 177 183 186 192 193 0
3 6 10 18 22 25 27 36 39 45 50 62 65 76 78 88 95 100 104 109 111 121 133 138 142 144 156 173 176 179 187 188 190 198 0
3 4 27 31 39 43 45 49 53 55 62 63 71 90 99 101 102 104 107 112 113 116 122 126 135 138 139 144 147 148 157 165 166 175 176 180 183 184 192 197 0
5 9 13 15 19 31 34 36 37 38 41 42 43 54 58 69 72 76 79 82 83 85 88 91 92 94 98 101 104 107 109 112 113 115 125 127 136 138 148 151 153 175 187 192 198 199 0
1 7 12 14 16 18 20 21 22 25 28 35 36 38 40 42 43 46 47 53 57 62 64 68 72 74 75 79 84 86 93 95 96 98 102 116 118 126 127 132 134 137 142 143 146 149 150 152 157 165 171 193 195 0
2 9 11 16 18 21 22 24 26 29 30 31 33 39 40 41 42 43 52 53 58 63 65 68 81 85 87 95 98 109 114 121 126 134 135 137 157 161 162 164 168 170 176 179 181 182 184 191 193 194 195 196 0
4 5 14 23 31 32 36 38 42 48 49 53 55 58 66 68 78 80 85 86 89 95 103 106 113 120 128 136 139 147 155 161 166 171 178 179 182 184 188 191 200 0
2 14 18 20 22 23 40 58 65 67 72 73 75 81 84 87 92 96 105 106 110 121 123 124 130 131 136 139 140 141 145 150 155 156 158 160 163 177 179 188 190 192 0
16 19 20 22 34 46 49 58 59 61 64 68 85 88 97 102 103 105 120 128 131 132 135 139 143 155 157 158 164 167 171 177 178 179 180 182 190 192 195 0
2 5 6 9 13 16 19 20 28 29 33 43 45 47 51 52 53 54 56 59 64 65 67 69 75 80 82 86 98 107 109 110 113 121 140 143 149 154 162 164 173 174 179 184 189 195 197 199 0
5 7 18 29 34 36 64 89 97 106 108 113 118 119 123 128 136 144 147 154 164 170 172 173 183 184 185 188 191 193 0
3 7 16 23 25 35 37 49 50 56 57 63 64 65 67 69 73 90 93 99 102 104 114 117 132 135 136 139 141 143 146 151 157 168 170 187 189 190 192 195 0
4 10 18 25 27 31 38 53 63 65 81 83 87 88 94 97 99 100 101 114 115 122 127 128 132 143 144 146 155 156 158 159 165 169 170 185 187 189 195 198 200 0
2 6 9 13 14 15 21 22 27 28 31 32 34 43 45 54 62 67 69 71 75 78 81 86 104 111 113 115 117 119 126 127 132 133 137 138 142 143 150 153 158 161 165 169 178 180 183 187 188 0
24 34 36 39 42 45 49 56 66 68 74 89 94 101 102 107 111 112 119 122 123 144 164 175 177 186 195 197 199 0
2 8 11 24 27 43 50 61 63 70 74 78 83 84 86 87 96 98 103 110 111 118 127 132 136 139 140 148 151 154 159 163 170 172 175 179 181 187 197 198 0
4 7 9 16 17 42 45 46 48 54 60 61 64 69 70 72 75 81 83 92 95 97 105 124 130 133 136 155 156 157 166 174 175 181 190 193 200 0
7 11 15 18 22 26 28 30 38 42 50 63 65 66 67 68 74 75 76 89 96 99 107 108 109 114 118 120 129 130 150 154 169 178 183 185 187 199 0
1 2 8 19 20 22 30 31 35 36 37 52 56 57 60 71 79 81 83 88 96 97 99 101 111 122 131 136 146 147 155 165 169 170 172 174 180 184 190 191 195 0
4 7 8 10 18 31 32 36 37 43 47 51 52 57 61 66 75 89 96 101 106 107 110 111 112 123 124 128 133 134 137 145 149 151 152 156 157 161 181 191 192 0
2 3 4 7 17 25 26 29 34 41 42 47 48 55 60 71 81 87 88 90 99 100 107 108 115 116 119 120 124 127 140 152 154 157 170 173 175 179 180 182 183 184 191 197 198 200 0
2 3 14 16 26 29 32 34 38 40 47 54 55 56 59 60 61 63 67 71 81 86 89 94 98 99 109 110 112 117 120 121 125 134 137 139 140 145 152 154 159 163 164 167 177 178 180 181 182 184 190 193 194 198 0
1 3 4 6 17 19 29 34 36 39 41 42 51 62 67 68 70 76 78 82 83 91 98 111 112 117 121 123 125 129 140 150 154 167 172 175 176 177 185 191 192 200 0
16 17 23 30 34 35 38 43 45 48 50 54 66 68 78 82 84 89 93 98 107 110 121 131 132 135 136 137 139 170 182 186 188 189 192 197 0
2 6 8 9 17 19 21 22 32 37 39 46 49 61 70 71 74 81 83 89 92 97 98 112 115 116 120 123 124 131 136 148 149 157 158 159 163 166 171 174 176 189 198 0
3 8 11 16 17 29 30 34 49 50 51 52 57 67 69 75 81 84 85 86 90 106 114 118 121 135 136 137 152 155 156 169 174 185 187 194 196 200 0
6 8 9 13 30 32 40 46 64 66 73 78 79 87 94 98 102 107 113 115 117 120 123 128 133 134 140 145 149 151 164 177 178 191 197 0
7 18 19 20 21 22 26 27 28 35 37 40 44 48 57 59 61 69 70 87 93 99 100 108 109 114 116 117 124 127 141 143 147 149 152 160 162 164 165 171 177 192 0
4 5 18 21 30 37 39 45 46 48 51 53 54 63 80 88 97 98 99 105 113 116 117 119 123 128 130 133 134 137 142 143 144 147 150 152 154 158 160 161 162 168 169 171 176 178 187 188 189 194 200 0
12 13 23 43 66 71 75 77 81 83 85 86 93 104 108 120 124 131 132 134 138 148 151 152 158 163 164 167 185 187 189 193 0
1 11 13 16 19 31 39 42 58 60 61 62 63 72 79 80 87 89 99 115 122 124 129 131 136 141 150 152 154 155 165 174 177 186 189 0
3 4 5 10 19 21 33 52 54 55 56 61 74 75 96 100 107 109 116 132 137 142 143 149 152 153 163 172 174 180 183 185 190 195 196 0
12 15 16 17 21 35 38 41 43 44 49 50 54 55 58 63 66 69 73 88 92 99 103 105 106 114 119 128 134 135 136 138 139 141 153 158 172 175 180 185 186 188 194 0
3 4 19 25 31 50 53 60 61 65 73 96 103 106 115 126 130 134 136 139 153 157 167 173 177 187 196 198 0
4 8 10 15 19 23 24 26 30 33 36 40 44 62 65 67 75 78 89 91 94 103 111 112 115 119 120 125 127 130 137 173 174 178 179 181 184 193 196 197 198 0
2 4 12 18 34 41 45 52 57 62 68 69 70 71 74 80 81 83 85 87 92 96 101 105 107 114 117 120 124 125 143 145 150 156 157 159 160 165 173 175 180 183 186 188 189 192 195 199 0
3 7 10 24 31 32 38 43 49 52 54 55 58 66 70 74 76 79 85 88 89 94 104 108 112 127 128 131 134 146 147 155 175 179 194 195 196 198 0
3 9 21 22 24 26 27 29 40 44 46 47 48 50 55 56 62 64 66 68 70 75 77 89 91 94 102 103 104 110 111 116 120 129 131 133 138 139 141 142 150 155 157 169 171 173 176 177 182 186 193 200 0
8 9 10 16 21 28 34 35 41 45 46 48 51 53 58 65 70 76 77 93 101 106 111 138 141 148 151 158 159 168 172 175 178 185 186 190 191 193 196 197 0
2 3 4 7 21 26 29 30 34 38 47 51 52 55 56 67 77 80 82 92 104 109 112 116 117 125 127 129 142 147 148 155 158 162 170 173 182 189 190 0
3 4 8 20 31 34 37 38 43 45 46 51 58 59 63 66 69 73 76 77 81 85 89 106 116 118 123 125 126 127 131 144 155 160 169 170 180 184 189 199 0
4 6 7 20 24 33 38 50 51 68 72 78 79 86 87 91 95 97 98 109 120 121 122 125 127 129 133 139 142 145 148 149 151 159 161 162 170 172 175 177 191 199 0
8 10 12 13 14 19 24 30 31 36 38 41 45 49 56 60 63 68 72 84 86 93 101 105 106 110 114 117 128 129 132 135 136 143 145 153 154 155 158 168 171 188 190 195 196 0
6 14 23 28 34 35 40 42 44 50 58 62 70 78 80 82 84 85 91 92 99 101 112 115 129 136 138 142 145 146 153 175 180 182 183 0
21 22 27 42 43 46 52 60 71 85 88 90 96 99 101 105 116 118 129 131 140 146 147 151 157 158 160 161 165 172 175 182 185 188 189 196 198 0
4 5 21 25 26 29 33 34 36 45 48 50 65 69 70 75 78 83 86 96 103 107 111 112 117 121 123 127 130 136 140 142 146 147 149 158 161 164 165 166 178 179 180 184 191 0
2 13 14 23 25 27 42 50 55 57 61 62 64 67 70 82 83 85 100 106 111 113 115 122 131 133 136 142 147 152 155 157 159 160 170 171 172 177 178 179 0
4 18 35 38 43 45 48 56 68 69 71 73 78 83 86 88 91 93 94 99 103 107 117 123 127 135 137 144 146 148 158 164 166 168 172 180 181 185 187 0
16 18 36 50 51 57 62 66 67 73 76 77 92 104 114 118 119 120 133 136 141 143 147 148 149 154 155 175 178 182 183 190 191 196 0
