1 58 0 411
1 77 0 30751
1 85 50765 0
3 1 24526 0
3 57 0 25839
3 71 0 4232
3 85 17060 0
6 9 0 10797
6 31 0 8665
7 24 5469 0
7 27 16381 0
7 44 19549 0
9 89 0 10797
10 54 0 2718
10 85 50027 0
15 10 17410 0
16 10 32617 0
16 24 443 0
16 31 0 18809
23 31 0 2662
24 16 0 13861
24 54 0 14019
24 58 0 2598
24 85 11738 0
26 31 0 11070
26 77 0 1739
27 77 0 11618
27 85 28508 0
27 87 0 1014
28 1 8854 0
28 85 48042 0
31 1 2687 0
31 89 0 41206
31 99 6062 0
41 55 7306 0
41 60 24040 0
41 61 9191 0
42 65 0 16932
42 85 6652 0
42 90 0 31899
44 16 0 186
44 71 0 39890
44 85 19549 0
47 57 0 55
47 88 0 4699
47 98 0 1456
49 24 5826 0
49 42 6652 0
51 1 14698 0
51 52 7235 0
51 89 0 34119
52 51 0 17165
52 85 7235 0
54 89 0 16737
55 85 7306 0
57 89 0 36684
58 89 0 3009
60 57 0 10790
60 85 24040 0
60 87 0 4907
61 23 0 2662
61 26 0 12809
61 85 9191 0
61 98 0 540
65 89 0 16932
68 3 0 30071
70 51 0 4318
70 85 20098 0
71 89 0 47467
77 89 0 44108
79 1 0 14206
79 6 0 19462
81 1 0 11081
81 88 0 4534
85 1 0 5875
85 10 0 2718
85 24 0 30478
85 42 0 48831
85 44 0 40076
85 47 0 6210
85 52 0 17165
85 60 0 15697
85 61 0 16011
85 68 0 30071
85 70 0 4318
85 79 0 33668
85 81 0 15615
85 93 0 15981
85 94 0 17394
85 99 0 6166
87 89 0 5921
88 89 0 9233
89 3 41586 0
89 7 41399 0
89 15 17410 0
89 16 33060 0
89 27 12127 0
89 28 56896 0
89 31 8749 0
89 41 40537 0
89 49 12478 0
89 51 21933 0
89 70 20098 0
90 89 0 38065
93 51 0 12636
93 71 0 3345
94 16 0 4762
94 27 0 12632
98 89 0 1996
99 85 6062 0
99 90 0 6166
