1 4 0 164
1 15 380 0
2 4 0 27
2 15 376 0
3 4 0 204
3 15 350 0
4 1 380 0
4 2 376 0
4 3 350 0
4 5 512 0
4 6 450 0
4 7 330 0
4 13 337 0
4 14 456 0
4 15 425 0
4 16 318 0
4 18 303 0
4 19 509 0
4 20 15 0
5 1 0 49
5 15 512 0
6 4 0 78
6 15 450 0
7 4 0 69
7 15 330 0
8 1 0 115
8 2 0 27
8 3 0 195
10 4 0 418
11 3 0 9
11 6 0 78
11 7 0 69
11 10 0 320
12 10 0 98
12 18 0 184
12 20 0 198
12 21 0 54
13 15 337 0
13 21 0 109
14 15 456 0
14 22 0 51
15 5 0 49
15 8 0 337
15 11 0 476
15 12 0 534
15 13 0 109
15 14 0 51
15 16 0 18
15 17 0 371
15 19 0 39
15 20 0 297
15 21 0 341
15 22 0 335
15 25 0 443
15 26 0 306
15 27 0 548
15 30 0 507
16 15 318 0
16 21 0 18
17 21 0 49
17 22 0 42
17 24 0 280
18 4 0 184
18 15 303 0
19 15 509 0
19 24 0 39
20 4 0 495
20 15 15 0
21 4 0 571
22 4 0 428
24 4 0 337
25 4 0 425
25 24 0 18
26 4 0 318
27 4 0 483
27 28 0 65
28 4 0 204
30 4 0 356
30 26 0 12
30 28 0 139
