1 2 20754 0
1 21 0 6779
1 45 882 0
2 14 0 22558
2 24 29803 0
3 24 24061 0
3 41 0 5919
4 24 3572 0
4 27 0 16669
4 50 0 5301
5 1 0 6779
6 19 25406 0
6 22 349 0
6 43 0 14877
11 16 26851 0
11 23 1084 0
12 2 9049 0
12 23 18514 0
14 16 569 0
14 21 0 22558
16 24 27420 0
18 23 8772 0
18 42 17423 0
19 24 25406 0
21 1 21636 0
21 3 24061 0
21 6 25755 0
21 11 27935 0
21 12 27563 0
21 14 569 0
21 18 26195 0
21 27 3572 0
21 45 20144 0
22 2 0 14312
22 24 349 0
22 27 0 7463
23 24 28370 0
24 3 0 5919
24 4 0 21970
24 22 0 21775
24 29 0 25127
24 31 0 23812
24 34 0 22855
24 36 0 8246
24 38 0 8679
24 42 0 10769
24 46 0 6549
24 47 0 21730
27 4 3572 0
27 21 0 24132
29 39 0 25127
31 32 0 21447
31 41 0 2365
32 21 0 23347
34 41 0 14002
34 43 0 8853
36 2 0 8246
38 5 0 6779
38 32 0 1900
39 21 0 27568
41 21 0 22286
42 6 0 10769
42 24 17423 0
43 21 0 23730
45 24 21026 0
46 6 0 4108
46 39 0 2441
47 50 0 21730
50 21 0 27031
