1 8 3 0
1 21 0 1
2 6 0 1
2 7 0 3
2 13 0 2
2 15 0 1
3 8 6 0
3 21 0 2
4 3 0 1
4 8 1 0
5 3 0 1
5 7 0 4
5 8 3 0
6 8 5 0
6 21 0 1
7 21 0 7
8 2 0 7
8 4 0 1
8 5 0 5
8 9 0 4
8 10 0 4
8 12 0 3
8 14 0 4
8 16 0 9
8 17 0 1
8 18 0 7
8 19 0 1
8 20 0 1
8 24 0 5
8 25 0 2
8 27 0 3
8 30 0 6
8 32 0 1
8 34 0 5
8 35 0 2
8 36 0 5
8 37 0 4
8 38 0 1
8 39 0 3
8 40 0 4
8 42 0 3
8 45 0 2
8 47 0 3
8 48 0 1
8 50 0 4
8 51 0 4
8 52 0 1
8 54 0 3
8 57 0 1
8 59 0 3
8 60 0 2
8 61 0 2
8 62 0 5
8 65 0 3
8 66 0 2
8 67 0 1
8 68 0 4
8 69 0 1
8 70 0 3
9 1 0 1
9 13 0 3
10 8 2 0
10 11 0 4
11 8 4 0
11 21 0 4
12 8 6 0
12 13 0 3
13 8 1 0
13 21 0 8
14 8 2 0
14 22 0 4
15 21 0 3
16 15 0 2
16 23 0 6
16 26 0 1
17 8 1 0
17 26 0 1
18 8 2 0
18 23 0 2
18 28 0 1
18 33 0 4
19 8 8 0
19 26 0 1
20 8 8 0
20 26 0 1
21 1 3 0
21 3 6 0
21 4 1 0
21 5 3 0
21 6 5 0
21 8 9 0
21 10 2 0
21 11 4 0
21 12 6 0
21 13 1 0
21 14 2 0
21 17 1 0
21 18 2 0
21 19 8 0
21 20 8 0
21 22 4 0
21 23 1 0
21 24 2 0
21 25 1 0
21 27 6 0
21 29 1 0
21 30 2 0
21 35 1 0
21 36 4 0
21 37 3 0
21 38 2 0
21 39 3 0
21 40 3 0
21 41 8 0
21 42 3 0
21 43 3 0
21 45 2 0
21 46 1 0
21 47 2 0
21 48 3 0
21 49 4 0
21 50 1 0
21 52 5 0
21 55 2 0
21 56 2 0
21 57 1 0
21 59 4 0
22 8 4 0
22 21 0 4
23 8 1 0
23 21 0 8
24 8 2 0
24 26 0 1
24 31 0 3
24 33 0 1
25 8 1 0
25 26 0 1
25 28 0 1
26 21 0 6
27 8 6 0
27 28 0 3
28 21 0 6
29 8 1 0
30 8 2 0
30 28 0 1
30 31 0 2
30 33 0 3
31 21 0 8
32 31 0 1
33 21 0 9
34 31 0 2
34 41 0 1
34 46 0 2
35 8 1 0
35 33 0 1
35 49 0 1
36 8 4 0
36 56 0 4
36 59 0 1
37 8 3 0
37 53 0 1
37 56 0 1
37 58 0 2
38 8 2 0
38 58 0 1
39 8 3 0
39 58 0 3
40 8 3 0
40 62 0 2
40 64 0 1
40 66 0 1
41 8 8 0
41 21 0 1
42 8 3 0
42 59 0 1
42 62 0 2
43 8 3 0
45 8 2 0
45 65 0 2
46 8 1 0
46 21 0 2
47 8 2 0
47 65 0 3
48 8 3 0
48 66 0 1
49 8 4 0
49 21 0 1
50 8 1 0
50 66 0 2
50 67 0 2
51 67 0 3
51 70 0 1
52 8 5 0
52 68 0 1
53 21 0 1
54 68 0 2
54 70 0 1
55 8 2 0
56 8 2 0
56 21 0 5
57 8 1 0
57 70 0 1
58 21 0 6
59 8 4 0
59 21 0 5
60 21 0 2
61 21 0 2
62 21 0 9
64 21 0 1
65 21 0 8
66 21 0 6
67 21 0 6
68 21 0 7
69 21 0 1
70 21 0 6
