1 15 0 48051
1 25 0 6376
3 8 0 2788
3 15 0 3170
3 33 0 42324
4 12 0 48681
4 13 0 6118
8 11 47768 0
8 53 0 2788
9 13 0 48634
9 21 0 536
9 26 0 811
10 12 0 285
10 13 0 626
10 26 0 5065
10 29 0 45217
11 1 0 54427
11 3 0 48282
11 4 0 54799
11 9 0 49981
11 10 0 51193
11 14 0 700
11 20 0 50618
11 22 0 51275
11 24 0 3609
11 27 0 106
11 30 0 53466
11 32 0 48918
11 35 0 49013
11 36 0 45921
11 39 0 55315
11 41 0 53793
11 42 0 1970
11 44 0 51869
11 51 0 44396
11 56 0 21088
11 58 0 11494
11 72 0 17025
11 77 0 45119
11 78 0 44709
11 79 0 54195
12 53 0 48966
13 53 0 55378
14 11 51773 0
14 18 0 700
15 53 0 51221
18 53 0 50010
20 18 0 49310
20 25 0 1308
21 11 45246 0
21 53 0 536
22 28 0 2596
22 31 0 3243
22 34 0 45436
24 11 47570 0
24 33 0 3609
25 53 0 49466
26 11 48487 0
26 53 0 5876
27 11 55103 0
27 25 0 106
28 11 47230 0
28 53 0 2596
29 53 0 49848
30 25 0 41676
30 33 0 1333
30 34 0 4261
30 54 0 6196
31 11 47109 0
31 53 0 3243
32 29 0 4631
32 40 0 5699
32 48 0 38588
33 53 0 47266
34 53 0 49697
35 46 0 46267
35 47 0 2746
36 38 0 511
36 46 0 8050
36 57 0 2606
36 60 0 1009
36 73 0 33745
38 11 52623 0
38 53 0 511
39 47 0 748
39 48 0 8081
39 54 0 44182
39 68 0 2304
40 11 47882 0
40 53 0 5699
41 70 0 46901
41 71 0 2781
41 72 0 4111
42 11 51386 0
42 64 0 1970
44 64 0 44548
44 68 0 832
44 76 0 6489
46 53 0 54317
47 11 49770 0
47 53 0 3494
48 53 0 46669
51 64 0 854
51 76 0 43542
53 8 47768 0
53 11 51285 0
53 14 51773 0
53 21 45246 0
53 24 47570 0
53 26 48487 0
53 27 55103 0
53 28 47230 0
53 31 47109 0
53 38 52623 0
53 40 47882 0
53 42 51386 0
53 47 49770 0
53 57 49295 0
53 60 48847 0
53 63 49963 0
53 65 50824 0
53 68 46512 0
53 71 45646 0
53 72 28962 0
54 53 0 50378
56 70 0 1429
56 73 0 19659
57 11 49295 0
57 53 0 2606
58 77 0 8572
58 78 0 2922
60 11 48847 0
60 53 0 1009
63 11 49963 0
64 53 0 47372
65 11 50824 0
68 11 46512 0
68 53 0 3136
70 53 0 48330
71 11 45646 0
71 53 0 2781
72 11 28962 0
72 53 0 21136
73 53 0 53404
76 53 0 50031
77 53 0 53691
78 53 0 47631
79 53 0 54195
