1 2 0 1
1 84 5000 0
2 61 0 5002
3 61 0 4
3 84 5000 0
4 2 0 2
4 84 5002 0
5 84 5005 0
6 84 5005 0
7 2 0 3
7 84 5000 0
8 84 5003 0
9 2 0 4996
9 3 0 4
9 10 0 2
9 13 0 1
10 61 0 2
10 84 5002 0
11 13 0 3
11 84 5000 0
12 84 5001 0
13 61 0 5004
14 13 0 2
14 84 5003 0
15 61 0 2
15 84 5000 0
16 13 0 4
16 84 5001 0
17 84 5000 0
18 13 0 5
18 84 5000 0
19 13 0 1
19 84 5003 0
20 15 0 2
20 22 0 3
20 23 0 2
20 25 0 4
20 26 0 3
20 27 0 1
20 29 0 4988
21 13 0 3
21 84 5000 0
22 61 0 3
22 84 5002 0
23 61 0 2
23 84 5002 0
24 84 5000 0
25 61 0 4
25 84 5001 0
26 61 0 3
26 84 5000 0
27 61 0 1
27 84 5002 0
28 84 5000 0
29 61 0 5005
30 13 0 4
30 84 5000 0
31 61 0 5003
32 61 0 2
32 84 5002 0
33 84 5004 0
34 13 0 1
34 84 5004 0
35 13 0 4980
35 29 0 17
35 31 0 4
36 61 0 43
37 31 0 2
37 84 5002 0
38 84 5000 0
39 31 0 3
39 84 5000 0
40 84 5004 0
41 84 5000 0
42 31 0 4
42 84 5001 0
43 31 0 1
43 84 5003 0
44 84 5001 0
45 84 5004 0
46 84 5003 0
47 84 5003 0
48 61 0 4962
48 84 40 0
49 61 0 5004
50 31 0 2
50 61 0 5003
52 61 0 5004
53 61 0 5001
54 31 0 3
54 61 0 5000
55 61 0 5000
56 31 0 2
56 61 0 5002
57 31 0 1
57 61 0 5002
58 61 0 5002
59 61 0 5000
60 61 0 5002
61 1 5000 0
61 3 5000 0
61 4 5002 0
61 5 5005 0
61 6 5005 0
61 7 5000 0
61 8 5003 0
61 10 5002 0
61 11 5000 0
61 12 5001 0
61 14 5003 0
61 15 5000 0
61 16 5001 0
61 17 5000 0
61 18 5000 0
61 19 5003 0
61 21 5000 0
61 22 5002 0
61 23 5002 0
61 24 5000 0
61 25 5001 0
61 26 5000 0
61 27 5002 0
61 28 5000 0
61 30 5000 0
61 32 5002 0
61 33 5004 0
61 34 5004 0
61 37 5002 0
61 38 5000 0
61 39 5000 0
61 40 5004 0
61 41 5000 0
61 42 5001 0
61 43 5003 0
61 44 5001 0
61 45 5004 0
61 46 5003 0
61 47 5003 0
61 48 40 0
61 84 5003 0
63 31 0 4981
63 32 0 2
63 36 0 22
64 61 0 5004
65 61 0 5004
66 61 0 5001
67 36 0 1
67 61 0 5004
68 36 0 5
68 61 0 5000
70 61 0 5005
71 61 0 5000
72 36 0 3
72 61 0 5002
73 61 0 5003
74 36 0 2
74 61 0 5002
75 61 0 5000
76 61 0 5001
77 36 0 4
77 61 0 5000
79 36 0 1
79 61 0 5001
80 61 0 5002
81 61 0 5001
82 36 0 2
82 61 0 5002
83 61 0 5002
84 1 0 1
84 4 0 2
84 7 0 3
84 9 0 5003
84 11 0 3
84 14 0 2
84 16 0 4
84 18 0 5
84 19 0 1
84 20 0 5003
84 21 0 3
84 30 0 4
84 34 0 1
84 35 0 5001
84 37 0 2
84 39 0 3
84 42 0 4
84 43 0 1
84 48 0 4962
84 49 0 5004
84 50 0 5005
84 52 0 5004
84 53 0 5001
84 54 0 5003
84 55 0 5000
84 56 0 5004
84 57 0 5003
84 58 0 5002
84 59 0 5000
84 60 0 5002
84 63 0 5005
84 64 0 5004
84 65 0 5004
84 66 0 5001
84 67 0 5005
84 68 0 5005
84 70 0 5005
84 71 0 5000
84 72 0 5005
84 73 0 5003
84 74 0 5004
84 75 0 5000
84 76 0 5001
84 77 0 5004
84 79 0 5002
84 80 0 5002
84 81 0 5001
84 82 0 5004
84 83 0 5002
84 85 0 5003
84 86 0 5002
84 87 0 5002
84 88 0 5004
84 89 0 5002
84 90 0 5001
85 36 0 2
85 61 0 5001
86 36 0 1
86 61 0 5001
87 61 0 5002
88 61 0 5004
89 61 0 5002
90 61 0 5001
