90 61 84
0 5005 5002 5001 5005 0 5003 5001 5001 5001 5000 5005 5003 5004 5000 5000 5005 5001 5000 5005 5004 5005 5004 5005 5000 5004 5003 5001 5000 5000 5005 5004 5001 5005 5001 5000 5002 5005 5005 5003 5000 5003 5003 5000 5003 5004 5001 5005 5001 5000 5003 5001 5000 5001 0 5001 5005 5003 5000 5004 5000 5003 5004 5000 5001 5002 5005 5001 5002 0 5004 5001 5005 5001 5005 5005 5003 5004 5002 5002 5005 5003 5002 5001 5003 5001 5001 5000 0 5004 
5005 0 5003 5003 5001 5002 5000 5001 5003 5004 5004 5005 5000 5001 5000 5001 5001 5005 5004 0 5005 5001 5003 5000 5001 5002 5001 5004 5000 5002 5002 5002 5005 5002 5004 5003 5002 5001 5005 5005 5002 5004 5005 5005 5005 5005 5002 5000 5000 5000 5001 5001 5000 5003 5005 5003 5002 0 5003 5003 5002 5005 5005 5004 5003 5001 5005 5002 5000 5005 5005 0 5001 5002 5002 5002 5003 5002 5002 5005 5001 5001 5003 0 5000 5002 5002 5003 5003 5000 
5002 5003 0 5005 5001 5005 5003 5001 5004 5004 5003 5002 5003 5003 5005 5002 5004 5000 5001 5005 5001 5003 5002 0 5001 5002 5003 5003 5003 5001 5004 5001 5004 5002 5002 5005 5004 5004 5000 5001 5001 5001 5001 0 5004 5001 5000 5002 5004 5000 5004 5002 5004 5003 0 5001 5003 5002 5000 5004 5004 5005 5000 5005 5003 5000 5004 5005 5002 5005 5002 5001 5000 5000 5002 5000 5005 5000 5001 5005 5005 5004 5002 5000 5005 5001 5000 5004 5005 5002 
5001 5003 5005 0 0 0 5002 5002 5001 5004 5004 5004 5004 5004 5002 5001 5005 5003 5001 5002 5003 5000 5001 5000 5003 5000 5003 5001 5000 5004 5003 5001 5000 5003 5000 5004 5000 5001 5000 5002 5001 5004 5001 5005 5002 5004 5000 5003 5000 5000 5004 5003 5002 0 5001 5000 5000 5003 5000 5000 5002 5003 5005 5002 5005 5002 5000 5005 5002 5000 5001 5005 5005 5005 0 5001 5004 5005 5000 5000 5002 5004 0 5004 5004 5001 5002 5005 5005 0 
5005 5001 5001 0 0 5001 5005 5001 5004 5004 5000 5001 5005 5004 0 0 5001 0 5004 5001 5001 5003 5003 5000 5002 5002 5004 5005 5004 5005 5004 5005 5003 5002 5001 5005 5002 5002 5005 5000 5004 5002 5005 5000 5001 5003 5002 5000 5002 5002 5001 5001 5000 5005 5001 5005 5003 5001 5003 5005 5005 5005 5004 5002 5000 5000 5003 5002 5003 5005 5001 5003 5001 5002 5003 5001 5002 5000 5001 5000 5003 5001 5004 5005 5004 0 5002 5000 5001 5003 
0 5002 5005 0 5001 0 5004 5000 5001 5003 5004 5000 0 5005 5000 5002 5003 5002 5002 5000 5001 5000 5000 5000 5004 5000 5001 5000 5004 5002 5005 5000 5001 5002 5004 5005 5003 5004 0 5005 5005 5002 5005 5003 5000 5003 5004 5004 5005 5000 5001 5000 5001 5000 5005 5005 5000 5002 5003 5003 5005 5001 5003 5005 5003 5005 5005 5003 5000 5001 5002 5002 5004 5004 0 5004 5002 5002 5000 5001 5001 5001 5001 5005 5000 5000 5003 5003 5002 5002 
5003 5000 5003 5002 5005 5004 0 5004 5002 5004 5003 5001 5005 5000 5000 5001 5003 5001 5003 5001 5001 5004 5001 5004 5001 5003 5004 5005 5000 5001 5002 5003 5001 5000 5001 5002 5004 5004 5005 5000 5003 5002 0 5004 5003 5001 5004 5000 5001 5004 5004 5003 5004 5000 5002 5005 5004 5002 5005 5005 5000 5001 5001 5004 5005 5001 5000 5002 5003 5001 5003 5005 5004 5003 5005 5001 0 5005 5001 5000 5004 5000 5004 5003 0 5005 5001 5001 5000 5005 
5001 5001 5001 5002 5001 5000 5004 0 5002 0 5004 5001 5003 5001 5002 5000 5000 5004 5002 5002 5004 5004 5004 5005 5000 5000 5002 5002 5000 5005 5005 5002 5004 5003 5005 5000 5005 5000 5002 5000 5001 5001 5002 5004 5005 5005 5004 5000 5005 5003 5001 5000 5005 5000 5003 5005 5002 5004 5005 5001 5003 5001 5004 5000 5002 5003 5003 5003 5003 5001 5003 5001 5003 5001 5000 5005 5001 5000 5000 5002 5000 5000 5004 5003 5001 5000 5005 5000 5000 5001 
5001 5003 5004 5001 5004 5001 5002 5002 0 5000 5005 5002 5001 5004 5004 5002 5003 5000 5004 5004 5003 5000 5002 5003 5003 5000 5002 5001 5003 5005 5004 5005 5001 5004 5000 5002 5005 5004 5000 5003 5004 5005 5001 5001 5002 5002 5004 5001 5001 5002 5001 5004 0 5000 5004 5004 5005 5000 5003 5001 0 5000 5003 5004 5002 5000 5003 5000 5003 5001 5001 5001 5002 5005 5005 5003 5003 5002 5005 5005 5000 5003 5005 5003 5001 5000 5002 5003 5000 5005 
5001 5004 5004 5004 5004 5003 5004 0 5000 0 5001 5005 5001 5003 5001 5000 5005 5001 5002 5004 5004 5004 5001 5002 5000 5002 5002 5002 5005 5003 5002 5000 5001 5002 5002 5004 5004 5002 5004 5001 5002 5003 5003 5005 5004 5000 5005 5004 5001 5004 5003 5001 5002 5003 5000 5003 5003 5003 5004 5003 5004 5002 5000 5002 5002 5001 5004 5005 5000 5005 5000 5000 5001 5000 5005 0 5004 5003 5003 5000 5005 5000 5001 5002 5000 5002 5005 5000 5004 5002 
5000 5004 5003 5004 5000 5004 5003 5004 5005 5001 0 5002 5000 5002 5003 5005 5004 5003 5004 5002 5003 5003 5004 5004 5001 5003 5001 5001 5004 0 5002 5002 5005 5003 5001 5002 5002 5001 5005 5003 5003 5004 5003 5001 5000 5000 5001 5003 5003 5004 5000 5004 5005 5004 0 5004 5000 5003 5003 0 5000 5000 5005 5002 5002 5005 5004 5004 5001 5001 5005 5004 5002 5003 5001 5004 5003 5005 5002 5000 5000 5002 5002 5003 5004 5002 0 5004 5003 5002 
5005 5005 5002 5004 5001 5000 5001 5001 5002 5005 5002 0 5004 5004 5005 5002 5003 5003 5003 5002 5005 5005 5000 5002 5002 5001 5003 5004 5005 5005 5005 5000 5005 5001 5000 5002 5000 5003 5001 5005 5003 5005 5002 5001 5004 5000 5003 5002 5002 5005 5005 5005 5002 5005 5005 5005 0 5004 5004 5003 5001 5004 5005 5003 5005 5000 5003 5004 5003 5001 5004 5004 5003 5005 5005 5001 5004 5001 5004 5002 5003 5002 5004 5001 5001 5000 5001 5000 5001 5002 
5003 5000 5003 5004 5005 0 5005 5003 5001 5001 5000 5004 0 5005 5002 5001 5000 5004 5002 0 5004 5004 5003 5005 5002 5002 5001 5002 5002 5004 5004 5005 5003 5002 5000 5004 5000 5003 5001 5004 5005 5003 5004 5000 5005 5005 5003 5004 0 5001 0 5004 5001 5003 5000 5002 5003 5001 5002 5000 5004 5001 5001 5001 5004 5004 5003 5002 5002 5004 5003 5005 5001 5003 0 5004 5002 5005 5004 5001 5000 5000 5001 0 5005 5000 5003 5004 5003 5004 
5004 5001 5003 5004 5004 5005 5000 5001 5004 5003 5002 5004 5005 0 5000 5000 5005 5000 5001 5001 5002 5000 5004 0 5001 5001 5004 5000 5002 5001 5002 5002 5005 5000 5004 5005 5002 5004 5003 5002 5001 5002 5005 5005 5004 5005 5005 5004 5005 5005 5000 5000 5001 5005 5002 5004 5001 5002 5000 5005 5003 5000 5004 5004 5000 5003 5000 5005 5001 5000 5002 5002 5002 5004 5000 5003 5005 5000 5004 5000 5002 5000 5002 5005 5000 5004 5000 5004 5004 5003 
5000 5000 5005 5002 0 5000 5000 5002 5004 5001 5003 5005 5002 5000 0 5002 5001 5004 5000 5003 5002 5002 5004 5004 5004 5000 5001 5003 5001 5005 5001 5003 5001 5004 5000 5005 5002 5005 5003 5000 5000 5003 5000 5003 5005 5003 5004 5002 5000 5000 5001 5001 5004 5004 5003 5002 5003 5004 5001 5001 5002 5002 5004 5001 5001 5004 5001 5002 5002 5000 5002 5001 5001 5004 5005 0 5000 5005 5001 5004 5005 5002 0 5000 5005 5004 5005 5003 5005 5002 
5000 5001 5002 5001 0 5002 5001 5000 5002 5000 5005 5002 5001 5000 5002 0 0 5002 5003 5005 5005 5003 5002 5004 5004 5005 5002 5004 0 5000 5002 5003 5004 5000 5002 5005 5003 5003 0 5000 5005 5000 5004 5004 5002 5004 5002 5001 5003 5002 5001 5003 5001 5000 5000 5003 5000 5002 5001 5004 5001 5000 5003 5002 5002 5003 5003 5005 5000 5000 5002 5005 5003 5005 5002 5004 5003 5003 5000 5001 5000 5004 5005 5005 5001 5002 5005 0 5005 5002 
5005 5001 5004 5005 5001 5003 5003 5000 5003 5005 5004 5003 5000 5005 5001 0 0 5001 5000 5004 5003 5000 5001 5004 0 5003 5001 5000 5005 5001 5000 5003 5005 5005 5000 5003 5002 5004 5000 5001 5004 5004 5000 5000 0 5004 5004 5000 5003 5003 0 5005 5001 5004 5002 5005 5005 5000 5005 5005 5000 5004 0 5003 5002 5003 5001 5005 5004 5005 5005 5003 5001 5000 5001 5005 5003 5005 5002 5002 5005 5001 5003 5000 5000 5000 5005 5000 5002 5004 
5001 5005 5000 5003 0 5002 5001 5004 5000 5001 5003 5003 5004 5000 5004 5002 5001 0 0 5003 5003 5001 5002 5001 5002 5003 5001 5002 5003 5004 5003 5002 5000 5003 5005 5003 5002 5000 5000 5001 5004 5000 5002 0 5005 5002 5003 5005 5004 5004 5004 0 5005 0 5003 5005 5001 5003 5001 5001 5000 5002 5000 5002 5005 5004 5001 5001 5004 5005 5001 5004 5003 5001 5001 5001 0 5000 5000 5002 5000 5000 5004 5005 5000 5000 5002 0 5001 5001 
5000 5004 5001 5001 5004 5002 5003 5002 5004 5002 5004 5003 5002 5001 5000 5003 5000 0 0 5002 5001 5005 5003 5003 5002 5001 5004 5001 5002 5000 5000 5005 5004 5002 5004 5004 5002 5002 5000 5004 5004 5003 5000 5003 5000 5001 5004 5005 5005 5002 5003 5005 5000 5000 0 5000 5004 0 5004 5001 5003 5003 5002 0 5000 5003 5004 5000 5004 5004 5003 5002 5004 5003 5004 5005 5005 5000 5001 5004 5000 5002 5003 5004 5000 5003 5001 5000 5000 5000 
5005 0 5005 5002 5001 5000 5001 5002 5004 5004 5002 5002 0 5001 5003 5005 5004 5003 5002 0 5000 5005 5001 5004 5003 5002 5003 5001 5002 5003 5002 5001 5004 5000 5004 5002 5001 5003 5002 5005 5005 5004 5004 5001 5002 5003 5001 0 5003 5001 0 5001 5003 5001 5003 5003 5000 5000 5003 5001 0 5002 5002 5001 5000 5005 0 5003 5004 5000 5003 5000 5003 5001 5000 5005 5002 5004 5005 5004 5000 5001 5004 5003 5001 5003 5004 5002 5003 5005 
5004 5005 5001 5003 5001 5001 5001 5004 5003 5004 5003 5005 5004 5002 5002 5005 5003 5003 5001 5000 0 5000 5002 5002 5000 5003 5000 5001 5003 5003 5005 5001 5004 5005 5004 5001 5004 5002 5002 5004 5003 5000 5000 0 5005 5005 5005 5000 5005 5003 5001 5004 5003 5003 5001 5003 5005 5001 5001 5000 5000 5003 5001 5000 5000 5002 5005 5005 5002 5001 5003 5004 5002 5003 5003 5003 5004 5002 5003 5005 5003 5000 5005 5003 5004 5005 5000 5000 5000 5003 
5005 5001 5003 5000 5003 5000 5004 5004 5000 5004 5003 5005 5004 5000 5002 5003 5000 5001 5005 5005 5000 0 5004 5005 5001 5001 5000 5002 0 5001 5000 5004 5005 5005 0 5005 5002 5000 5002 5002 0 5000 5000 5002 5005 5000 5004 5004 5005 5002 5002 5004 5000 5003 5005 5000 5005 5003 5003 5000 5005 5005 5002 0 5005 5004 5001 5000 5000 5005 5002 5000 5003 5005 5004 5000 5005 5002 5002 0 5002 5003 0 5002 5005 5004 5000 5000 5001 5004 
5004 5003 5002 5001 5003 5000 5001 5004 5002 5001 5004 5000 5003 5004 5004 5002 5001 5002 5003 5001 5002 5004 0 5005 5005 0 5004 5000 5000 5000 5004 5005 5000 5003 5003 5000 5003 5001 5001 5004 5003 5004 5005 5000 5005 5002 5001 5001 5003 5003 0 5005 5005 5003 5000 5002 5000 5001 5000 0 5004 5004 5002 5004 5003 5005 5003 5002 5000 5000 5002 0 5004 5002 5004 5005 5000 5001 5001 5003 5005 5005 5000 5002 5002 5005 5001 5004 5002 5002 
5005 5000 0 5000 5000 5000 5004 5005 5003 5002 5004 5002 5005 0 5004 5004 5004 5001 5003 5004 5002 5005 5005 0 5002 5004 5005 5002 5005 5005 5003 5002 5000 5005 5005 5001 5004 5001 5003 5001 5001 5000 5003 5001 5005 5004 5003 0 5005 5002 0 5001 5005 5004 5004 5002 5001 5002 5000 5005 5000 5002 5002 5001 5001 5000 5003 5003 5000 5002 5005 5000 5004 5000 5002 5004 5005 5002 5004 5002 5004 5005 5001 5000 5004 5001 5002 5002 5003 5005 
5000 5001 5001 5003 5002 5004 5001 5000 5003 5000 5001 5002 5002 5001 5004 5004 0 5002 5002 5003 5000 5001 5005 5002 0 5001 5002 5000 5003 0 5004 5003 5001 5004 5001 5000 5005 5000 5004 5001 5003 5005 5005 0 0 0 5000 5002 5005 5005 5000 5004 5005 5002 5005 5004 5005 5002 5001 0 5005 5002 5005 5005 5001 5004 5005 5001 5002 5001 5003 5001 5002 5001 5003 5005 5001 5001 5000 5002 5002 5002 5002 5001 5001 5003 5004 0 5003 5005 
5004 5002 5002 5000 5002 5000 5003 5000 5000 5002 5003 5001 5002 5001 5000 5005 5003 5003 5001 5002 5003 5001 0 5004 5001 0 5005 5003 5001 5003 5004 5004 5005 5005 5005 5005 5002 5005 5005 5001 5000 5005 5001 5000 5000 5005 5002 5004 5002 5002 5004 5005 5003 5005 5002 5000 5002 5000 5003 5001 5003 5005 5005 5002 5000 5000 5003 5000 5003 5001 5003 5001 5000 5004 5001 5005 5004 5003 5005 5001 5001 5005 5000 5000 5002 5001 5001 5003 5001 5004 
5003 5001 5003 5003 5004 5001 5004 5002 5002 5002 5001 5003 5001 5004 5001 5002 5001 5001 5004 5003 5000 5000 5004 5005 5002 5005 0 0 5001 5004 5005 5004 5004 5001 5003 5005 5000 5001 5004 5000 5005 5003 5005 5001 5004 5001 5001 5003 5005 5001 5003 5003 5005 5002 5001 5001 5001 5004 5003 0 5003 5002 5000 5001 5003 5003 5005 5001 5001 5005 5002 5002 5005 5000 5004 5001 5004 5003 5004 5001 5000 5002 5005 5002 5001 5005 5002 5003 5002 5004 
5001 5004 5003 5001 5005 5000 5005 5002 5001 5002 5001 5004 5002 5000 5003 5004 5000 5002 5001 5001 5001 5002 5000 5002 5000 5003 0 0 5004 5002 5005 5004 5002 5003 5000 5000 5002 5003 5003 5005 5004 5005 5003 5001 5002 5000 5003 5000 5002 5003 5005 5001 5001 5004 5000 5001 5003 5003 5001 5000 5000 5002 5001 5003 5001 5005 5005 5002 5001 5005 5002 5003 5001 5003 5000 5002 0 5005 5000 5001 5001 5003 5004 5000 5004 5001 5001 5000 5004 5004 
5000 5000 5003 5000 5004 5004 5000 5000 5003 5005 5004 5005 5002 5002 5001 0 5005 5003 5002 5002 5003 0 5000 5005 5003 5001 5001 5004 0 5002 5004 5004 5003 5002 5002 5004 5003 5001 5003 5004 5001 5005 5004 5001 5003 5004 5005 5002 5002 0 5005 5002 5000 5000 0 5004 5003 5005 5004 5003 5005 5005 0 5005 5001 5003 5001 5001 5005 5004 5002 5003 0 5000 5002 5003 5005 5005 5004 5003 5002 5002 5003 0 5003 5005 5002 5002 5003 5005 
5000 5002 5001 5004 5005 5002 5001 5005 5005 5003 0 5005 5004 5001 5005 5000 5001 5004 5000 5003 5003 5001 5000 5005 0 5003 5004 5002 5002 0 5003 5004 5004 5005 5005 5005 5005 5004 5005 5001 5003 5003 5005 5000 5005 5001 5005 5002 5003 5001 5001 5001 5001 0 5001 5001 5003 5002 5003 5003 5000 5002 5000 5003 5000 5004 0 5005 5005 5000 5002 5005 5000 5002 5001 5000 5005 5002 5000 5002 5003 5005 5002 5004 0 5001 5003 5000 5002 5004 
5005 5002 5004 5003 5004 5005 5002 5005 5004 5002 5002 5005 5004 5002 5001 5002 5000 5003 5000 5002 5005 5000 5004 5003 5004 5004 5005 5005 5004 5003 0 5004 5005 0 5002 5003 5001 5003 5001 5005 5004 5004 5001 5004 5002 5003 5000 5004 5001 5004 5003 5005 5005 5005 5003 5003 5005 5004 5001 5002 5003 5004 5004 5005 5001 5002 5000 5004 5003 5005 5001 5001 5002 5003 5005 5005 0 5005 5000 5001 5001 5002 5001 0 5000 5005 5001 0 5001 5005 
5004 5002 5001 5001 5005 5000 5003 5002 5005 5000 5002 5000 5005 5002 5003 5003 5003 5002 5005 5001 5001 5004 5005 5002 5003 5004 5004 5004 5004 5004 5004 0 5004 5003 5003 0 5000 5002 5000 5000 5004 5003 5001 5004 0 5004 5005 5002 5004 5001 5000 5004 5005 5003 5003 5000 5002 5001 5002 5001 5004 5005 5003 5003 5004 5005 5004 5005 5004 5000 0 5003 5003 5004 5000 0 5002 5000 5000 5005 5001 5004 5002 5002 5003 5000 5002 5003 5003 5005 
5001 5005 5004 5000 5003 5001 5001 5004 5001 5001 5005 5005 5003 5005 5001 5004 5005 5000 5004 5004 5004 5005 5000 5000 5001 5005 5004 5002 5003 5004 5005 5004 0 0 5000 5001 5001 5002 5001 5002 5000 5000 5003 5000 5000 5004 5002 5001 5000 5000 5002 5000 5005 5004 5000 5005 5005 5002 5005 5000 5004 5001 0 5000 5003 5004 5000 5005 5000 5001 5005 5004 5001 5001 5003 5001 5003 5005 5005 5003 5005 5003 5002 5004 5001 5002 5002 5004 5004 5000 
5005 5002 5002 5003 5002 5002 5000 5003 5004 5002 5003 5001 5002 5000 5004 5000 5005 5003 5002 5000 5005 5005 5003 5005 5004 5005 5001 5003 5002 5005 0 5003 0 0 5005 0 5003 5002 5005 5002 5000 5002 5001 5004 5003 5001 5000 5002 5005 0 5003 5002 5004 5002 5002 5000 5001 5005 5001 5004 5004 0 5000 5001 5003 5003 5003 5001 5003 5003 5001 5004 5000 5005 5004 5003 5001 5002 5001 5003 5002 5003 5001 5005 5000 5003 5002 5001 5004 5004 
5001 5004 5002 5000 5001 5004 5001 5005 5000 5002 5001 5000 5000 5004 5000 5002 5000 5005 5004 5004 5004 0 5003 5005 5001 5005 5003 5000 5002 5005 5002 5003 5000 5005 0 5003 5003 5005 5001 5004 5005 5003 5002 5002 5000 5000 5000 0 5005 0 5004 5000 5001 5000 5005 5002 0 5002 5002 5002 0 5000 5001 5001 5001 5000 5000 5004 5002 5000 5000 5005 5003 0 5000 5000 5003 5005 5000 5002 5002 5002 5003 5001 5005 5004 5003 5000 5001 5004 
5000 5003 5005 5004 5005 5005 5002 5000 5002 5004 5002 5002 5004 5005 5005 5005 5003 5003 5004 5002 5001 5005 5000 5001 5000 5005 5005 5000 5004 5005 5003 0 5001 0 5003 0 5001 5001 5003 5005 0 5000 5004 5002 5005 5002 5003 5001 0 5001 5005 5000 5003 5002 5000 5003 5002 5004 5000 5000 5001 5000 5003 5000 5001 5000 5002 5003 0 5004 0 5000 5003 5000 5001 5005 5004 5005 5003 5004 5003 5005 5002 0 5001 5000 5002 5005 5000 5004 
5002 5002 5004 5000 5002 5003 5004 5005 5005 5004 5002 5000 5000 5002 5002 5003 5002 5002 5002 5001 5004 5002 5003 5004 5005 5002 5000 5002 5003 5005 5001 5000 5001 5003 5003 5001 0 5000 5004 5001 5000 5000 5004 5000 5001 5000 5003 5002 0 5000 5003 5005 5002 5002 5002 5001 5003 5003 5000 5001 5002 0 5003 5000 5002 5002 5002 5000 5001 5003 5003 5005 5002 5005 0 5002 0 5001 5005 5000 5002 0 5004 5004 5002 5005 5002 5005 0 5003 
5005 5001 5004 5001 5002 5004 5004 5000 5004 5002 5001 5003 5003 5004 5005 5003 5004 5000 5002 5003 5002 5000 5001 5001 5000 5005 5001 5003 5001 5004 5003 5002 5002 5002 5005 5001 5000 0 5002 5002 5002 5001 5005 5002 5004 5001 5005 5002 5004 5003 5003 5005 5000 0 5005 5005 5001 5004 5001 5003 5002 5000 5003 5002 5003 5005 0 5000 5000 5002 5000 5003 5005 5001 5001 5003 5001 5005 5001 5002 5003 5000 5001 5000 5004 5001 5003 5002 5003 5005 
5005 5005 5000 5000 5005 0 5005 5002 5000 5004 5005 5001 5001 5003 5003 0 5000 5000 5000 5002 5002 5002 5001 5003 5004 5005 5004 5003 5003 5005 5001 5000 5001 5005 5001 5003 5004 5002 0 5003 5004 5001 5002 5004 5005 5004 5002 5000 5004 5002 5000 5002 5001 5000 5003 5004 0 5005 5005 5005 5000 5003 5001 5002 5004 5002 5003 5000 5001 5004 5003 5000 5005 5002 5004 0 5004 5003 5002 5002 5004 5002 5002 5003 5001 0 5005 5004 5004 5001 
5003 5005 5001 5002 5000 5005 5000 5000 5003 5001 5003 5005 5004 5002 5000 5000 5001 5001 5004 5005 5004 5002 5004 5001 5001 5001 5000 5005 5004 5001 5005 5000 5002 5002 5004 5005 5001 5002 5003 0 5003 5000 5004 5002 5004 5003 5002 5002 5000 5000 5004 5001 5004 5002 5002 5000 5001 5004 5003 5004 5004 5005 5001 5000 5004 5004 5001 5003 5002 5005 5005 5003 5005 5002 5005 5004 5001 5001 5003 5003 0 5001 5004 5004 5002 5002 5005 5005 5004 5003 
5000 5002 5001 5001 5004 5005 5003 5001 5004 5002 5003 5003 5005 5001 5000 5005 5004 5004 5004 5005 5003 0 5003 5001 5003 5000 5005 5004 5001 5003 5004 5004 5000 5000 5005 0 5000 5002 5004 5003 0 5005 0 5001 5002 5005 5000 5004 5002 5000 5001 5001 5001 5005 5000 5004 5005 5005 5004 5000 5001 5003 5000 5004 5004 5001 5001 5000 5005 5002 5000 5000 5004 5001 5000 0 5002 5001 5004 5004 5004 5002 5002 5000 5004 5005 5004 5002 5003 5003 
5003 5004 5001 5004 5002 5002 5002 5001 5005 5003 5004 5005 5003 5002 5003 5000 5004 5000 5003 5004 5000 5000 5004 5000 5005 5005 5003 5005 5005 5003 5004 5003 5000 5002 5003 5000 5000 5001 5001 5000 5005 0 5000 5002 5004 5001 5003 5004 5001 5004 0 5003 5005 5002 5001 5004 5001 5000 5005 5004 5001 5002 5003 5004 5001 5005 5005 5003 5004 5004 5000 5001 5003 5001 5004 5000 5003 5001 5004 5003 5002 5002 5000 5005 5003 5000 5001 5002 5003 5001 
5003 5005 5001 5001 5005 5005 0 5002 5001 5003 5003 5002 5004 5005 5000 5004 5000 5002 5000 5004 5000 5000 5005 5003 5005 5001 5005 5003 5004 5005 5001 5001 5003 5001 5002 5004 5004 5005 5002 5004 0 5000 0 5003 5005 5005 5005 5000 5005 5002 5004 5005 5004 5005 5005 5003 5003 5001 5002 5003 5003 5003 0 5001 5000 5004 5000 5003 5005 5002 5004 5003 5005 5005 5001 5004 5000 5003 5002 5004 5003 5003 5003 5004 5003 5002 5004 5005 5003 5005 
5000 5005 0 5005 5000 5003 5004 5004 5001 5005 5001 5001 5000 5005 5003 5004 5000 0 5003 5001 0 5002 5000 5001 0 5000 5001 5001 5001 5000 5004 5004 5000 5004 5002 5002 5000 5002 5004 5002 5001 5002 5003 0 5003 5000 5003 5005 5001 5005 5000 5004 5003 5002 5000 5005 5003 5005 5002 5002 5002 5004 5001 5000 5001 5002 5003 5002 5003 5005 5003 5000 5000 5001 5001 5001 0 5003 5004 5000 5003 5004 5004 5001 5000 5002 5000 5001 5005 5000 
5003 5005 5004 5002 5001 5000 5003 5005 5002 5004 5000 5004 5005 5004 5005 5002 0 5005 5000 5002 5005 5005 5005 5005 0 5000 5004 5002 5003 5005 5002 0 5000 5003 5000 5005 5001 5004 5005 5004 5002 5004 5005 5003 0 5003 5005 5005 5002 5002 5003 5005 5003 5002 5002 5004 5003 5002 5000 5005 5004 5000 5002 5000 5005 5005 5004 0 5003 5002 5003 5000 5003 5004 5004 5001 5001 5003 5000 5005 5001 5003 5002 5004 5005 5001 5002 5001 5005 5001 
5004 5005 5001 5004 5003 5003 5001 5005 5002 5000 5000 5000 5005 5005 5003 5004 5004 5002 5001 5003 5005 5000 5002 5004 0 5005 5001 5000 5004 5001 5003 5004 5004 5001 5000 5002 5000 5001 5004 5003 5005 5001 5005 5000 5003 0 5002 5004 5005 5004 5002 5001 5004 5003 0 5004 5000 5003 5002 5001 5004 5002 5002 5002 5005 5005 5000 5001 5005 5001 5003 5002 5001 5004 5004 5003 5004 5002 5002 5002 5001 5001 5004 5003 5004 5004 5001 5001 5003 5004 
5001 5002 5000 5000 5002 5004 5004 5004 5004 5005 5001 5003 5003 5005 5004 5002 5004 5003 5004 5001 5005 5004 5001 5003 5000 5002 5001 5003 5005 5005 5000 5005 5002 5000 5000 5003 5003 5005 5002 5002 5000 5003 5005 5003 5005 5002 0 5004 5002 5002 5002 5005 5004 5001 5003 5005 5000 5001 5000 5002 5004 5000 5000 5001 5001 5005 5000 5000 5005 5000 5002 5001 5003 5002 5003 5005 5001 5005 5005 5000 5003 5001 5004 5003 5001 5005 5002 5000 5003 5002 
5005 5000 5002 5003 5000 5004 5000 5000 5001 5004 5003 5002 5004 5004 5002 5001 5000 5005 5005 0 5000 5004 5001 0 5002 5004 5003 5000 5002 5002 5004 5002 5001 5002 0 5001 5002 5002 5000 5002 5004 5004 5000 5005 5005 5004 5004 0 5001 5000 0 5002 5004 5001 5003 5004 5001 5001 5003 5001 5005 0 5000 5004 5005 5002 5004 5004 5002 5005 5003 5005 5005 5003 5002 5001 5001 5002 5000 5000 5003 5004 5003 5002 5000 5001 5001 5000 5002 5002 
5001 5000 5004 5000 5002 5005 5001 5005 5001 5001 5003 5002 0 5005 5000 5003 5003 5004 5005 5003 5005 5005 5003 5005 5005 5002 5005 5002 5002 5003 5001 5004 5000 5005 5005 0 0 5004 5004 5000 5002 5001 5005 5001 5002 5005 5002 5001 0 5002 5000 5004 5003 5002 5001 5004 5004 5001 5004 5005 5005 5002 0 5001 5005 5003 5005 5003 5001 5000 5002 5002 5002 5002 5001 5004 5000 5003 5001 5002 5001 5002 5005 5004 5001 5003 5000 5003 5004 5001 
5000 5000 5000 5000 5002 5000 5004 5003 5002 5004 5004 5005 5001 5005 5000 5002 5003 5004 5002 5001 5003 5002 5003 5002 5005 5002 5001 5003 0 5001 5004 5001 5000 0 0 5001 5000 5003 5002 5000 5000 5004 5002 5005 5002 5004 5002 5000 5002 0 5000 5001 5002 5002 5004 5002 5005 5001 5005 5005 5003 5004 5001 5005 5003 5000 5004 5005 5002 5004 5001 5005 5004 5004 5000 5002 5000 5000 5005 5005 5003 5004 5001 5005 5002 5002 5002 5000 5002 5002 
5003 5001 5004 5004 5001 5001 5004 5001 5001 5003 5000 5005 0 5000 5001 5001 0 5004 5003 0 5001 5002 0 0 5000 5004 5003 5005 5005 5001 5003 5000 5002 5003 5004 5005 5003 5003 5000 5004 5001 0 5004 5000 5003 5002 5002 0 5000 5000 0 5005 5002 5000 5001 5004 5003 5003 5000 5000 5001 5005 5005 5003 5003 5002 5002 5004 5001 5001 5005 5005 0 5004 5003 5003 5005 5001 5001 5003 5005 5001 5005 0 5002 5001 5001 5001 5002 5002 
5001 5001 5002 5003 5001 5000 5003 5000 5004 5001 5004 5005 5004 5000 5001 5003 5005 0 5005 5001 5004 5004 5005 5001 5004 5005 5003 5001 5002 5001 5005 5004 5000 5002 5000 5000 5005 5005 5002 5001 5001 5003 5005 5004 5005 5001 5005 5002 5004 5001 5005 0 5004 5002 5004 5002 5001 5003 5002 5002 5004 5001 5001 5005 5000 5001 5000 5000 5004 5002 5004 5002 5004 5001 5003 0 5001 5005 5000 5001 5000 5005 5002 5004 5004 0 5004 5004 5001 5002 
5000 5000 5004 5002 5000 5001 5004 5005 0 5002 5005 5002 5001 5001 5004 5001 5001 5005 5000 5003 5003 5000 5005 5005 5005 5003 5005 5001 5000 5001 5005 5005 5005 5004 5001 5003 5002 5000 5001 5004 5001 5005 5004 5003 5003 5004 5004 5004 5003 5002 5002 5004 0 5002 5001 5004 5005 0 5000 5004 5005 5004 5000 5005 5002 5003 5002 5000 5005 5005 5003 5002 5005 5005 5004 5000 5005 5001 5005 5002 5001 5000 5005 5001 5002 5004 5004 5002 5004 5002 
5001 5003 5003 0 5005 5000 5000 5000 5000 5003 5004 5005 5003 5005 5004 5000 5004 0 5000 5001 5003 5003 5003 5004 5002 5005 5002 5004 5000 0 5005 5003 5004 5002 5000 5002 5002 0 5000 5002 5005 5002 5005 5002 5002 5003 5001 5001 5002 5002 5000 5002 5002 0 5004 0 5002 5004 5003 5000 5000 5002 5003 5005 5004 5005 5001 5000 5000 5003 5003 5005 5004 5000 5005 5002 5005 5003 5001 5000 5004 0 5000 5003 5001 5002 0 0 5004 5002 
0 5005 0 5001 5001 5005 5002 5003 5004 5000 0 5005 5000 5002 5003 5000 5002 5003 0 5003 5001 5005 5000 5004 5005 5002 5001 5000 0 5001 5003 5003 5000 5002 5005 5000 5002 5005 5003 5002 5000 5001 5005 5000 5002 0 5003 5003 5001 5004 5001 5004 5001 5004 0 5003 5003 5000 5001 5001 5001 5001 5005 5003 5002 5002 5000 5001 5001 5003 5003 5002 5005 5001 5003 5005 5002 5001 5002 5003 5005 5004 5003 5000 5000 5001 5000 5004 5000 5005 
5001 5003 5001 5000 5005 5005 5005 5005 5004 5003 5004 5005 5002 5004 5002 5003 5005 5005 5000 5003 5003 5000 5002 5002 5004 5000 5001 5001 5004 5001 5003 5000 5005 5000 5002 5003 5001 5005 5004 5000 5004 5004 5003 5005 5004 5004 5005 5004 5004 5002 5004 5002 5004 0 5003 0 5005 5002 5003 5002 5002 5002 5000 5002 5002 5000 5000 5000 5002 5003 5000 0 5004 0 5002 5005 5000 5005 5005 5005 5004 5003 5004 5004 5002 5004 5003 0 5000 5002 
5005 5002 5003 5000 5003 5000 5004 5002 5005 5003 5000 0 5003 5001 5003 5000 5005 5001 5004 5000 5005 5005 5000 5001 5005 5002 5001 5003 5003 5003 5005 5002 5005 5001 0 5002 5003 5001 0 5001 5005 5001 5003 5003 5003 5000 5000 5001 5004 5005 5003 5001 5005 5002 5003 5005 0 5001 5001 5002 5002 5004 5003 5001 5004 5000 5000 5004 5002 5000 5003 5000 0 5004 5002 5005 5000 5000 5004 5001 5000 5005 5004 5003 5005 5002 5002 5001 5002 5002 
5003 0 5002 5003 5001 5002 5002 5004 5000 5003 5003 5004 5001 5002 5004 5002 5000 5003 0 5000 5001 5003 5001 5002 5002 5000 5004 5003 5005 5002 5004 5001 5002 5005 5002 5004 5003 5004 5005 5004 5005 5000 5001 5005 5002 5003 5001 5001 5001 5001 5003 5003 0 5004 5000 5002 5001 0 5002 5005 5003 5003 5002 5000 5003 5003 5003 5001 5002 5002 5003 5003 5003 5001 5005 5004 5000 5004 5005 5005 5002 5004 5005 5002 5002 5000 5003 5001 5005 5002 
5000 5003 5000 5000 5003 5003 5005 5005 5003 5004 5003 5004 5002 5000 5001 5001 5005 5001 5004 5003 5001 5003 5000 5000 5001 5003 5003 5001 5004 5003 5001 5002 5005 5001 5002 5000 5000 5001 5005 5003 5004 5005 5002 5002 5000 5002 5000 5003 5004 5005 5000 5002 5000 5003 5001 5003 5001 5002 0 5004 5003 5000 5003 5001 5004 5002 0 5005 5001 5000 5001 5002 5003 5003 5000 5005 5003 5002 5000 5005 5002 5003 5005 5000 5005 5000 5004 5005 0 5001 
5004 5003 5004 5000 5005 5003 5005 5001 5001 5003 0 5003 5000 5005 5001 5004 5005 5001 5001 5001 5000 5000 0 5005 0 5001 0 5000 5003 5003 5002 5001 5000 5004 5002 5000 5001 5003 5005 5004 5000 5004 5003 5002 5005 5001 5002 5001 5005 5005 5000 5002 5004 5000 5001 5002 5002 5005 5004 0 5005 5005 5005 5002 5003 5002 5005 5004 5002 5004 5000 5001 5003 5001 5005 5002 5002 5003 5005 5004 5003 5004 5000 5002 5001 5005 5003 5002 5004 5000 
5000 5002 5004 5002 5005 5005 5000 5003 0 5004 5000 5001 5004 5003 5002 5001 5000 5000 5003 0 5000 5005 5004 5000 5005 5003 5003 5000 5005 5000 5003 5004 5004 5004 0 5001 5002 5002 5000 5004 5001 5001 5003 5002 5004 5004 5004 5005 5005 5003 5001 5004 5005 5000 5001 5002 5002 5003 5003 5005 0 5004 0 5005 5005 5005 5004 5000 5000 5005 5001 5002 5004 5002 5001 5005 5000 5000 5001 5005 5001 5002 5004 5003 5001 5001 5003 5005 5003 5003 
5003 5005 5005 5003 5005 5001 5001 5001 5000 5002 5000 5004 5001 5000 5002 5000 5004 5002 5003 5002 5003 5005 5004 5002 5002 5005 5002 5002 5005 5002 5004 5005 5001 0 5000 5000 0 5000 5003 5005 5003 5002 5003 5004 5000 5002 5000 0 5002 5004 5005 5001 5004 5002 5001 5002 5004 5003 5000 5005 5004 0 5000 5001 5001 5001 5001 5005 5003 5000 5005 5005 5004 5002 5004 5003 5001 0 5005 5005 5001 5003 5003 0 5000 5004 5004 5002 5002 5002 
5004 5005 5000 5005 5004 5003 5001 5004 5003 5000 5005 5005 5001 5004 5004 5003 0 5000 5002 5002 5001 5002 5002 5002 5005 5005 5000 5001 0 5000 5004 5003 0 5000 5001 5003 5003 5003 5001 5001 5000 5003 0 5001 5002 5002 5000 5000 0 5001 5005 5001 5000 5003 5005 5000 5003 5002 5003 5005 0 5000 0 5001 5002 5002 5003 5002 5000 5000 5002 5000 5004 5003 5000 5001 5005 5001 5000 5004 5005 5002 5001 5005 5002 5000 5004 5003 5002 5005 
5000 5004 5005 5002 5002 5005 5004 5000 5004 5002 5002 5003 5001 5004 5001 5002 5003 5002 0 5001 5000 0 5004 5001 5005 5002 5001 5003 5005 5003 5005 5003 5000 5001 5001 5000 5000 5002 5002 5000 5004 5004 5001 5000 5000 5002 5001 5004 5001 5005 5003 5005 5005 5005 5003 5002 5001 5000 5001 5002 5005 5001 5001 0 5003 0 5000 5001 5003 5001 5003 5005 5005 5003 5005 5001 5005 5000 5005 5001 5000 5000 5001 5004 5004 5005 5003 5004 5004 5004 
5001 5003 5003 5005 5000 5003 5005 5002 5002 5002 5002 5005 5004 5000 5001 5002 5002 5005 5000 5000 5000 5005 5003 5001 5001 5000 5003 5001 5001 5000 5001 5004 5003 5003 5001 5001 5002 5003 5004 5004 5004 5001 5000 5001 5005 5005 5001 5005 5005 5003 5003 5000 5002 5004 5002 5002 5004 5003 5004 5003 5005 5001 5002 5003 0 5005 5000 5003 5001 0 5000 5001 5003 5000 5005 0 5005 0 5004 5003 5000 5001 5000 5004 5005 5005 5005 5003 5001 5005 
5002 5001 5000 5002 5000 5005 5001 5003 5000 5001 5005 5000 5004 5003 5004 5003 5003 5004 5003 5005 5002 5004 5005 5000 5004 5000 5003 5005 5003 5004 5002 5005 5004 5003 5000 5000 5002 5005 5002 5004 5001 5005 5004 5002 5005 5005 5005 5002 5003 5000 5002 5001 5003 5005 5002 5000 5000 5003 5002 5002 5005 5001 5002 0 5005 0 5003 5000 5004 5002 5005 5002 5000 5000 5003 5003 5001 5005 5000 5005 5005 5005 5005 5001 5004 5004 0 5004 5001 5000 
5005 5005 5004 5000 5003 5005 5000 5003 5003 5004 5004 5003 5003 5000 5001 5003 5001 5001 5004 0 5005 5001 5003 5003 5005 5003 5005 5005 5001 0 5000 5004 5000 5003 5000 5002 5002 0 5003 5001 5001 5005 5000 5003 5004 5000 5000 5004 5005 5004 5002 5000 5002 5001 5000 5000 5000 5003 0 5005 5004 5001 5003 5000 5000 5003 0 5004 5005 5002 5004 5004 5002 5002 5003 5001 5003 5004 5001 5001 5005 5000 5003 5005 5003 5001 5001 5003 5005 5004 
5001 5002 5005 5005 5002 5003 5002 5003 5000 5005 5004 5004 5002 5005 5002 5005 5005 5001 5000 5003 5005 5000 5002 5003 5001 5000 5001 5002 5001 5005 5004 5005 5005 5001 5004 5003 5000 5000 5000 5003 5000 5003 5003 5002 0 5001 5000 5004 5003 5005 5004 5000 5000 5000 5001 5000 5004 5001 5005 5004 5000 5005 5002 5001 5003 5000 5004 0 5003 5003 5000 5000 5005 5000 5005 5001 5005 5003 5002 5003 5002 5000 5003 5005 5005 5000 5002 5001 5003 5001 
5002 5000 5002 5002 5003 5000 5003 5003 5003 5000 5001 5003 5002 5001 5002 5000 5004 5004 5004 5004 5002 5000 5000 5000 5002 5003 5001 5001 5005 5005 5003 5004 5000 5003 5002 0 5001 5000 5001 5002 5005 5004 5005 5003 5003 5005 5005 5002 5001 5002 5001 5004 5005 5000 5001 5002 5002 5002 5001 5002 5000 5003 5000 5003 5001 5004 5005 5003 0 5004 5000 0 5002 5002 5001 0 5004 5002 5000 5002 5005 5003 5002 0 5000 5001 5005 5004 5001 5003 
0 5005 5005 5000 5005 5001 5001 5001 5001 5005 5001 5001 5004 5000 5000 5000 5005 5005 5004 5000 5001 5005 5000 5002 5001 5001 5005 5005 5004 5000 5005 5000 5001 5003 5000 5004 5003 5002 5004 5005 5002 5004 5002 5005 5002 5001 5000 5005 5000 5004 5001 5002 5005 5003 5003 5003 5000 5002 5000 5004 5005 5000 5000 5001 0 5002 5002 5003 5004 0 5001 5002 5004 5005 5005 5005 5000 5000 5000 5000 5005 5003 5002 5005 5002 5001 5005 5000 5004 5001 
5004 5005 5002 5001 5001 5002 5003 5003 5001 5000 5005 5004 5003 5002 5002 5002 5005 5001 5003 5003 5003 5002 5002 5005 5003 5003 5002 5002 5002 5002 5001 0 5005 5001 5000 0 5003 5000 5003 5005 5000 5000 5004 5003 5003 5003 5002 5003 5002 5001 5005 5004 5003 5003 5003 5000 5003 5003 5001 5000 5001 5005 5002 5003 5000 5005 5004 5000 5000 5001 0 5003 5001 5000 5005 5002 5000 5002 5002 0 5004 5004 5005 5000 5000 5003 5004 5004 5000 5001 
5001 0 5001 5005 5003 5002 5005 5001 5001 5000 5004 5004 5005 5002 5001 5005 5003 5004 5002 5000 5004 5000 0 5000 5001 5001 5002 5003 5003 5005 5001 5003 5004 5004 5005 5000 5005 5003 5000 5003 5000 5001 5003 5000 5000 5002 5001 5005 5002 5005 5005 5002 5002 5005 5002 0 5000 5003 5002 5001 5002 5005 5000 5005 5001 5002 5004 5000 0 5002 5003 0 5001 5004 5002 5001 5004 5004 5005 5001 0 5000 5005 5005 0 5004 5004 5004 5005 5001 
5005 5001 5000 5005 5001 5004 5004 5003 5002 5001 5002 5003 5001 5002 5001 5003 5001 5003 5004 5003 5002 5003 5004 5004 5002 5000 5005 5001 0 5000 5002 5003 5001 5000 5003 5003 5002 5005 5005 5005 5004 5003 5005 5000 5003 5001 5003 5005 5002 5004 0 5004 5005 5004 5005 5004 0 5003 5003 5003 5004 5004 5004 5005 5003 5000 5002 5005 5002 5004 5001 5001 0 5005 5002 5005 5001 5004 5002 0 5005 5003 5000 5003 5004 5004 5005 5003 5000 5004 
5001 5002 5000 5005 5002 5004 5003 5001 5005 5000 5003 5005 5003 5004 5004 5005 5000 5001 5003 5001 5003 5005 5002 5000 5001 5004 5000 5003 5000 5002 5003 5004 5001 5005 0 5000 5005 5001 5002 5002 5001 5001 5005 5001 5004 5004 5002 5003 5002 5004 5004 5001 5005 5000 5001 0 5004 5001 5003 5001 5002 5002 5003 5003 5000 5000 5002 5000 5002 5005 5000 5004 5005 0 0 5003 5005 5001 5001 5001 0 5000 5001 5004 5004 5004 5001 5004 5004 5004 
5005 5002 5002 0 5003 0 5005 5000 5005 5005 5001 5005 0 5000 5005 5002 5001 5001 5004 5000 5003 5004 5004 5002 5003 5001 5004 5000 5002 5001 5005 5000 5003 5004 5000 5001 0 5001 5004 5005 5000 5004 5001 5001 5004 5004 5003 5002 5001 5000 5003 5003 5004 5005 5003 5002 5002 5005 5000 5005 5001 5004 5000 5005 5005 5003 5003 5005 5001 5005 5005 5002 5002 0 0 5002 5000 5001 5003 5002 5003 5002 5003 5000 5004 5002 5002 0 5005 5002 
5005 5002 5000 5001 5001 5004 5001 5005 5003 0 5004 5001 5004 5003 0 5004 5005 5001 5005 5005 5003 5000 5005 5004 5005 5005 5001 5002 5003 5000 5005 0 5001 5003 5000 5005 5002 5003 0 5004 0 5000 5004 5001 5001 5003 5005 5001 5004 5002 5003 0 5000 5002 5005 5005 5005 5004 5005 5002 5005 5003 5001 5001 0 5003 5001 5001 0 5005 5002 5001 5005 5003 5002 0 0 5004 5002 5000 5004 5003 5003 5001 5000 5000 5002 5001 5003 5003 
5003 5003 5005 5004 5002 5002 0 5001 5003 5004 5003 5004 5002 5005 5000 5003 5003 0 5005 5002 5004 5005 5000 5005 5001 5004 5004 0 5005 5005 0 5002 5003 5001 5003 5004 0 5001 5004 5001 5002 5003 5000 0 5001 5004 5001 5001 5000 5000 5005 5001 5005 5005 5002 5000 5000 5000 5003 5002 5000 5001 5005 5005 5005 5001 5003 5005 5004 5000 5000 5004 5001 5005 5000 0 0 5001 5000 5002 5004 5000 5003 5004 5002 5005 5004 5001 5001 5001 
5004 5002 5000 5005 5000 5002 5005 5000 5002 5003 5005 5001 5005 5000 5005 5003 5005 5000 5000 5004 5002 5002 5001 5002 5001 5003 5003 5005 5005 5002 5005 5000 5005 5002 5005 5005 5001 5005 5003 5001 5001 5001 5003 5003 5003 5002 5005 5002 5003 5000 5001 5005 5001 5003 5001 5005 5000 5004 5002 5003 5000 0 5001 5000 0 5005 5004 5003 5002 5000 5002 5004 5004 5001 5001 5004 5001 0 5003 5002 5003 5002 5004 0 5001 5005 5004 5003 5004 5004 
5002 5002 5001 5000 5001 5000 5001 5000 5005 5003 5002 5004 5004 5004 5001 5000 5002 5000 5001 5005 5003 5002 5001 5004 5000 5005 5004 5000 5004 5000 5000 5000 5005 5001 5000 5003 5005 5001 5002 5003 5004 5004 5002 5004 5000 5002 5005 5000 5001 5005 5001 5000 5005 5001 5002 5005 5004 5005 5000 5005 5001 5005 5000 5005 5004 5000 5001 5002 5000 5000 5002 5005 5002 5001 5003 5002 5000 5003 0 5005 5000 0 5005 5002 5000 5004 5004 5005 0 5003 
5002 5005 5005 5000 5000 5001 5000 5002 5005 5000 5000 5002 5001 5000 5004 5001 5002 5002 5004 5004 5005 0 5003 5002 5002 5001 5001 5001 5003 5002 5001 5005 5003 5003 5002 5004 5000 5002 5002 5003 5004 5003 5004 5000 5005 5002 5000 5000 5002 5005 5003 5001 5002 5000 5003 5005 5001 5005 5005 5004 5005 5005 5004 5001 5003 5005 5001 5003 5002 5000 0 5001 0 5001 5002 5000 5002 5002 5005 0 0 0 5003 5002 5004 5003 5001 5003 5001 5002 
5005 5001 5005 5002 5003 5001 5004 5000 5000 5005 5000 5003 5000 5002 5005 5000 5005 5000 5000 5000 5003 5002 5005 5004 5002 5001 5000 5001 5002 5003 5001 5001 5005 5002 5002 5003 5002 5003 5004 0 5004 5002 5003 5003 5001 5001 5003 5003 5001 5003 5005 5000 5001 5004 5005 5004 5000 5002 5002 5003 5001 5001 5005 5000 5000 5005 5005 5002 5005 5005 5004 0 5005 0 5003 5004 5004 5003 5000 0 0 0 5005 5001 5002 5005 5002 5005 5002 5000 
5003 5001 5004 5004 5001 5001 5000 5000 5003 5000 5002 5002 5000 5000 5002 5004 5001 5000 5002 5001 5000 5003 5005 5005 5002 5005 5002 5003 5002 5005 5002 5004 5003 5003 5002 5005 0 5000 5002 5001 5002 5002 5003 5004 5003 5001 5001 5004 5002 5004 5001 5005 5000 0 5004 5003 5005 5004 5003 5004 5002 5003 5002 5000 5001 5005 5000 5000 5003 5003 5004 5000 5003 5000 5002 5003 5000 5002 0 0 0 0 5004 5004 0 5004 5004 5003 5001 5004 
5002 5003 5002 0 5004 5001 5004 5004 5005 5001 5002 5004 5001 5002 0 5005 5003 5004 5003 5004 5005 0 5000 5001 5002 5000 5005 5004 5003 5002 5001 5002 5002 5001 5003 5002 5004 5001 5002 5004 5002 5000 5003 5004 5002 5004 5004 5003 5005 5001 5005 5002 5005 5000 5003 5004 5004 5005 5005 5000 5004 5003 5001 5001 5000 5005 5003 5003 5002 5002 5005 5005 5000 5001 5003 5003 5003 5004 5005 5003 5005 5004 0 5002 5005 0 5000 5004 5005 5002 
5001 0 5000 5004 5005 5005 5003 5003 5003 5002 5003 5001 0 5005 5000 5005 5000 5005 5004 5003 5003 5002 5002 5000 5001 5000 5002 5000 0 5004 0 5002 5004 5005 5001 0 5004 5000 5003 5004 5000 5005 5004 5001 5004 5003 5003 5002 5004 5005 0 5004 5001 5003 5000 5004 5003 5002 5000 5002 5003 0 5005 5004 5004 5001 5005 5005 0 5005 5000 5005 5003 5004 5000 5001 5004 0 5002 5002 5001 5004 5002 0 5003 5002 5002 5004 5002 5001 
5003 5000 5005 5004 5004 5000 0 5001 5001 5000 5004 5001 5005 5000 5005 5001 5000 5000 5000 5001 5004 5005 5002 5004 5001 5002 5001 5004 5003 0 5000 5003 5001 5000 5005 5001 5002 5004 5001 5002 5004 5003 5003 5000 5005 5004 5001 5000 5001 5002 5002 5004 5002 5001 5000 5002 5005 5002 5005 5001 5001 5000 5002 5004 5005 5004 5003 5005 5000 5002 5000 0 5004 5004 5004 5000 5002 5001 5000 5004 5002 0 5005 5003 0 5002 5001 5004 5005 5000 
5001 5002 5001 5001 0 5000 5005 5000 5000 5002 5002 5000 5000 5004 5004 5002 5000 5000 5003 5003 5005 5004 5005 5001 5003 5001 5005 5001 5005 5001 5005 5000 5002 5003 5004 5000 5005 5001 0 5002 5005 5000 5002 5002 5001 5004 5005 5001 5003 5002 5001 0 5004 5002 5001 5004 5002 5000 5000 5005 5001 5004 5000 5005 5005 5004 5001 5000 5001 5001 5003 5004 5004 5004 5002 5000 5005 5005 5004 5003 5005 5004 0 5002 5002 0 5002 5001 5001 5000 
5001 5002 5000 5002 5002 5003 5001 5005 5002 5005 0 5001 5003 5000 5005 5005 5005 5002 5001 5004 5000 5000 5001 5002 5004 5001 5002 5001 5002 5003 5001 5002 5002 5002 5003 5002 5002 5003 5005 5005 5004 5001 5004 5000 5002 5001 5002 5001 5000 5002 5001 5004 5004 0 5000 5003 5002 5003 5004 5003 5003 5004 5004 5003 5005 0 5001 5002 5005 5005 5004 5004 5005 5001 5002 5002 5004 5004 5004 5001 5002 5004 5000 5002 5001 5002 0 5004 5002 0 
5000 5003 5004 5005 5000 5003 5001 5000 5003 5000 5004 5000 5004 5004 5003 0 5000 0 5000 5002 5000 5000 5004 5002 0 5003 5003 5000 5002 5000 0 5003 5004 5001 5000 5005 5005 5002 5004 5005 5002 5002 5005 5001 5001 5001 5000 5000 5003 5000 5001 5004 5002 0 5004 0 5001 5001 5005 5002 5005 5002 5003 5004 5003 5004 5003 5001 5004 5000 5004 5004 5003 5004 0 5001 5001 5003 5005 5003 5005 5003 5004 5004 5004 5001 5004 0 5003 5003 
0 5003 5005 5005 5001 5002 5000 5000 5000 5004 5003 5001 5003 5004 5005 5005 5002 5001 5000 5003 5000 5001 5002 5003 5003 5001 5002 5004 5003 5002 5001 5003 5004 5004 5001 5000 0 5003 5004 5004 5003 5003 5003 5005 5005 5003 5003 5002 5004 5002 5002 5001 5004 5004 5000 5000 5002 5005 0 5004 5003 5002 5002 5004 5001 5001 5005 5003 5001 5004 5000 5005 5000 5004 5005 5003 5001 5004 0 5001 5002 5001 5005 5002 5005 5001 5002 5003 0 5002 
5004 5000 5002 0 5003 5002 5005 5001 5005 5002 5002 5002 5004 5003 5002 5002 5004 5001 5000 5005 5003 5004 5002 5005 5005 5004 5004 5004 5005 5004 5005 5005 5000 5004 5004 5004 5003 5005 5001 5003 5003 5001 5005 5000 5001 5004 5002 5002 5001 5002 5002 5002 5002 5002 5005 5002 5002 5002 5001 5000 5003 5002 5005 5004 5005 5000 5004 5001 5003 5001 5001 5001 5004 5004 5002 5003 5001 5004 5003 5002 5000 5004 5002 5001 5000 5000 0 5003 5002 0 
