50 21 24
0 20754 0 0 24234 0 0 0 0 23301 0 0 0 0 28011 0 0 0 0 26221 28415 0 0 0 27678 25670 0 0 0 0 0 29518 0 0 0 0 0 0 0 21613 0 0 0 0 29073 0 0 28482 0 24529 
20754 0 0 0 0 0 28705 25014 23482 0 0 29826 0 28003 22606 0 20286 0 28937 0 0 28531 0 29803 0 0 0 22248 25893 27601 0 0 20367 0 0 22453 0 0 0 29082 29201 0 0 0 0 0 25706 27572 22759 0 
0 0 0 0 0 0 0 23675 0 0 0 0 20770 0 25388 0 0 0 23418 22339 24061 0 0 29980 0 0 0 0 0 21257 0 0 23939 0 0 25044 0 0 0 0 25863 0 0 0 0 0 20788 0 29749 0 
0 0 0 0 0 0 0 0 0 0 0 0 24240 0 0 0 0 0 0 0 0 26997 0 25542 0 0 20241 27515 29829 0 29339 0 27815 22588 0 0 26946 0 0 0 0 0 0 29675 0 22519 0 0 27410 21481 
24234 0 0 0 0 0 0 20781 0 0 0 25164 0 0 27161 0 0 28603 22105 28146 0 0 27392 0 0 0 0 22793 0 0 0 22854 0 0 26036 0 21773 23356 0 0 0 0 0 0 26453 0 0 21655 20711 0 
0 0 0 0 0 0 0 0 0 0 0 25442 0 0 0 0 0 20601 26984 0 25755 27656 0 0 20851 0 0 0 0 29404 24273 0 0 28709 23429 0 20457 0 0 0 0 20419 21762 0 0 29690 0 25797 29191 0 
0 28705 0 0 0 0 0 24944 0 0 28042 0 0 0 0 0 0 23041 0 22614 0 0 0 0 0 28259 0 20379 0 27025 0 0 0 0 23705 0 25046 27473 0 0 25507 0 0 0 0 0 0 0 25195 23035 
0 25014 23675 0 20781 0 24944 0 0 0 20543 25952 0 0 29638 0 0 0 25710 0 0 0 0 0 0 0 0 0 0 0 0 25958 0 0 0 0 0 25025 0 0 0 0 0 27558 0 0 0 0 29578 0 
0 23482 0 0 0 0 0 0 0 0 0 0 0 25474 0 0 0 0 0 0 0 0 0 0 0 0 0 23392 25747 0 27616 0 0 0 26602 0 0 0 0 0 0 0 28012 0 0 0 0 0 0 22023 
23301 0 0 0 0 0 0 0 0 0 0 0 0 27901 0 0 0 0 0 0 0 0 29116 0 0 0 0 0 0 0 29987 0 21619 0 0 20251 0 26844 29006 0 27422 0 21214 26288 0 0 0 0 0 28822 
0 0 0 0 0 0 28042 20543 0 0 0 0 20850 0 24673 26851 23011 21355 0 0 27935 0 23551 0 26918 0 0 29157 0 22782 0 0 0 0 0 0 0 24886 0 27280 0 0 0 26686 22852 22697 0 25253 0 25730 
0 29826 0 0 25164 25442 0 25952 0 0 0 0 0 0 28096 0 0 25772 0 25807 27563 0 20094 0 0 29685 0 0 0 0 20007 24468 0 0 24059 0 0 25555 0 0 27305 0 0 0 0 25352 0 0 0 0 
0 0 20770 24240 0 0 0 0 0 0 20850 0 0 0 0 0 0 0 25590 0 0 0 20867 0 0 22047 0 29953 27040 0 28635 20052 0 24450 0 0 0 0 0 29069 0 24638 0 23729 28147 0 0 29363 0 24652 
0 28003 0 0 0 0 0 0 25474 27901 0 0 0 0 0 26250 0 0 0 25489 23127 0 0 0 0 0 0 0 0 0 0 28360 25432 0 0 0 0 0 0 0 0 0 0 0 0 0 0 0 29895 0 
28011 22606 25388 0 27161 0 0 29638 0 0 24673 28096 0 0 0 0 29276 27661 0 0 0 0 23432 0 21123 0 0 28948 25384 29289 28676 0 0 0 0 0 21554 26387 26890 0 0 0 0 0 20178 24314 0 0 0 0 
0 0 0 0 0 0 0 0 0 0 26851 0 0 26250 0 0 0 0 0 23649 0 0 0 27420 0 26094 25786 0 0 0 0 22652 0 24800 0 27618 29367 0 0 25986 23622 0 24732 0 23724 0 28364 0 0 0 
0 20286 0 0 0 0 0 0 0 0 23011 0 0 0 29276 0 0 0 0 0 0 0 0 0 0 0 0 27010 26393 0 0 0 23703 0 0 0 24765 0 0 0 0 0 0 0 0 0 23514 0 20019 0 
0 0 0 0 28603 20601 23041 0 0 0 21355 25772 0 0 27661 0 0 0 27869 0 26195 0 23654 0 0 24996 0 0 0 23690 0 27122 0 0 21427 0 0 0 20156 29310 25307 24612 0 0 0 0 0 0 0 0 
0 28937 23418 0 22105 26984 0 25710 0 0 0 0 25590 0 0 0 0 27869 0 0 0 21303 0 25406 0 0 0 0 0 24737 0 0 26448 0 26031 0 25078 22249 0 0 23965 0 0 0 0 0 0 28102 0 21602 
26221 0 22339 0 28146 0 22614 0 0 0 0 25807 0 25489 0 23649 0 0 0 0 0 0 0 0 23134 22404 0 29501 0 0 0 0 0 0 0 0 0 0 0 0 25456 0 0 0 0 22405 26872 0 25259 0 
28415 0 24061 0 0 25755 0 0 0 0 27935 27563 0 23127 0 0 0 26195 0 0 0 0 0 0 0 0 27704 0 0 0 0 23347 0 0 0 0 0 0 27568 0 22286 0 23730 0 20144 0 0 0 0 27031 
0 28531 0 26997 0 27656 0 0 0 0 0 0 0 0 0 0 0 0 21303 0 0 0 0 22124 26834 0 25823 22826 0 20741 20420 0 23124 0 0 0 0 21660 0 29770 0 0 0 0 0 28669 0 0 0 0 
0 0 0 0 27392 0 0 0 0 29116 23551 20094 20867 0 23432 0 0 23654 0 0 0 0 0 28370 0 26023 0 0 26303 23584 0 21397 0 25826 0 29333 0 20044 0 0 0 0 26910 0 0 23019 0 25399 0 0 
0 29803 29980 25542 0 0 0 0 0 0 0 0 0 0 0 27420 0 0 25406 0 0 22124 28370 0 0 0 0 0 25127 0 23812 0 0 22855 0 29001 0 20651 0 0 0 28192 0 0 21026 26183 29480 0 0 0 
27678 0 0 0 0 20851 0 0 0 0 26918 0 0 0 21123 0 0 0 0 23134 0 26834 0 0 0 0 26610 0 0 26612 26770 0 0 0 0 28961 25326 0 29137 0 24591 0 0 0 0 20901 0 0 0 0 
25670 0 0 0 0 0 28259 0 0 0 0 29685 22047 0 0 26094 0 24996 0 22404 0 0 26023 0 0 0 0 25044 23952 0 29172 25375 24383 0 0 0 0 0 25419 0 24451 25792 21742 0 24066 0 20035 23782 0 20416 
0 0 0 20241 0 0 0 0 0 0 0 0 0 0 0 25786 0 0 0 0 27704 25823 0 0 26610 0 0 24021 28714 0 0 25735 0 0 0 20340 0 0 0 0 0 0 0 24232 0 26508 0 0 22887 27994 
0 22248 0 27515 22793 0 20379 0 23392 0 29157 0 29953 0 28948 0 27010 0 0 29501 0 22826 0 0 0 25044 24021 0 25080 29772 0 27026 0 0 27576 0 29017 0 0 0 24938 27710 0 0 0 0 0 21966 0 0 
0 25893 0 29829 0 0 0 0 25747 0 0 0 27040 0 25384 0 26393 0 0 0 0 0 26303 25127 0 23952 28714 25080 0 0 0 0 0 0 21275 0 0 0 28152 20390 0 23873 21347 0 0 0 22104 0 0 23947 
0 27601 21257 0 0 29404 27025 0 0 0 22782 0 0 0 29289 0 0 23690 24737 0 0 20741 23584 0 26612 0 0 29772 0 0 0 0 0 0 27509 22143 21589 0 0 24412 25820 0 0 0 0 0 0 0 0 0 
0 0 0 29339 0 24273 0 0 27616 29987 0 20007 28635 0 28676 0 0 0 0 0 0 20420 0 23812 26770 29172 0 0 0 0 0 21447 20691 20597 0 0 0 0 0 20279 22568 0 28723 23062 0 0 21148 24283 20358 22461 
29518 0 0 0 22854 0 0 25958 0 0 0 24468 20052 28360 0 22652 0 27122 0 0 23347 0 21397 0 0 25375 25735 27026 0 0 21447 0 0 0 22230 0 0 21493 29123 23363 28667 22830 0 0 0 23978 23051 23200 0 28520 
0 20367 23939 27815 0 0 0 0 0 21619 0 0 0 25432 0 0 23703 0 26448 0 0 23124 0 0 0 24383 0 0 0 0 20691 0 0 0 0 0 0 0 0 0 0 0 0 0 0 0 22529 0 0 28239 
0 0 0 22588 0 28709 0 0 0 0 0 0 24450 0 0 24800 0 0 0 0 0 0 25826 22855 0 0 0 0 0 0 20597 0 0 0 0 0 24280 0 0 0 26864 28446 24056 24945 0 0 23619 0 0 0 
0 0 0 0 26036 23429 23705 0 26602 0 0 24059 0 0 0 0 0 21427 26031 0 0 0 0 0 0 0 0 27576 21275 27509 0 22230 0 0 0 0 27430 0 27440 29428 0 0 20640 0 0 0 25729 0 26720 24450 
0 22453 25044 0 0 0 0 0 0 20251 0 0 0 0 0 27618 0 0 0 0 0 0 29333 29001 28961 0 20340 0 0 22143 0 0 0 0 0 0 0 0 0 0 0 0 0 0 27378 21423 0 22009 28147 0 
0 0 0 26946 21773 20457 25046 0 0 0 0 0 0 0 21554 29367 24765 0 25078 0 0 0 0 0 25326 0 0 29017 0 21589 0 0 0 24280 27430 0 0 0 0 0 0 0 24910 0 0 0 0 0 27470 0 
0 0 0 0 23356 0 27473 25025 0 26844 24886 25555 0 0 26387 0 0 0 22249 0 0 21660 20044 20651 0 0 0 0 0 0 0 21493 0 0 0 0 0 0 0 22351 0 24706 0 24686 0 0 0 0 26972 0 
0 0 0 0 0 0 0 0 0 29006 0 0 0 0 26890 0 0 20156 0 0 27568 0 0 0 29137 25419 0 0 28152 0 0 29123 0 0 27440 0 0 0 0 0 20123 0 0 0 22734 26080 0 23310 0 0 
21613 29082 0 0 0 0 0 0 0 0 27280 0 29069 0 0 25986 0 29310 0 0 0 29770 0 0 0 0 0 0 20390 24412 20279 23363 0 0 29428 0 0 22351 0 0 0 0 0 0 0 0 0 0 0 0 
0 29201 25863 0 0 0 25507 0 0 27422 0 27305 0 0 0 23622 0 25307 23965 25456 22286 0 0 0 24591 24451 0 24938 0 25820 22568 28667 0 26864 0 0 0 0 20123 0 0 0 0 0 0 0 21489 0 0 21520 
0 0 0 0 0 20419 0 0 0 0 0 0 24638 0 0 0 0 24612 0 0 0 0 0 28192 0 25792 0 27710 23873 0 0 22830 0 28446 0 0 0 24706 0 0 0 0 0 0 0 0 0 0 24913 0 
0 0 0 0 0 21762 0 0 28012 21214 0 0 0 0 0 24732 0 0 0 0 23730 0 26910 0 0 21742 0 0 21347 0 28723 0 0 24056 20640 0 24910 0 0 0 0 0 0 28284 0 0 0 0 0 0 
0 0 0 29675 0 0 0 27558 0 26288 26686 0 23729 0 0 0 0 0 0 0 0 0 0 0 0 0 24232 0 0 0 23062 0 0 24945 0 0 0 24686 0 0 0 0 28284 0 24070 0 0 21705 28010 20807 
29073 0 0 0 26453 0 0 0 0 0 22852 0 28147 0 20178 23724 0 0 0 0 20144 0 0 21026 0 24066 0 0 0 0 0 0 0 0 0 27378 0 0 22734 0 0 0 0 24070 0 27033 0 0 21462 26354 
0 0 0 22519 0 29690 0 0 0 0 22697 25352 0 0 24314 0 0 0 0 22405 0 28669 23019 26183 20901 0 26508 0 0 0 0 23978 0 0 0 21423 0 0 26080 0 0 0 0 0 27033 0 27235 26785 0 0 
0 25706 20788 0 0 0 0 0 0 0 0 0 0 0 0 28364 23514 0 0 26872 0 0 0 29480 0 20035 0 0 22104 0 21148 23051 22529 23619 25729 0 0 0 0 0 21489 0 0 0 0 27235 0 26363 0 25349 
28482 27572 0 0 21655 25797 0 0 0 0 25253 0 29363 0 0 0 0 0 28102 0 0 0 25399 0 0 23782 0 21966 0 0 24283 23200 0 0 0 22009 0 0 23310 0 0 0 0 21705 0 26785 26363 0 25109 0 
0 22759 29749 27410 20711 29191 25195 29578 0 0 0 0 0 29895 0 0 20019 0 0 25259 0 0 0 0 0 0 22887 0 0 0 20358 0 0 0 26720 28147 27470 26972 0 0 0 24913 0 28010 21462 0 0 25109 0 27295 
24529 0 0 21481 0 0 23035 0 22023 28822 25730 0 24652 0 0 0 0 0 21602 0 27031 0 0 0 0 20416 27994 0 23947 0 22461 28520 28239 0 24450 0 0 0 0 0 21520 0 0 20807 26354 0 25349 0 27295 0 
