60 11 14
0 0 0 0 0 60000 0 0 0 59999 59999 0 0 0 0 0 0 0 0 0 0 0 0 0 0 0 59999 0 0 0 0 0 0 0 0 0 0 0 0 0 0 0 59999 0 0 0 0 0 60000 0 0 59999 0 0 0 0 0 0 0 0 
0 0 0 0 0 0 0 60000 0 0 0 0 0 0 0 0 0 0 0 0 0 59999 0 0 60000 59999 0 0 59999 0 0 0 0 0 0 60000 0 0 0 60000 0 0 0 0 0 0 0 0 0 0 0 0 0 0 0 0 0 0 0 0 
0 0 0 0 0 0 0 0 0 0 0 0 60000 0 0 0 0 0 0 60000 0 0 0 0 0 0 0 0 0 0 0 0 0 0 0 0 0 0 0 60000 0 0 0 0 0 0 0 59999 0 60000 0 0 0 0 0 0 59999 0 0 0 
0 0 0 0 0 0 0 0 0 0 0 59999 0 0 0 0 0 0 0 0 0 0 0 0 0 0 0 0 0 0 0 0 0 0 0 0 0 0 0 0 0 0 0 0 0 0 0 0 0 0 0 0 0 60000 0 0 0 59999 0 0 
0 0 0 0 0 0 0 0 0 0 0 0 0 0 0 0 0 0 0 0 0 0 0 0 0 0 0 0 0 0 0 0 0 0 0 0 0 0 0 0 0 0 0 0 0 0 0 0 60000 0 0 0 0 0 60000 0 0 0 0 60000 
60000 0 0 0 0 0 0 0 0 0 0 0 0 0 0 0 0 0 0 0 0 0 0 0 0 0 0 0 0 0 0 0 0 0 0 0 0 0 0 0 0 0 0 0 0 0 0 0 0 0 0 0 0 60000 0 0 60000 0 0 0 
0 0 0 0 0 0 0 0 0 0 0 0 0 0 60000 59999 0 0 0 0 0 0 0 0 0 0 0 0 0 59999 0 60000 60000 0 0 0 59999 60000 0 0 0 0 0 0 0 0 0 0 0 0 0 0 0 0 0 0 0 0 0 0 
0 60000 0 0 0 0 0 0 0 0 0 60000 0 0 0 0 0 0 0 0 0 0 0 0 0 59999 0 0 0 0 0 0 0 0 0 0 0 0 0 0 0 0 0 0 0 0 0 0 0 0 0 0 0 0 0 0 0 0 0 0 
0 0 0 0 0 0 0 0 0 0 0 0 0 0 0 0 59999 0 0 0 0 0 0 59999 0 0 0 0 0 0 0 0 0 0 0 0 0 0 0 0 0 0 0 0 0 0 60000 0 0 0 0 0 0 0 0 60000 0 0 0 0 
59999 0 0 0 0 0 0 0 0 0 0 0 0 0 0 0 60000 0 0 0 59999 0 0 0 59999 0 59999 0 0 0 0 0 0 0 0 0 0 0 0 0 0 0 0 0 0 0 0 0 0 0 0 0 0 0 59999 0 0 59999 0 0 
59999 0 0 0 0 0 0 0 0 0 0 0 0 59999 0 0 0 0 0 0 0 0 0 0 0 0 0 0 0 0 0 0 0 0 0 0 0 0 0 0 0 0 0 0 0 0 60000 0 0 0 59999 0 59999 0 0 0 0 59999 0 0 
0 0 0 59999 0 0 0 60000 0 0 0 0 0 0 0 0 0 0 0 0 0 0 0 0 0 0 0 59999 0 0 0 0 0 0 0 0 0 0 59999 0 0 0 0 0 0 59999 0 0 60000 0 0 0 0 60000 0 0 0 0 0 0 
0 0 60000 0 0 0 0 0 0 0 0 0 0 0 0 0 0 0 0 0 0 0 0 0 0 0 59999 0 0 0 0 0 0 0 0 0 0 0 0 0 0 0 0 0 0 0 0 0 0 59999 0 0 0 0 59999 0 0 0 0 0 
0 0 0 0 0 0 0 0 0 0 59999 0 0 0 0 0 60000 0 0 0 0 59999 60000 0 0 59999 0 0 0 0 0 0 0 0 0 0 0 0 0 0 0 0 0 0 0 0 0 60000 60000 0 0 0 0 60000 0 0 0 0 0 0 
0 0 0 0 0 0 60000 0 0 0 0 0 0 0 0 0 0 0 0 60000 0 0 0 0 0 0 0 0 0 0 60000 0 0 0 0 59999 0 0 0 59999 0 0 0 0 59999 0 0 0 0 0 0 0 0 0 0 0 0 0 0 0 
0 0 0 0 0 0 59999 0 0 0 0 0 0 0 0 0 60000 60000 0 0 0 0 0 0 0 0 0 0 0 0 0 0 0 0 0 0 0 59999 60000 0 0 59999 0 0 60000 0 0 0 0 0 0 0 0 0 0 0 59999 0 0 0 
0 0 0 0 0 0 0 0 59999 60000 0 0 0 60000 0 60000 0 0 0 0 0 0 0 0 0 0 0 0 0 0 0 0 0 0 0 0 0 60000 0 0 59999 0 0 0 0 0 0 59999 0 0 0 0 0 59999 0 0 0 0 60000 0 
0 0 0 0 0 0 0 0 0 0 0 0 0 0 0 60000 0 0 0 0 0 60000 0 0 0 0 60000 0 0 0 0 0 0 0 0 0 0 0 0 0 0 0 0 0 0 0 0 0 0 0 0 0 0 0 0 0 0 0 0 0 
0 0 0 0 0 0 0 0 0 0 0 0 0 0 0 0 0 0 0 0 0 0 0 0 0 60000 0 0 0 0 0 0 0 0 0 0 0 0 60000 0 0 0 0 0 0 0 0 59999 0 0 0 0 0 0 60000 0 0 0 0 0 
0 0 60000 0 0 0 0 0 0 0 0 0 0 0 60000 0 0 0 0 0 0 0 0 0 0 0 0 0 0 0 0 0 0 0 59999 0 0 0 0 0 0 0 0 0 0 0 0 0 0 0 0 0 0 0 0 0 0 0 0 0 
0 0 0 0 0 0 0 0 0 59999 0 0 0 0 0 0 0 0 0 0 0 0 0 0 0 60000 0 60000 0 0 0 0 60000 0 0 0 60000 0 0 0 0 60000 0 0 0 0 0 0 0 0 0 0 0 0 0 59999 0 0 0 0 
0 59999 0 0 0 0 0 0 0 0 0 0 0 59999 0 0 0 60000 0 0 0 0 0 0 0 0 60000 0 0 0 60000 59999 0 59999 0 0 0 0 60000 0 0 59999 0 0 0 0 59999 0 0 0 0 0 0 59999 0 0 0 0 0 0 
0 0 0 0 0 0 0 0 0 0 0 0 0 60000 0 0 0 0 0 0 0 0 0 60000 59999 0 0 60000 0 60000 0 0 0 0 0 0 0 0 0 0 0 0 0 60000 60000 0 0 0 0 0 0 0 0 0 0 0 0 59999 0 0 
0 0 0 0 0 0 0 0 59999 0 0 0 0 0 0 0 0 0 0 0 0 0 60000 0 0 0 0 0 0 0 0 59999 0 0 0 0 0 0 0 0 0 59999 0 0 0 0 0 0 0 0 0 0 0 0 0 0 0 0 0 0 
0 60000 0 0 0 0 0 0 0 59999 0 0 0 0 0 0 0 0 0 0 0 0 59999 0 0 0 0 0 0 0 0 0 0 0 59999 0 0 0 0 0 60000 0 59999 0 0 0 0 0 0 0 0 0 0 0 60000 0 0 0 0 0 
0 59999 0 0 0 0 0 59999 0 0 0 0 0 59999 0 0 0 0 60000 0 60000 0 0 0 0 0 0 0 60000 0 0 60000 0 0 0 0 0 0 0 0 0 59999 0 59999 0 0 0 0 60000 0 0 0 0 0 60000 0 0 0 0 0 
59999 0 0 0 0 0 0 0 0 59999 0 0 59999 0 0 0 0 60000 0 0 0 60000 0 0 0 0 0 0 0 0 0 0 0 0 0 0 59999 0 0 60000 0 0 0 59999 0 0 0 0 0 0 0 0 60000 59999 0 0 0 0 0 59999 
0 0 0 0 0 0 0 0 0 0 0 59999 0 0 0 0 0 0 0 0 60000 0 60000 0 0 0 0 0 0 0 0 0 59999 0 0 0 0 59999 0 0 0 0 0 59999 0 60000 0 0 0 0 0 0 0 0 59999 0 0 0 0 59999 
0 59999 0 0 0 0 0 0 0 0 0 0 0 0 0 0 0 0 0 0 0 0 0 0 0 60000 0 0 0 0 0 0 0 0 0 0 0 0 0 0 0 0 0 0 0 0 0 0 0 0 0 0 0 0 0 0 0 0 0 0 
0 0 0 0 0 0 59999 0 0 0 0 0 0 0 0 0 0 0 0 0 0 0 60000 0 0 0 0 0 0 0 0 0 59999 0 0 0 0 0 0 0 0 0 0 0 0 0 59999 0 0 0 0 0 0 59999 0 0 0 0 0 59999 
0 0 0 0 0 0 0 0 0 0 0 0 0 0 60000 0 0 0 0 0 0 60000 0 0 0 0 0 0 0 0 0 0 0 0 0 0 0 0 0 0 0 59999 0 0 0 60000 0 0 0 0 0 0 0 0 0 0 0 0 59999 0 
0 0 0 0 0 0 60000 0 0 0 0 0 0 0 0 0 0 0 0 0 0 59999 0 59999 0 60000 0 0 0 0 0 0 60000 0 0 0 0 0 0 0 0 0 0 0 0 0 0 0 0 0 0 0 0 59999 0 0 0 0 0 0 
0 0 0 0 0 0 60000 0 0 0 0 0 0 0 0 0 0 0 0 0 60000 0 0 0 0 0 0 59999 0 59999 0 60000 0 0 0 60000 0 0 0 0 0 0 0 0 60000 0 0 0 0 0 0 0 0 0 0 0 0 0 60000 0 
0 0 0 0 0 0 0 0 0 0 0 0 0 0 0 0 0 0 0 0 0 59999 0 0 0 0 0 0 0 0 0 0 0 0 0 0 0 0 0 0 0 59999 0 0 59999 0 0 0 0 0 0 60000 59999 0 0 0 0 0 0 0 
0 0 0 0 0 0 0 0 0 0 0 0 0 0 0 0 0 0 0 59999 0 0 0 0 59999 0 0 0 0 0 0 0 0 0 0 0 0 0 0 0 60000 0 0 0 0 0 0 0 0 0 0 0 0 0 0 0 0 0 0 0 
0 60000 0 0 0 0 0 0 0 0 0 0 0 0 59999 0 0 0 0 0 0 0 0 0 0 0 0 0 0 0 0 0 60000 0 0 0 0 0 0 59999 0 0 0 0 0 0 0 0 0 0 0 0 0 0 0 60000 0 0 0 0 
0 0 0 0 0 0 59999 0 0 0 0 0 0 0 0 0 0 0 0 0 60000 0 0 0 0 0 59999 0 0 0 0 0 0 0 0 0 0 60000 0 0 0 60000 0 0 0 0 0 0 0 0 0 0 0 0 0 0 0 0 0 0 
0 0 0 0 0 0 60000 0 0 0 0 0 0 0 0 59999 60000 0 0 0 0 0 0 0 0 0 0 59999 0 0 0 0 0 0 0 0 60000 0 0 0 0 0 0 0 0 0 0 0 0 60000 0 0 0 0 0 0 0 0 0 0 
0 0 0 0 0 0 0 0 0 0 0 59999 0 0 0 60000 0 0 60000 0 0 60000 0 0 0 0 0 0 0 0 0 0 0 0 0 0 0 0 0 0 0 0 0 0 59999 0 0 0 0 0 0 0 0 0 0 0 0 0 0 0 
0 60000 60000 0 0 0 0 0 0 0 0 0 0 0 59999 0 0 0 0 0 0 0 0 0 0 0 60000 0 0 0 0 0 0 0 0 59999 0 0 0 0 60000 0 0 0 0 60000 0 0 0 0 0 0 0 0 0 0 0 0 0 0 
0 0 0 0 0 0 0 0 0 0 0 0 0 0 0 0 59999 0 0 0 0 0 0 0 60000 0 0 0 0 0 0 0 0 0 60000 0 0 0 0 60000 0 0 0 59999 60000 0 0 0 0 0 0 0 59999 0 0 0 0 0 0 0 
0 0 0 0 0 0 0 0 0 0 0 0 0 0 0 59999 0 0 0 0 60000 59999 0 59999 0 59999 0 0 0 0 59999 0 0 59999 0 0 60000 0 0 0 0 0 0 60000 0 0 0 0 0 0 0 0 0 0 0 0 60000 0 0 0 
59999 0 0 0 0 0 0 0 0 0 0 0 0 0 0 0 0 0 0 0 0 0 0 0 59999 0 0 0 0 0 0 0 0 0 0 0 0 0 0 0 0 0 0 0 0 0 0 0 0 59999 0 0 0 0 0 0 0 0 0 0 
0 0 0 0 0 0 0 0 0 0 0 0 0 0 0 0 0 0 0 0 0 0 60000 0 0 59999 59999 59999 0 0 0 0 0 0 0 0 0 0 0 0 59999 60000 0 0 59999 0 0 0 0 0 0 0 60000 0 0 0 0 0 0 0 
0 0 0 0 0 0 0 0 0 0 0 0 0 0 59999 60000 0 0 0 0 0 0 60000 0 0 0 0 0 0 0 0 0 60000 59999 0 0 0 0 59999 0 60000 0 0 59999 0 0 0 0 0 0 0 0 0 0 0 0 0 0 60000 0 
0 0 0 0 0 0 0 0 0 0 0 59999 0 0 0 0 0 0 0 0 0 0 0 0 0 0 0 60000 0 0 60000 0 0 0 0 0 0 0 0 60000 0 0 0 0 0 0 0 0 0 0 0 0 0 0 0 0 0 0 60000 0 
0 0 0 0 0 0 0 0 60000 0 60000 0 0 0 0 0 0 0 0 0 0 59999 0 0 0 0 0 0 0 59999 0 0 0 0 0 0 0 0 0 0 0 0 0 0 0 0 0 0 0 0 0 0 0 0 0 60000 0 0 0 0 
0 0 59999 0 0 0 0 0 0 0 0 0 0 60000 0 0 59999 0 59999 0 0 0 0 0 0 0 0 0 0 0 0 0 0 0 0 0 0 0 0 0 0 0 0 0 0 0 0 0 0 0 0 0 0 0 0 0 0 0 0 0 
60000 0 0 0 60000 0 0 0 0 0 0 60000 0 60000 0 0 0 0 0 0 0 0 0 0 0 60000 0 0 0 0 0 0 0 0 0 0 0 0 0 0 0 0 0 0 0 0 0 0 0 0 0 0 60000 0 0 0 0 0 0 0 
0 0 60000 0 0 0 0 0 0 0 0 0 59999 0 0 0 0 0 0 0 0 0 0 0 0 0 0 0 0 0 0 0 0 0 0 0 0 60000 0 0 0 0 59999 0 0 0 0 0 0 0 0 0 0 0 0 0 0 0 0 0 
0 0 0 0 0 0 0 0 0 0 59999 0 0 0 0 0 0 0 0 0 0 0 0 0 0 0 0 0 0 0 0 0 0 0 0 0 0 0 0 0 0 0 0 0 0 0 0 0 0 0 0 0 0 0 0 0 0 0 59999 0 
59999 0 0 0 0 0 0 0 0 0 0 0 0 0 0 0 0 0 0 0 0 0 0 0 0 0 0 0 0 0 0 0 0 60000 0 0 0 0 0 0 0 0 0 0 0 0 0 0 0 0 0 0 0 0 0 0 0 0 0 0 
0 0 0 0 0 0 0 0 0 0 59999 0 0 0 0 0 0 0 0 0 0 0 0 0 0 0 60000 0 0 0 0 0 0 59999 0 0 0 0 0 0 59999 0 0 60000 0 0 0 0 60000 0 0 0 0 0 0 60000 0 59999 59999 0 
0 0 0 60000 0 60000 0 0 0 0 0 60000 0 60000 0 0 59999 0 0 0 0 59999 0 0 0 0 59999 0 0 59999 0 59999 0 0 0 0 0 0 0 0 0 0 0 0 0 0 0 0 0 0 0 0 0 0 0 0 0 0 0 0 
0 0 0 0 60000 0 0 0 0 59999 0 0 59999 0 0 0 0 0 60000 0 0 0 0 0 60000 60000 0 59999 0 0 0 0 0 0 0 0 0 0 0 0 0 0 0 0 0 0 0 0 0 0 0 0 0 0 0 0 0 0 0 59999 
0 0 0 0 0 0 0 0 60000 0 0 0 0 0 0 0 0 0 0 0 59999 0 0 0 0 0 0 0 0 0 0 0 0 0 0 60000 0 0 0 0 0 0 0 0 0 0 60000 0 0 0 0 0 60000 0 0 0 0 0 0 0 
0 0 59999 0 0 60000 0 0 0 0 0 0 0 0 0 59999 0 0 0 0 0 0 0 0 0 0 0 0 0 0 0 0 0 0 0 0 0 0 0 0 0 60000 0 0 0 0 0 0 0 0 0 0 0 0 0 0 0 0 59999 0 
0 0 0 59999 0 0 0 0 0 59999 59999 0 0 0 0 0 0 0 0 0 0 0 59999 0 0 0 0 0 0 0 0 0 0 0 0 0 0 0 0 0 0 0 0 0 0 0 0 0 0 0 0 0 59999 0 0 0 0 0 0 0 
0 0 0 0 0 0 0 0 0 0 0 0 0 0 0 0 60000 0 0 0 0 0 0 0 0 0 0 0 0 0 59999 0 60000 0 0 0 0 0 0 0 0 0 0 0 60000 60000 0 0 0 0 59999 0 59999 0 0 0 59999 0 0 0 
0 0 0 0 60000 0 0 0 0 0 0 0 0 0 0 0 0 0 0 0 0 0 0 0 0 0 59999 59999 0 59999 0 0 0 0 0 0 0 0 0 0 0 0 0 0 0 0 0 0 0 0 0 0 0 0 59999 0 0 0 0 0 
