40 37 5
0 998 999 999 1000 998 1000 999 999 1000 1000 999 998 999 998 999 999 1000 998 1000 998 999 999 1000 999 1000 1000 1000 999 998 1000 1000 998 998 999 999 1000 1000 1000 999 
998 0 1000 1000 1000 1000 1000 999 998 998 998 1000 998 998 999 1000 1000 998 1000 999 998 998 1000 998 1000 998 999 1000 1000 998 1000 998 1000 998 1000 998 999 1000 999 999 
999 1000 0 999 999 999 998 999 999 1000 999 998 998 1000 998 1000 999 998 998 1000 998 999 1000 998 998 1000 999 999 998 998 999 998 1000 1000 1000 999 1000 998 999 999 
999 1000 999 0 1000 1000 999 999 998 998 999 998 998 999 998 999 999 999 999 998 999 999 998 998 1000 999 998 998 998 1000 1000 998 998 1000 999 1000 999 1000 1000 999 
1000 1000 999 1000 0 1000 998 999 999 999 999 1000 1000 1000 1000 998 999 999 999 999 999 999 998 1000 1000 999 998 999 1000 999 1000 998 998 999 999 1000 999 1000 999 1000 
998 1000 999 1000 1000 0 1000 998 1000 999 998 1000 1000 999 998 1000 998 999 1000 1000 999 1000 1000 999 998 998 998 998 1000 999 999 1000 999 999 998 999 998 998 998 998 
1000 1000 998 999 998 1000 0 1000 1000 1000 998 1000 999 999 999 999 998 999 998 998 1000 998 998 999 998 998 999 999 999 1000 998 998 998 998 998 998 999 1000 999 1000 
999 999 999 999 999 998 1000 0 1000 998 998 998 999 998 999 999 999 999 999 998 1000 999 999 1000 999 1000 999 999 1000 999 1000 998 1000 1000 1000 1000 999 999 998 1000 
999 998 999 998 999 1000 1000 1000 0 998 1000 998 1000 998 998 1000 1000 999 999 998 999 1000 998 1000 1000 1000 998 999 998 1000 1000 998 1000 999 999 999 998 999 1000 999 
1000 998 1000 998 999 999 1000 998 998 0 999 1000 999 998 998 998 999 998 999 998 999 999 998 999 999 1000 999 998 1000 1000 999 1000 999 998 998 998 1000 998 1000 999 
1000 998 999 999 999 998 998 998 1000 999 0 998 1000 998 998 1000 999 1000 999 999 999 999 998 998 999 1000 999 998 999 998 1000 998 998 999 999 998 998 999 998 1000 
999 1000 998 998 1000 1000 1000 998 998 1000 998 0 999 999 999 1000 999 1000 999 998 1000 1000 999 999 999 998 999 998 998 999 999 999 1000 998 1000 999 1000 998 1000 999 
998 998 998 998 1000 1000 999 999 1000 999 1000 999 0 998 998 999 999 1000 999 999 998 1000 999 998 999 998 999 999 1000 998 1000 1000 999 999 999 1000 1000 998 1000 1000 
999 998 1000 999 1000 999 999 998 998 998 998 999 998 0 998 1000 999 1000 998 999 998 999 1000 999 1000 1000 998 998 998 998 999 998 998 998 1000 998 1000 998 1000 1000 
998 999 998 998 1000 998 999 999 998 998 998 999 998 998 0 999 1000 998 1000 1000 998 999 999 999 998 999 1000 998 998 999 999 998 998 998 1000 999 999 998 998 999 
999 1000 1000 999 998 1000 999 999 1000 998 1000 1000 999 1000 999 0 998 1000 999 998 998 998 1000 999 998 999 999 998 998 999 999 998 1000 1000 1000 998 999 998 999 998 
999 1000 999 999 999 998 998 999 1000 999 999 999 999 999 1000 998 0 998 1000 998 998 998 999 999 998 999 998 1000 1000 999 998 999 998 999 998 998 1000 999 998 999 
1000 998 998 999 999 999 999 999 999 998 1000 1000 1000 1000 998 1000 998 0 1000 998 998 1000 999 999 999 999 999 999 999 1000 998 1000 998 1000 999 998 998 1000 999 999 
998 1000 998 999 999 1000 998 999 999 999 999 999 999 998 1000 999 1000 1000 0 998 999 999 1000 1000 999 999 999 999 998 999 999 998 1000 1000 999 1000 1000 998 1000 998 
1000 999 1000 998 999 1000 998 998 998 998 999 998 999 999 1000 998 998 998 998 0 998 998 998 1000 999 1000 998 998 1000 1000 999 1000 1000 998 999 999 1000 998 998 1000 
998 998 998 999 999 999 1000 1000 999 999 999 1000 998 998 998 998 998 998 999 998 0 999 999 1000 1000 999 998 1000 998 1000 998 999 998 998 1000 999 998 999 1000 998 
999 998 999 999 999 1000 998 999 1000 999 999 1000 1000 999 999 998 998 1000 999 998 999 0 1000 998 999 999 1000 998 1000 1000 998 999 998 998 998 998 1000 1000 1000 1000 
999 1000 1000 998 998 1000 998 999 998 998 998 999 999 1000 999 1000 999 999 1000 998 999 1000 0 999 998 1000 998 1000 998 998 1000 998 998 999 1000 999 998 998 998 1000 
1000 998 998 998 1000 999 999 1000 1000 999 998 999 998 999 999 999 999 999 1000 1000 1000 998 999 0 1000 998 999 1000 998 999 999 999 998 1000 1000 999 1000 999 998 998 
999 1000 998 1000 1000 998 998 999 1000 999 999 999 999 1000 998 998 998 999 999 999 1000 999 998 1000 0 999 998 999 998 999 999 998 998 999 998 1000 998 998 999 998 
1000 998 1000 999 999 998 998 1000 1000 1000 1000 998 998 1000 999 999 999 999 999 1000 999 999 1000 998 999 0 998 1000 999 998 998 1000 999 1000 998 999 999 1000 999 1000 
1000 999 999 998 998 998 999 999 998 999 999 999 999 998 1000 999 998 999 999 998 998 1000 998 999 998 998 0 998 1000 998 1000 1000 998 998 999 998 1000 998 998 1000 
1000 1000 999 998 999 998 999 999 999 998 998 998 999 998 998 998 1000 999 999 998 1000 998 1000 1000 999 1000 998 0 1000 999 998 999 999 1000 1000 999 999 999 998 1000 
999 1000 998 998 1000 1000 999 1000 998 1000 999 998 1000 998 998 998 1000 999 998 1000 998 1000 998 998 998 999 1000 1000 0 998 999 999 999 1000 999 998 998 999 999 999 
998 998 998 1000 999 999 1000 999 1000 1000 998 999 998 998 999 999 999 1000 999 1000 1000 1000 998 999 999 998 998 999 998 0 999 998 1000 998 999 1000 999 999 1000 1000 
1000 1000 999 1000 1000 999 998 1000 1000 999 1000 999 1000 999 999 999 998 998 999 999 998 998 1000 999 999 998 1000 998 999 999 0 999 999 999 1000 1000 999 998 999 999 
1000 998 998 998 998 1000 998 998 998 1000 998 999 1000 998 998 998 999 1000 998 1000 999 999 998 999 998 1000 1000 999 999 998 999 0 998 998 1000 1000 999 1000 999 1000 
998 1000 1000 998 998 999 998 1000 1000 999 998 1000 999 998 998 1000 998 998 1000 1000 998 998 998 998 998 999 998 999 999 1000 999 998 0 999 998 999 1000 998 1000 998 
998 998 1000 1000 999 999 998 1000 999 998 999 998 999 998 998 1000 999 1000 1000 998 998 998 999 1000 999 1000 998 1000 1000 998 999 998 999 0 999 999 999 998 998 999 
999 1000 1000 999 999 998 998 1000 999 998 999 1000 999 1000 1000 1000 998 999 999 999 1000 998 1000 1000 998 998 999 1000 999 999 1000 1000 998 999 0 1000 998 999 999 999 
999 998 999 1000 1000 999 998 1000 999 998 998 999 1000 998 999 998 998 998 1000 999 999 998 999 999 1000 999 998 999 998 1000 1000 1000 999 999 1000 0 999 1000 1000 999 
1000 999 1000 999 999 998 999 999 998 1000 998 1000 1000 1000 999 999 1000 998 1000 1000 998 1000 998 1000 998 999 1000 999 998 999 999 999 1000 999 998 999 0 998 1000 999 
1000 1000 998 1000 1000 998 1000 999 999 998 999 998 998 998 998 998 999 1000 998 998 999 1000 998 999 998 1000 998 999 999 999 998 1000 998 998 999 1000 998 0 1000 998 
1000 999 999 1000 999 998 999 998 1000 1000 998 1000 1000 1000 998 999 998 999 1000 998 1000 1000 998 998 999 999 998 998 999 1000 999 999 1000 998 999 1000 1000 1000 0 1000 
999 999 999 999 1000 998 1000 1000 999 999 1000 999 1000 1000 999 998 999 999 998 1000 998 1000 1000 998 998 1000 1000 1000 999 1000 999 1000 998 999 999 999 999 998 1000 0 
