20 18 14
0 0 0 0 75 0 0 125 0 133 84 94 0 77 101 84 0 0 0 57 
0 0 0 0 0 0 0 0 111 86 71 0 90 0 0 0 0 112 0 0 
0 0 0 0 136 80 73 0 125 135 0 0 58 125 0 0 0 0 0 0 
0 0 0 0 0 55 95 79 0 0 0 0 65 0 52 82 0 0 0 0 
75 0 136 0 0 0 0 0 107 0 0 0 124 50 127 0 0 0 0 0 
0 0 80 55 0 0 0 0 0 122 0 86 50 117 0 116 0 0 0 114 
0 0 73 95 0 0 0 0 0 109 0 0 0 0 0 0 84 0 0 71 
125 0 0 79 0 0 0 0 71 0 0 107 84 0 0 0 92 0 0 0 
0 111 125 0 107 0 0 71 0 0 0 0 0 125 73 0 0 0 63 74 
133 86 135 0 0 122 109 0 0 0 0 81 0 0 0 0 91 105 72 109 
84 71 0 0 0 0 0 0 0 0 0 0 0 61 0 0 140 62 96 0 
94 0 0 0 0 86 0 107 0 81 0 0 0 87 0 0 68 0 102 63 
0 90 58 65 124 50 0 84 0 0 0 0 0 0 0 112 108 0 67 82 
77 0 125 0 50 117 0 0 125 0 61 87 0 0 135 0 77 0 0 0 
101 0 0 52 127 0 0 0 73 0 0 0 0 135 0 93 102 0 0 0 
84 0 0 82 0 116 0 0 0 0 0 0 112 0 93 0 58 68 0 0 
0 0 0 0 0 0 84 92 0 91 140 68 108 77 102 58 0 0 119 0 
0 112 0 0 0 0 0 0 0 105 62 0 0 0 0 68 0 0 138 61 
0 0 0 0 0 0 0 0 63 72 96 102 67 0 0 0 119 138 0 0 
57 0 0 0 0 114 71 0 74 109 0 63 82 0 0 0 0 61 0 0 
