100 89 85
0 10160 38905 0 23577 51069 0 0 0 19116 0 7341 0 45348 0 0 0 0 0 0 0 0 0 0 32412 0 0 46005 0 0 2687 0 51822 0 53280 0 21680 59509 0 0 0 0 0 12838 0 41167 0 0 0 11732 14698 0 12964 0 0 0 0 411 0 0 0 0 0 0 0 0 0 0 0 1795 0 0 0 0 0 0 30751 0 35453 0 22283 0 0 0 56640 0 0 0 0 51375 0 0 0 0 0 0 0 43093 29445 0 
10160 0 0 0 0 24702 0 0 0 0 0 4066 0 0 35159 0 0 28200 0 0 0 0 0 0 0 0 0 0 59040 0 0 0 0 7653 0 0 0 188 0 0 0 0 0 0 0 0 0 0 6087 0 0 0 0 36205 0 0 0 0 0 0 23042 0 872 0 0 0 0 30300 0 0 0 3752 0 0 0 0 0 0 0 0 0 0 0 0 0 0 0 0 0 0 0 0 0 0 0 0 0 0 0 0 
38905 0 0 47651 0 0 19707 27283 0 0 0 47320 0 0 0 0 0 0 52633 53148 4464 0 0 0 27970 0 0 0 0 0 0 0 0 0 53708 0 0 0 21260 33175 9026 0 33339 0 0 0 0 0 0 51026 0 46390 0 0 0 56542 43926 4915 0 0 0 0 27421 0 0 0 59950 50625 0 0 5372 51842 0 0 0 0 0 0 0 4933 0 4466 39548 0 17060 0 0 0 41586 0 0 17999 0 0 0 0 0 0 0 0 
0 0 47651 0 0 0 0 0 0 0 4086 0 0 22979 0 0 0 0 0 0 0 0 49285 0 0 0 0 0 0 0 0 0 0 5301 0 0 0 0 0 0 0 0 0 0 0 0 0 0 0 13867 0 0 0 0 0 0 0 0 0 0 0 0 0 0 0 0 0 0 0 0 0 0 0 0 43757 0 0 0 0 0 0 0 0 0 0 0 0 0 0 0 0 0 0 0 0 0 0 0 0 0 
23577 0 0 0 0 0 0 0 0 0 0 0 0 8403 24118 0 0 0 0 0 45425 0 0 0 38260 41595 0 0 59589 30109 0 0 0 0 0 0 0 0 0 0 0 30343 13598 0 0 0 39127 0 10804 0 0 0 0 45342 0 0 0 0 52238 20546 0 0 56932 6641 0 0 0 0 0 0 0 0 0 0 0 0 0 59198 0 0 0 0 0 0 0 0 0 57955 0 0 0 0 2137 0 38391 40222 0 40398 0 0 
51069 24702 0 0 0 0 0 0 31240 0 0 0 0 42690 0 0 0 0 0 0 0 0 0 0 42078 0 0 0 0 0 31750 0 18840 0 0 0 0 0 0 0 33070 16678 0 0 25591 0 0 12195 16614 0 0 0 56416 0 0 0 44416 0 0 0 0 0 0 0 0 0 0 0 0 0 0 0 0 0 0 0 0 0 19462 17260 0 0 35518 0 0 29186 0 0 0 46718 0 0 0 0 38948 0 0 0 0 0 
0 0 19707 0 0 0 0 39087 446 0 0 0 0 41066 0 0 0 0 0 0 0 0 0 5469 0 40581 35697 0 10634 1014 0 0 0 0 0 0 928 0 0 0 33622 0 32212 24775 0 0 0 0 0 0 57807 0 0 0 0 0 0 0 0 59055 0 14164 52862 0 0 0 0 0 0 0 0 0 22358 0 0 0 0 0 0 0 0 0 0 0 0 0 0 0 41399 0 0 883 3950 0 0 0 10132 0 0 0 
0 0 27283 0 0 0 39087 0 0 0 0 0 45459 41980 0 59122 0 0 0 10485 33885 0 0 0 0 44526 5110 73 0 0 0 0 0 0 35748 0 9901 0 0 0 0 0 0 0 0 0 0 0 0 0 0 0 0 0 0 0 0 43192 0 0 0 48569 59577 19591 50473 0 0 25402 0 0 0 0 50682 0 37355 0 0 0 40769 0 0 0 0 0 0 0 0 0 0 0 0 0 0 0 0 6634 0 0 0 0 
0 0 0 0 0 31240 446 0 0 0 0 0 0 43660 36671 0 0 55923 0 0 0 10500 0 0 0 0 35645 46274 0 0 0 0 0 37449 0 0 0 52485 0 0 19064 0 55082 0 0 0 0 0 0 16950 0 0 0 0 0 0 13354 0 0 0 0 0 0 0 0 0 0 0 0 0 0 0 30090 0 0 0 0 0 0 0 0 0 0 0 0 0 0 0 10797 24193 0 0 0 0 0 55159 0 0 0 0 
19116 0 0 0 0 0 0 0 0 0 16282 0 0 0 30554 32617 0 0 0 0 0 0 0 0 0 0 0 0 0 0 0 26826 0 43880 0 0 0 0 0 0 0 0 0 0 812 0 0 38955 0 0 0 0 0 28423 0 0 0 33770 30980 0 0 0 0 0 0 0 0 0 52733 0 0 4999 0 0 0 158 27776 0 15035 0 0 0 0 14736 52745 0 33118 24214 0 0 5960 0 0 0 0 0 0 0 0 0 
0 0 0 4086 0 0 0 0 0 16282 0 0 0 4026 0 0 0 0 47461 0 48814 0 0 0 7017 0 0 0 0 0 0 23540 30549 47108 0 0 0 0 0 0 0 0 0 0 0 0 57829 0 0 0 32585 0 0 0 0 0 0 0 5493 0 0 0 13384 0 0 23475 0 58519 0 0 0 0 0 0 48395 0 0 0 0 0 0 23465 44323 0 0 0 0 0 0 0 3787 0 0 41568 0 59441 0 0 0 50760 
7341 4066 47320 0 0 0 0 0 0 0 0 0 0 0 0 0 0 0 0 0 0 0 32618 0 0 0 0 0 0 0 0 0 0 0 12766 0 0 0 0 31503 0 0 0 0 7366 0 0 0 0 0 5524 0 0 0 0 0 0 0 6872 0 0 0 58348 0 0 0 0 0 0 0 0 0 0 0 0 0 0 0 0 0 0 0 0 0 0 0 0 0 0 0 0 0 0 12039 0 0 0 0 0 0 
0 0 0 0 0 0 0 45459 0 0 0 0 0 0 31010 11890 18723 0 0 0 0 0 0 21356 0 0 0 0 0 0 0 0 0 37478 47754 0 0 0 21254 0 42157 12450 20110 32983 0 0 0 33047 0 40905 19145 0 35808 0 0 52930 0 0 0 0 0 0 36240 19584 0 0 53278 0 32620 0 13619 6845 0 0 53949 0 0 0 0 0 0 0 0 23697 0 0 106 0 0 47811 7075 1774 0 0 15365 0 0 8768 0 0 
45348 0 0 22979 8403 42690 41066 41980 43660 0 4026 0 0 0 47602 42866 13444 0 50239 0 0 0 0 0 0 0 0 7322 0 0 0 0 0 0 0 0 39114 0 0 0 0 47510 0 0 11892 32501 0 0 0 0 0 0 0 0 0 0 0 0 0 56431 0 0 0 54811 0 0 50886 0 0 56153 0 0 0 0 0 0 0 0 0 0 0 0 0 0 0 0 0 39221 0 0 2788 0 1075 0 0 0 0 42663 0 0 
0 35159 0 0 24118 0 0 0 36671 30554 0 0 31010 47602 0 33387 0 0 0 0 0 0 0 0 0 0 0 0 0 0 0 59668 37908 0 0 0 0 0 12996 0 31369 0 0 0 0 0 16280 0 0 0 0 0 0 0 0 0 0 0 0 0 26956 0 0 0 0 38333 27044 0 0 0 16086 0 0 0 0 0 0 0 0 0 0 6719 0 3321 0 13053 0 0 17410 0 7722 0 0 0 0 24525 0 0 0 0 
0 0 0 0 0 0 0 59122 0 32617 0 0 11890 42866 33387 0 10726 0 0 0 25275 0 0 26470 0 0 0 0 0 0 44480 0 0 0 26098 0 0 0 0 0 0 0 0 17008 44195 0 0 0 0 0 0 0 0 0 0 30061 0 0 0 51675 0 0 39874 0 0 0 16186 0 4837 0 0 0 0 0 0 0 18848 0 0 0 0 0 0 20992 0 0 21248 0 33060 0 0 0 13170 4762 0 25330 0 53370 0 0 
0 0 0 0 0 0 0 0 0 0 0 0 18723 13444 0 10726 0 0 0 47331 10765 55396 0 0 0 0 0 0 0 0 0 0 0 0 0 58142 0 0 0 0 0 0 34470 0 0 0 0 29431 0 0 22674 0 0 0 57382 0 0 0 0 48497 28638 0 17947 0 0 0 13915 0 0 0 6454 0 0 36905 39066 34644 0 0 0 0 0 0 0 36487 0 0 0 0 0 0 0 0 0 0 31176 0 0 0 0 0 
0 28200 0 0 0 0 0 0 55923 0 0 0 0 0 0 0 0 0 0 0 0 0 0 0 0 28821 0 0 0 50484 32867 0 0 0 10105 0 0 0 0 0 0 0 12047 0 0 0 0 49483 0 0 0 0 0 0 0 0 26333 0 0 48195 0 0 1550 0 0 0 0 0 50401 46284 12569 0 0 0 0 0 0 0 0 0 0 0 0 0 0 8851 0 40334 0 0 0 17127 42127 0 0 17077 0 0 0 47038 
0 0 52633 0 0 0 0 0 0 0 47461 0 0 50239 0 0 0 0 0 0 0 0 0 0 0 42388 44298 52166 13367 0 0 0 0 33470 41029 0 0 53209 0 0 0 0 30082 0 0 0 0 0 52654 0 8435 0 0 0 0 0 0 0 0 0 13524 0 0 0 36357 0 55411 0 0 0 0 0 6709 0 23571 0 0 0 0 0 24515 0 0 0 0 0 0 0 0 0 49217 0 15169 0 28840 0 0 51071 0 0 
0 0 53148 0 0 0 0 10485 0 0 0 0 0 0 0 0 47331 0 0 0 31158 0 0 0 0 0 0 49603 0 0 0 0 0 0 0 0 0 46565 0 11442 6880 0 0 0 0 0 0 0 0 0 23111 0 0 0 43512 0 0 53428 0 0 0 0 0 29618 0 0 0 0 43439 0 0 0 0 0 0 0 0 0 28739 25621 0 15184 0 0 0 0 0 0 0 4383 0 0 0 0 0 0 0 5784 50837 0 
0 0 4464 0 45425 0 0 33885 0 0 48814 0 0 0 0 25275 10765 0 0 31158 0 0 0 0 0 0 0 0 0 0 0 0 0 41326 0 0 0 0 0 0 0 0 15999 0 0 0 47095 0 33014 0 39466 0 55290 0 0 0 0 0 0 48064 29287 0 0 0 0 0 0 0 0 0 0 0 0 0 0 0 0 0 0 0 0 34278 0 0 0 0 0 0 0 0 0 2371 0 0 0 0 0 0 0 0 
0 0 0 0 0 0 0 0 10500 0 0 0 0 0 0 0 55396 0 0 0 0 0 13368 0 0 18681 34967 155 0 0 0 0 0 0 0 0 0 0 0 0 0 5649 0 0 0 0 0 0 0 0 0 54358 0 0 0 0 0 0 0 0 0 29953 0 0 0 0 0 0 53860 14206 0 0 0 0 0 0 0 0 0 0 0 0 0 0 0 0 0 0 0 0 0 20854 0 0 0 0 0 0 0 0 
0 0 0 49285 0 0 0 0 0 0 0 32618 0 0 0 0 0 0 0 0 0 13368 0 0 0 0 0 0 39745 0 2662 10061 0 33788 0 2194 0 53819 0 18064 0 0 0 0 0 0 0 0 0 0 25486 0 0 0 0 0 0 5723 0 14630 20783 35719 0 0 0 53750 0 0 0 0 0 4279 28768 0 0 56861 0 0 0 0 0 29750 14341 23545 0 35224 0 3991 0 0 43696 17125 0 0 0 0 0 38484 19768 0 
0 0 0 0 0 0 5469 0 0 0 0 0 21356 0 0 26470 0 0 0 0 0 0 0 0 0 0 32872 0 10189 0 0 0 0 52435 0 0 0 0 0 0 0 0 19583 0 0 0 0 0 5826 0 0 0 0 53016 37350 0 0 29403 0 0 26594 0 0 0 0 22552 36300 0 0 0 0 0 0 0 40425 0 0 0 0 35990 3652 0 22793 0 42216 0 0 0 0 0 30855 0 0 0 0 0 45282 0 56663 0 
32412 0 27970 0 38260 42078 0 0 0 0 7017 0 0 0 0 0 0 0 0 0 0 0 0 0 0 0 0 16970 0 0 0 0 0 5180 0 54370 0 0 53257 0 0 0 24125 0 0 0 0 0 0 0 0 0 0 0 0 47505 0 0 0 0 13530 0 24534 51884 0 46761 0 0 12389 0 0 0 0 0 0 0 0 0 0 46938 0 0 0 0 0 0 0 0 0 0 0 14054 0 0 45581 51504 25749 5965 56338 0 
0 0 0 0 41595 0 40581 44526 0 0 0 0 0 0 0 0 0 28821 42388 0 0 18681 0 0 0 0 0 0 0 0 29589 0 0 29272 0 2735 0 0 0 0 0 0 0 0 0 0 0 0 0 0 0 0 0 17754 0 0 0 0 0 0 57283 0 0 50864 0 0 0 0 0 0 0 0 23240 22658 0 20403 1739 7279 0 0 0 0 59099 0 0 49625 0 0 0 0 0 0 0 0 0 0 15109 0 0 0 
0 0 0 0 0 0 35697 5110 35645 0 0 0 0 0 0 0 0 0 44298 0 0 34967 0 32872 0 0 0 0 0 31949 0 0 0 16324 0 0 8923 0 0 47606 0 0 10971 0 0 0 0 53809 3110 0 0 0 0 0 44825 0 0 0 0 0 0 0 0 1725 4963 0 46221 0 22246 0 0 0 0 0 0 0 32633 9228 51927 0 0 0 20594 0 28508 0 34771 32875 12127 0 0 50390 0 29405 0 0 0 0 0 0 
46005 0 0 0 0 0 0 73 46274 0 0 0 0 7322 0 0 0 0 52166 49603 0 155 0 0 16970 0 0 0 0 0 0 0 0 0 9878 0 17316 0 0 40691 0 0 0 0 0 0 0 31238 0 0 0 0 0 0 0 51013 16336 0 0 0 0 0 0 0 0 0 0 0 0 0 0 9944 0 12290 0 0 0 0 59521 0 0 0 0 52346 48042 0 0 0 56896 52726 0 0 27822 0 0 0 0 0 34973 0 
0 59040 0 0 59589 0 10634 0 0 0 0 0 0 0 0 0 0 0 13367 0 0 0 39745 10189 0 0 0 0 0 0 0 9102 0 0 27673 0 0 0 0 0 0 1251 0 0 0 0 0 41781 0 14918 0 0 0 7491 35682 0 0 53854 0 0 0 0 40118 0 0 0 0 0 2949 0 0 0 0 0 0 40120 26164 0 0 0 0 0 17283 40845 0 0 17934 0 0 0 0 0 0 0 0 0 0 49227 0 0 
0 0 0 0 30109 0 1014 0 0 0 0 0 0 0 0 0 0 50484 0 0 0 0 0 0 0 0 31949 0 0 0 14073 38182 36632 0 0 0 0 12895 0 0 0 56824 0 0 0 0 0 0 0 0 0 0 0 29671 0 30468 0 0 0 0 19130 41221 13788 0 0 0 0 0 0 0 0 0 0 0 0 0 18541 0 1761 0 0 57065 5381 0 0 0 0 0 0 0 0 0 0 0 0 0 0 0 0 0 
2687 0 0 0 0 31750 0 0 0 0 0 0 0 0 0 44480 0 32867 0 0 0 0 2662 0 0 29589 0 0 0 14073 0 15065 0 0 0 0 0 0 2628 0 59122 0 13702 0 0 0 0 0 0 0 0 0 0 45744 0 0 59948 0 0 0 0 0 21146 0 23172 0 0 0 0 0 0 0 9693 0 0 0 0 56841 0 0 0 35437 33862 12293 0 0 0 0 49955 0 0 6664 0 0 0 0 0 0 6062 0 
0 0 0 0 0 0 0 0 0 26826 23540 0 0 0 59668 0 0 0 0 0 0 0 10061 0 0 0 0 0 9102 38182 15065 0 0 0 46044 46343 0 0 0 41334 0 49556 37994 0 0 0 0 0 0 0 0 0 0 0 34593 0 0 0 0 0 0 0 0 16714 0 10183 57525 50856 35582 0 0 0 34769 0 0 59106 53326 0 0 32533 0 0 0 0 0 0 0 0 0 0 8752 7590 42582 0 0 0 0 0 0 0 
51822 0 0 0 0 18840 0 0 0 0 30549 0 0 0 37908 0 0 0 0 0 0 0 0 0 0 0 0 0 0 36632 0 0 0 0 16770 0 0 0 0 0 0 0 17899 39824 0 0 0 3759 0 0 29107 41149 0 0 0 0 0 0 0 0 0 0 54311 0 0 0 23866 0 0 0 21363 32067 0 0 0 0 35070 0 0 0 0 0 0 0 0 0 0 0 0 0 0 0 0 0 17748 0 0 546 0 0 
0 7653 0 5301 0 0 0 0 37449 43880 47108 0 37478 0 0 0 0 0 33470 0 41326 0 33788 52435 5180 29272 16324 0 0 0 0 0 0 0 0 0 8772 0 0 0 0 0 0 16381 6368 3599 0 0 0 0 0 0 0 47749 1438 0 0 0 2057 0 34381 52344 0 0 0 51101 0 47828 0 0 0 0 0 0 29791 0 0 0 0 0 0 0 0 0 0 0 0 0 0 0 0 0 0 0 0 0 0 49655 0 42826 
53280 0 53708 0 0 0 0 35748 0 0 0 12766 47754 0 0 26098 0 10105 41029 0 0 0 0 0 0 0 0 9878 27673 0 0 46044 16770 0 0 20497 0 0 0 11006 0 0 0 40308 0 0 0 0 0 59519 0 1610 0 53743 6597 0 0 27821 0 2614 0 0 0 22503 0 37335 0 0 0 0 30070 0 0 0 0 0 0 0 0 0 0 0 0 31017 0 18142 15416 0 0 0 0 47895 0 0 11965 0 0 0 0 41451 
0 0 0 0 0 0 0 0 0 0 0 0 0 0 0 0 58142 0 0 0 0 0 2194 0 54370 2735 0 0 0 0 0 46343 0 0 20497 0 21689 0 17376 0 0 0 0 0 3070 0 51322 0 0 0 0 0 0 54464 0 0 0 0 31070 0 0 25181 0 0 0 0 4134 46259 0 0 22501 0 20798 0 15914 0 0 0 48168 0 0 35572 0 14888 0 52046 0 0 0 0 25460 0 0 39627 10210 0 0 0 0 0 
21680 0 0 0 0 0 928 9901 0 0 0 0 0 39114 0 0 0 0 0 0 0 0 0 0 0 0 8923 17316 0 0 0 0 0 8772 0 21689 0 0 0 0 0 0 0 30573 0 0 0 0 0 0 0 0 13565 28550 0 0 0 0 0 28294 0 0 0 0 0 0 32323 0 0 0 33547 35981 0 0 0 55942 34427 0 0 0 18385 0 7805 0 0 0 0 0 0 0 15173 9230 0 0 0 0 0 0 18734 22565 
59509 188 0 0 0 0 0 0 52485 0 0 0 0 0 0 0 0 0 53209 46565 0 0 53819 0 0 0 0 0 0 12895 0 0 0 0 0 0 0 0 0 0 0 0 0 0 0 28298 0 0 54227 2826 0 0 0 0 0 0 0 0 52450 57246 0 0 0 21794 0 0 46064 0 6696 43654 0 0 0 0 29228 0 0 0 0 23253 0 24107 2351 0 0 0 0 0 0 25154 49733 0 0 0 0 0 0 4752 0 0 
0 0 21260 0 0 0 0 0 0 0 0 0 21254 0 12996 0 0 0 0 0 0 0 0 0 53257 0 0 0 0 0 2628 0 0 0 0 17376 0 0 0 0 0 44302 0 0 36858 0 0 0 0 0 0 0 0 0 0 19262 0 57969 0 0 0 0 0 0 0 0 0 0 20363 0 0 0 0 13839 0 29744 49352 37663 8618 0 0 26061 0 0 0 0 0 0 0 0 0 0 0 47389 0 0 0 0 15604 48594 
0 0 33175 0 0 0 0 0 0 0 0 31503 0 0 0 0 0 0 0 11442 0 0 18064 0 0 0 47606 40691 0 0 0 41334 0 0 11006 0 0 0 0 0 0 0 0 0 0 0 33600 0 0 19070 0 0 0 0 13338 0 0 3279 0 0 0 0 0 0 1015 0 0 0 0 20045 54724 0 0 0 0 0 39953 0 0 0 49067 0 0 0 0 0 0 0 0 0 0 0 0 59794 0 0 49308 0 0 22561 
0 0 9026 0 0 33070 33622 0 19064 0 0 0 42157 0 31369 0 0 0 0 6880 0 0 0 0 0 0 0 0 0 0 59122 0 0 0 0 0 0 0 0 0 0 0 0 0 0 0 0 0 0 0 0 0 51430 0 19849 0 0 0 0 24040 23993 0 0 0 0 0 0 2207 35686 0 0 0 0 0 0 0 33459 0 0 0 0 0 0 0 0 0 0 0 40537 20954 0 0 0 0 8906 0 0 0 4673 0 
0 0 0 0 30343 16678 0 0 0 0 0 0 12450 47510 0 0 0 0 0 0 0 5649 0 0 0 0 0 0 1251 56824 0 49556 0 0 0 0 0 0 44302 0 0 0 0 0 0 0 0 0 23719 2941 0 0 0 0 0 0 0 0 0 0 0 0 0 0 42581 14346 57157 0 0 0 0 0 0 0 0 0 0 0 59834 0 0 43322 0 0 55483 0 0 0 0 47973 0 0 47771 0 0 0 0 0 0 20665 
0 0 33339 0 13598 0 32212 0 55082 0 0 0 20110 0 0 0 34470 12047 30082 0 15999 0 0 19583 24125 0 10971 0 0 0 13702 37994 17899 0 0 0 0 0 0 0 0 0 0 40845 15314 0 23262 0 0 0 0 0 0 11675 0 0 0 0 0 18772 0 0 0 29217 41275 30926 0 0 0 36036 0 0 0 43884 0 0 0 0 0 56284 0 0 0 0 0 8091 0 12836 0 0 0 52335 0 36372 27893 0 0 0 0 0 
12838 0 0 0 0 0 24775 0 0 0 0 0 32983 0 0 17008 0 0 0 0 0 0 0 0 0 0 0 0 0 0 0 0 39824 16381 40308 0 30573 0 0 0 0 0 40845 0 9826 0 0 0 0 0 0 0 0 0 0 0 0 36843 14746 0 0 53910 0 0 0 0 0 31495 0 0 39890 0 0 0 18788 0 0 0 0 0 0 0 13938 0 59625 8364 0 0 0 0 0 0 0 38390 35095 0 0 0 0 4595 
0 0 0 0 0 25591 0 0 0 812 0 7366 0 11892 0 44195 0 0 0 0 0 0 0 0 0 0 0 0 0 0 0 0 0 6368 0 3070 0 0 36858 0 0 0 15314 9826 0 0 0 0 0 0 0 0 0 0 0 1486 0 0 0 5205 0 0 0 0 0 0 29413 28978 0 0 25224 0 14492 0 57454 0 48828 0 0 48213 0 58099 0 0 0 30325 0 23353 0 0 56718 0 2813 0 0 0 0 0 13438 0 
41167 0 0 0 0 0 0 0 0 0 0 0 0 32501 0 0 0 0 0 0 0 0 0 0 0 0 0 0 0 0 0 0 0 3599 0 0 0 28298 0 0 0 0 0 0 0 0 0 0 0 0 0 0 6458 29731 0 5659 0 0 0 0 0 12410 0 0 59447 0 0 0 0 0 0 0 33131 19286 0 0 0 0 0 54579 0 34719 21337 0 0 42857 2669 0 0 8450 0 0 0 0 22736 0 0 0 0 0 
0 0 0 0 39127 0 0 0 0 0 57829 0 0 0 16280 0 0 0 0 0 47095 0 0 0 0 0 0 0 0 0 0 0 0 0 0 51322 0 0 0 33600 0 0 23262 0 0 0 0 0 7168 0 0 0 4602 0 23040 2467 55 0 0 0 0 0 0 39053 0 0 0 0 2666 0 0 0 53890 0 0 0 0 0 13369 58486 0 0 0 0 6210 38426 0 4699 0 0 0 0 0 0 43291 0 0 17169 0 0 
0 0 0 0 0 12195 0 0 0 38955 0 0 33047 0 0 0 29431 49483 0 0 0 0 0 0 0 0 53809 31238 41781 0 0 0 3759 0 0 0 0 0 0 0 0 0 0 0 0 0 0 0 21062 0 0 42266 0 44904 0 0 0 0 0 25359 0 0 0 0 0 0 54274 0 0 0 0 0 0 0 0 0 44116 0 40771 4339 49074 17162 0 0 0 0 0 0 0 45699 23202 0 0 0 0 11334 0 0 0 0 
0 6087 0 0 10804 16614 0 0 0 0 0 0 0 0 0 0 0 0 52654 0 33014 0 0 5826 0 0 3110 0 0 0 0 0 0 0 0 0 0 54227 0 0 0 23719 0 0 0 0 7168 21062 0 0 0 0 0 0 30861 0 0 0 0 0 0 0 51461 0 0 11618 0 7007 6297 35769 0 36893 0 0 0 0 0 0 0 0 0 0 0 0 0 0 0 0 12478 0 0 0 0 0 56324 0 0 0 47348 0 
11732 0 51026 13867 0 0 0 0 16950 0 0 0 40905 0 0 0 0 0 0 0 0 0 0 0 0 0 0 0 14918 0 0 0 0 0 59519 0 0 2826 0 19070 0 2941 0 0 0 0 0 0 0 0 0 37154 0 0 0 0 0 0 0 0 17682 0 49451 0 0 0 15852 0 0 0 0 0 0 0 0 0 0 0 0 9055 0 46758 0 49336 0 0 58548 0 0 0 0 0 0 17833 0 0 0 0 0 0 
14698 0 0 0 0 0 57807 0 0 0 32585 5524 19145 0 0 0 22674 0 8435 23111 39466 0 25486 0 0 0 0 0 0 0 0 0 29107 0 0 0 0 0 0 0 0 0 0 0 0 0 0 0 0 0 0 29579 0 27408 0 0 40836 38963 0 0 0 0 0 37547 40568 0 0 0 0 7190 37992 0 0 0 13181 0 0 31853 0 0 0 0 30036 0 0 1220 28339 0 56052 17553 0 0 52483 0 0 0 0 0 0 0 
0 0 46390 0 0 0 0 0 0 0 0 0 0 0 0 0 0 0 0 0 0 54358 0 0 0 0 0 0 0 0 0 0 41149 0 1610 0 0 0 0 0 0 0 0 0 0 0 0 42266 0 37154 29579 0 0 0 0 0 57234 10509 0 0 0 0 0 0 0 0 0 0 55992 0 0 8687 4711 0 0 0 0 0 0 14789 0 0 0 26908 24400 0 0 0 0 0 0 0 0 0 0 0 0 0 0 0 
12964 0 0 0 0 56416 0 0 0 0 0 0 35808 0 0 0 0 0 0 0 55290 0 0 0 0 0 0 0 0 0 0 0 0 0 0 0 13565 0 0 0 51430 0 0 0 0 6458 4602 0 0 0 0 0 0 11771 0 0 0 0 0 0 0 0 0 0 0 25147 0 35197 0 0 0 0 0 16024 0 0 38320 0 0 0 4728 37308 0 15176 0 0 15088 0 0 0 3504 0 0 54328 0 0 0 0 0 16161 
0 36205 0 0 45342 0 0 0 0 28423 0 0 0 0 0 0 0 0 0 0 0 0 0 53016 0 17754 0 0 7491 29671 45744 0 0 47749 53743 54464 28550 0 0 0 0 0 11675 0 0 29731 0 44904 0 0 27408 0 11771 0 0 0 37390 0 0 0 0 6990 17456 0 0 0 0 0 1156 0 0 0 0 0 29853 43582 0 0 0 0 43845 0 51050 0 0 0 0 0 16737 0 0 0 3088 0 0 0 0 0 0 0 
0 0 0 0 0 0 0 0 0 0 0 0 0 0 0 0 57382 0 0 43512 0 0 0 37350 0 0 44825 0 35682 0 0 34593 0 1438 6597 0 0 0 0 13338 19849 0 0 0 0 0 23040 0 30861 0 0 0 0 0 0 7899 0 0 0 58905 6710 1716 0 0 0 0 0 0 6639 0 24642 0 9048 0 0 49963 0 48275 0 0 49119 0 0 0 7306 0 0 16859 0 0 0 32933 0 53658 0 0 0 16126 13715 0 
0 0 56542 0 0 0 0 0 0 0 0 0 52930 0 0 30061 0 0 0 0 0 0 0 0 47505 0 0 51013 0 30468 0 0 0 0 0 0 0 0 19262 0 0 0 0 0 1486 5659 2467 0 0 0 0 0 0 0 7899 0 24428 0 0 3621 0 35427 57750 0 0 56270 0 0 0 0 0 21000 0 0 0 0 0 35238 22329 0 33020 0 0 43543 0 0 0 0 0 0 0 0 8711 41431 0 0 0 25544 0 48032 
0 0 43926 0 0 44416 0 0 13354 0 0 0 0 0 0 0 0 26333 0 0 0 0 0 0 0 0 0 16336 0 0 59948 0 0 0 0 0 0 0 0 0 0 0 0 0 0 0 55 0 0 0 40836 57234 0 37390 0 24428 0 0 0 10790 0 0 0 0 0 0 16766 0 0 0 23610 0 0 0 0 0 0 0 0 0 0 0 0 0 0 0 0 44625 36684 0 0 0 0 0 0 0 5534 3755 0 0 
411 0 4915 0 0 0 0 43192 0 33770 0 0 0 0 0 0 0 0 0 53428 0 0 5723 29403 0 0 0 0 53854 0 0 0 0 0 27821 0 0 0 57969 3279 0 0 0 36843 0 0 0 0 0 0 38963 10509 0 0 0 0 0 0 31820 12106 0 0 0 0 11174 0 0 0 0 49723 0 0 0 0 0 0 2116 0 0 0 0 0 0 0 0 45058 24583 0 3009 20686 29909 0 0 0 0 0 19218 0 0 0 
0 0 0 0 52238 0 0 0 0 30980 5493 6872 0 0 0 0 0 0 0 0 0 0 0 0 0 0 0 0 0 0 0 0 0 2057 0 31070 0 52450 0 0 0 0 0 14746 0 0 0 0 0 0 0 0 0 0 0 0 0 31820 0 0 0 0 15264 0 0 0 0 0 0 0 0 0 0 0 44410 3583 0 35452 0 0 0 0 0 0 0 0 4434 0 0 0 0 0 0 0 0 0 0 0 0 30360 
0 0 0 0 20546 0 59055 0 0 0 0 0 0 56431 0 51675 48497 48195 0 0 48064 0 14630 0 0 0 0 0 0 0 0 0 0 0 2614 0 28294 57246 0 0 24040 0 18772 0 5205 0 0 25359 0 0 0 0 0 0 58905 3621 10790 12106 0 0 0 0 0 0 0 0 0 0 0 0 0 7589 0 0 0 0 0 0 0 0 0 0 48355 58787 39737 0 59926 0 0 0 40558 47606 0 0 0 0 0 0 0 22477 
0 23042 0 0 0 0 0 0 0 0 0 0 0 0 26956 0 28638 0 13524 0 29287 0 20783 26594 13530 57283 0 0 0 19130 0 0 0 34381 0 0 0 0 0 0 23993 0 0 0 0 0 0 0 0 17682 0 0 0 0 6710 0 0 0 0 0 0 0 7408 0 0 0 0 0 0 26890 0 59312 0 0 0 0 0 0 26162 0 0 0 0 0 58546 0 0 0 0 0 0 0 0 0 0 0 0 27914 0 0 
0 0 0 0 0 0 14164 48569 0 0 0 0 0 0 0 0 0 0 0 0 0 29953 35719 0 0 0 0 0 0 41221 0 0 0 52344 0 25181 0 0 0 0 0 0 0 53910 0 12410 0 0 0 0 0 0 0 6990 1716 35427 0 0 0 0 0 0 58428 0 5605 0 0 0 0 0 0 0 0 0 0 0 0 0 0 0 0 0 0 48083 0 0 0 0 0 0 0 0 0 31656 0 51527 0 4070 0 0 
0 872 27421 0 56932 0 52862 59577 0 0 13384 58348 36240 0 0 39874 17947 1550 0 0 0 0 0 0 24534 0 0 0 40118 13788 21146 0 54311 0 0 0 0 0 0 0 0 0 0 0 0 0 0 0 51461 49451 0 0 0 17456 0 57750 0 0 15264 0 7408 58428 0 0 0 21501 20668 0 0 31924 0 44041 14204 0 0 40947 8131 0 0 0 53912 0 0 0 0 0 0 0 0 0 0 10913 0 0 38320 0 0 0 8529 0 
0 0 0 0 6641 0 0 19591 0 0 0 0 19584 54811 0 0 0 0 0 29618 0 0 0 0 51884 50864 1725 0 0 0 0 16714 0 0 22503 0 0 21794 0 0 0 0 29217 0 0 0 39053 0 0 0 37547 0 0 0 0 0 0 0 0 0 0 0 0 0 0 23634 54038 56066 0 0 0 0 0 0 0 41402 0 0 9681 0 16374 0 45503 0 0 13832 23312 0 0 43289 0 5017 7067 0 0 0 0 0 4486 0 
0 0 0 0 0 0 0 50473 0 0 0 0 0 0 0 0 0 0 36357 0 0 0 0 0 0 0 4963 0 0 0 23172 0 0 0 0 0 0 0 0 1015 0 42581 41275 0 0 59447 0 0 0 0 40568 0 0 0 0 0 0 11174 0 0 0 5605 0 0 0 0 0 0 0 0 0 46327 30159 0 0 12074 0 42495 1164 0 0 32876 0 0 0 0 0 0 16932 15070 0 4111 0 40584 0 0 0 0 0 0 
0 0 0 0 0 0 0 0 0 0 23475 0 0 0 38333 0 0 0 0 0 0 0 53750 22552 46761 0 0 0 0 0 0 10183 0 51101 37335 0 0 0 0 0 0 14346 30926 0 0 0 0 0 11618 0 0 0 25147 0 0 56270 0 0 0 0 0 0 21501 23634 0 0 0 0 0 0 6440 0 0 0 0 21975 0 0 0 0 0 0 0 37040 0 0 55750 0 0 0 0 11632 0 0 0 42454 0 0 0 11963 
0 0 59950 0 0 0 0 0 0 0 0 0 53278 50886 27044 16186 13915 0 55411 0 0 0 0 36300 0 0 46221 0 0 0 0 57525 23866 0 0 4134 32323 46064 0 0 0 57157 0 0 29413 0 0 54274 0 15852 0 0 0 0 0 0 16766 0 0 0 0 0 20668 54038 0 0 0 0 0 0 0 0 0 0 0 0 0 0 3964 9232 0 0 31485 0 0 0 0 0 0 0 0 0 0 0 0 0 0 0 0 24762 
0 30300 50625 0 0 0 0 25402 0 0 58519 0 0 0 0 0 0 0 0 0 0 0 0 0 0 0 0 0 0 0 0 50856 0 47828 0 46259 0 0 0 0 2207 0 0 31495 28978 0 0 0 7007 0 0 0 35197 0 0 0 0 0 0 0 0 0 0 56066 0 0 0 0 0 0 0 0 0 0 0 0 0 39129 0 33509 9897 0 0 4054 43324 13282 0 0 0 0 18674 19185 0 0 0 43717 0 0 0 0 
0 0 0 0 0 0 0 0 0 52733 0 0 32620 0 0 4837 0 50401 0 43439 0 53860 0 0 12389 0 22246 0 2949 0 0 35582 0 0 0 0 0 6696 20363 0 35686 0 0 0 0 0 2666 0 6297 0 0 55992 0 1156 6639 0 0 0 0 0 0 0 0 0 0 0 0 0 0 0 0 0 0 0 0 0 0 0 36242 0 0 0 0 0 0 0 0 0 0 0 39388 0 0 0 0 0 12359 0 0 53883 
1795 0 0 0 0 0 0 0 0 0 0 0 0 56153 0 0 0 46284 0 0 0 14206 0 0 0 0 0 0 0 0 0 0 0 0 0 0 0 43654 0 20045 0 0 36036 0 0 0 0 0 35769 0 7190 0 0 0 0 0 0 49723 0 0 26890 0 31924 0 0 0 0 0 0 0 0 0 0 0 0 0 0 0 12658 49503 0 0 52560 3070 24416 0 0 56659 20098 0 0 0 0 45867 3460 0 0 0 0 0 
0 0 5372 0 0 0 0 0 0 0 0 0 13619 0 16086 0 6454 12569 0 0 0 0 0 0 0 0 0 0 0 0 0 0 21363 0 30070 22501 33547 0 0 54724 0 0 0 39890 25224 0 0 0 0 0 37992 0 0 0 24642 0 23610 0 0 0 0 0 0 0 0 6440 0 0 0 0 0 0 0 0 23745 10546 0 0 0 0 0 0 0 0 0 0 33503 0 47467 0 0 9133 38753 0 0 0 0 10190 0 0 
0 3752 51842 0 0 0 0 0 0 4999 0 0 6845 0 0 0 0 0 0 0 0 0 4279 0 0 0 0 9944 0 0 0 0 32067 0 0 0 35981 0 0 0 0 0 0 0 0 0 0 0 36893 0 0 8687 0 0 0 21000 0 0 0 7589 59312 0 44041 0 46327 0 0 0 0 0 0 0 0 0 0 0 37796 0 0 13200 0 0 0 0 0 1744 15451 0 0 0 0 28342 0 0 25843 0 0 1886 0 0 
0 0 0 0 0 0 22358 50682 30090 0 0 0 0 0 0 0 0 0 6709 0 0 0 28768 0 0 23240 0 0 0 0 9693 34769 0 0 0 20798 0 0 0 0 0 0 0 0 14492 33131 53890 0 0 0 0 4711 0 0 9048 0 0 0 0 0 0 0 14204 0 30159 0 0 0 0 0 0 0 0 0 0 0 0 0 22515 0 56222 0 7190 0 0 0 56446 0 0 44387 38324 39169 0 0 0 0 0 0 0 9923 
0 0 0 0 0 0 0 0 0 0 0 0 0 0 0 0 36905 0 0 0 0 0 0 0 0 22658 0 12290 0 0 0 0 0 0 0 0 0 0 13839 0 0 0 43884 0 0 19286 0 0 0 0 0 0 16024 0 0 0 0 0 0 0 0 0 0 0 0 0 0 0 0 0 0 0 0 0 0 0 0 0 1225 0 0 0 9426 2796 0 25708 0 0 0 6905 0 0 3258 0 0 4044 0 58096 0 4239 
0 0 0 43757 0 0 0 37355 0 0 48395 0 53949 0 0 0 39066 0 23571 0 0 0 0 40425 0 0 0 0 0 0 0 0 0 29791 0 15914 0 29228 0 0 0 0 0 18788 57454 0 0 0 0 0 13181 0 0 29853 0 0 0 0 44410 0 0 0 0 0 0 0 0 0 0 0 23745 0 0 0 0 0 0 0 0 0 0 0 0 0 0 0 5716 0 0 0 0 0 0 0 0 0 0 4408 0 0 
0 0 0 0 0 0 0 0 0 158 0 0 0 0 0 0 34644 0 0 0 0 0 56861 0 0 20403 0 0 40120 0 0 59106 0 0 0 0 55942 0 29744 0 0 0 0 0 0 0 0 0 0 0 0 0 0 43582 49963 0 0 0 3583 0 0 0 40947 41402 12074 21975 0 0 0 0 10546 0 0 0 0 0 0 0 0 0 0 0 0 0 0 0 0 56446 0 0 0 2312 0 0 0 0 0 0 0 0 
30751 0 0 0 0 0 0 0 0 27776 0 0 0 0 0 18848 0 0 0 0 0 0 0 0 0 1739 32633 0 26164 18541 0 53326 35070 0 0 0 34427 0 49352 39953 33459 0 0 0 48828 0 0 44116 0 0 0 0 38320 0 0 0 0 2116 0 0 0 0 8131 0 0 0 0 0 0 0 0 37796 0 0 0 0 0 22553 0 6404 0 0 0 0 0 0 0 22648 44108 0 0 0 0 0 0 0 5682 0 0 0 
0 0 0 0 59198 0 0 0 0 0 0 0 0 0 0 0 0 0 0 0 0 0 0 0 0 7279 9228 0 0 0 56841 0 0 0 0 0 0 0 37663 0 0 0 0 0 0 0 0 0 0 0 31853 0 0 0 48275 35238 0 0 35452 0 0 0 0 0 42495 0 0 39129 0 0 0 0 0 0 0 0 22553 0 0 55487 0 0 0 40691 0 0 41892 0 0 0 0 48613 0 0 58013 0 0 0 0 0 
35453 0 0 0 0 19462 0 40769 0 15035 0 0 0 0 0 0 0 0 0 28739 0 0 0 0 0 0 51927 59521 0 1761 0 0 0 0 0 48168 0 0 8618 0 0 59834 0 0 0 0 13369 40771 0 0 0 0 0 0 0 22329 0 0 0 0 26162 0 0 9681 1164 0 3964 0 36242 12658 0 0 22515 1225 0 0 0 0 0 0 20259 0 0 0 33668 58134 0 0 0 0 0 26326 0 373 0 0 46397 0 0 0 
0 0 4933 0 0 17260 0 0 0 0 0 0 0 0 0 0 0 0 0 25621 0 0 0 35990 46938 0 0 0 0 0 0 32533 0 0 0 0 0 23253 0 0 0 0 56284 0 48213 54579 58486 4339 0 9055 0 14789 0 0 0 0 0 0 0 0 0 0 0 0 0 0 9232 33509 0 49503 0 13200 0 0 0 0 6404 55487 0 0 0 2102 0 15625 0 40641 35774 0 0 7161 51776 0 0 0 0 0 0 0 50125 32031 
22283 0 0 0 0 0 0 0 0 0 0 0 0 0 0 0 0 0 24515 0 0 0 0 3652 0 0 0 0 0 0 0 0 0 0 0 0 18385 0 0 49067 0 0 0 0 0 0 0 49074 0 0 0 0 4728 43845 49119 33020 0 0 0 0 0 0 53912 16374 0 0 0 9897 0 0 0 0 56222 0 0 0 0 0 20259 0 0 46055 0 0 58525 0 0 18834 0 0 15959 0 0 0 0 0 39859 0 13321 0 
0 0 4466 0 0 0 0 0 0 0 23465 0 0 0 6719 0 0 0 0 15184 34278 0 29750 0 0 0 0 0 0 57065 35437 0 0 0 0 35572 0 24107 26061 0 0 43322 0 0 58099 34719 0 17162 0 46758 0 0 37308 0 0 0 0 0 0 0 0 0 0 0 32876 0 0 0 0 0 0 0 0 0 0 0 0 0 0 2102 46055 0 0 0 0 0 57896 0 0 0 0 0 26273 0 40130 0 0 0 0 0 
0 0 39548 0 0 35518 0 0 0 0 44323 0 0 0 0 0 0 0 0 0 0 0 14341 22793 0 59099 20594 0 17283 5381 33862 0 0 0 0 0 7805 2351 0 0 0 0 0 13938 0 21337 0 0 0 0 30036 0 0 51050 0 0 0 0 0 48355 0 0 0 45503 0 0 31485 0 0 52560 0 0 7190 9426 0 0 0 0 0 0 0 0 0 0 0 22825 0 0 0 0 47513 0 0 0 11068 0 45671 0 0 8681 
0 0 0 0 0 0 0 0 0 14736 0 0 23697 0 3321 20992 36487 0 0 0 0 0 23545 0 0 0 0 52346 40845 0 12293 0 0 0 31017 14888 0 0 0 0 0 0 0 0 0 0 0 0 0 49336 0 26908 15176 0 0 43543 0 0 0 58787 0 48083 0 0 0 37040 0 4054 0 3070 0 0 0 2796 0 0 0 40691 0 15625 0 0 0 0 0 0 50061 0 0 47221 57844 0 0 7885 0 0 0 0 29434 0 
56640 0 17060 0 0 0 0 0 0 52745 0 0 0 0 0 0 0 0 0 0 0 0 0 42216 0 0 28508 48042 0 0 0 0 0 0 0 0 0 0 0 0 0 55483 0 59625 0 0 6210 0 0 0 0 24400 0 0 7306 0 0 0 0 39737 58546 0 0 0 0 0 0 43324 0 24416 0 0 0 0 0 0 0 0 33668 0 58525 0 0 0 0 0 0 0 0 0 0 0 15981 22852 0 0 0 0 44884 0 
0 0 0 0 0 29186 0 0 0 0 0 0 0 0 13053 0 0 8851 0 0 0 0 35224 0 0 49625 0 0 0 0 0 0 0 0 18142 52046 0 0 0 0 0 0 8091 8364 30325 42857 38426 0 0 0 1220 0 0 0 0 0 0 45058 0 0 0 0 0 13832 0 0 0 13282 0 0 0 1744 0 25708 0 0 0 0 58134 40641 0 0 22825 0 0 0 0 0 0 0 39579 0 1361 0 0 0 0 0 0 0 
0 0 0 0 0 0 0 0 0 33118 0 0 106 0 0 21248 0 0 0 0 0 0 0 0 0 0 34771 0 17934 0 0 0 0 0 15416 0 0 0 0 0 0 0 0 0 0 2669 0 0 0 58548 28339 0 15088 0 0 0 0 24583 4434 59926 0 0 0 23312 0 55750 0 0 0 0 33503 15451 56446 0 5716 0 0 41892 0 35774 0 57896 0 50061 0 0 0 49773 5921 0 0 0 0 0 0 0 0 357 0 0 
0 0 0 0 57955 0 0 0 0 24214 0 0 0 39221 0 0 0 40334 0 0 0 0 3991 0 0 0 32875 0 0 0 0 0 0 0 0 0 0 0 0 0 0 0 12836 0 23353 0 4699 0 0 0 0 0 0 0 16859 0 44625 0 0 0 0 0 0 0 0 0 0 0 0 56659 0 0 0 0 0 56446 22648 0 0 0 18834 0 0 0 0 0 49773 0 9233 0 0 0 35345 38430 0 0 21786 0 0 1859 
0 0 41586 0 0 0 41399 0 10797 0 0 0 0 0 17410 33060 0 0 0 0 0 0 0 0 0 0 12127 56896 0 0 49955 0 0 0 0 0 0 0 0 0 40537 0 0 0 0 0 0 0 12478 0 56052 0 0 16737 0 0 36684 3009 0 0 0 0 0 0 16932 0 0 0 0 20098 47467 0 0 0 0 0 44108 0 0 0 0 0 0 0 0 0 5921 9233 0 38065 0 0 0 0 0 0 0 1996 0 0 
51375 0 0 0 0 46718 0 0 24193 0 0 0 47811 0 0 0 0 0 0 4383 0 0 0 0 0 0 0 52726 0 0 0 0 0 0 0 0 0 25154 0 0 20954 47973 0 0 0 8450 0 45699 0 0 17553 0 0 0 0 0 0 20686 0 0 0 0 0 43289 15070 0 0 0 0 0 0 0 44387 6905 0 0 0 0 0 7161 0 0 0 47221 0 0 0 0 38065 0 0 0 1317 0 0 26192 57102 0 10371 0 
0 0 0 0 0 0 0 0 0 5960 3787 0 7075 2788 7722 0 0 0 49217 0 0 0 43696 30855 0 0 0 0 0 0 0 8752 0 0 0 25460 15173 49733 0 0 0 0 0 0 56718 0 0 23202 0 0 0 0 3504 0 0 0 0 29909 0 40558 0 0 0 0 0 0 0 18674 39388 0 0 0 38324 0 0 0 0 0 0 51776 15959 0 47513 57844 0 39579 0 0 0 0 0 0 0 0 0 16827 0 44141 0 36572 
0 0 17999 0 0 0 883 0 0 0 0 0 1774 0 0 0 0 17127 0 0 2371 20854 17125 0 14054 0 50390 0 0 0 6664 7590 0 0 47895 0 9230 0 0 0 0 0 52335 0 0 0 0 0 0 0 0 0 0 0 32933 0 0 0 0 47606 0 0 10913 5017 4111 11632 0 19185 0 0 9133 28342 39169 0 0 2312 0 48613 26326 0 0 0 0 0 0 0 0 0 0 0 0 0 0 0 0 0 0 0 0 36123 
0 0 0 0 2137 0 3950 0 0 0 0 0 0 1075 0 13170 0 42127 15169 0 0 0 0 0 0 0 0 27822 0 0 0 42582 0 0 0 0 0 0 0 0 0 47771 0 0 2813 0 0 0 0 0 52483 0 0 3088 0 8711 0 0 0 0 0 0 0 7067 0 0 0 0 0 0 38753 0 0 3258 0 0 0 0 0 0 0 26273 0 0 15981 1361 0 35345 0 1317 0 0 0 0 0 0 0 0 0 0 
0 0 0 0 0 0 0 0 0 0 41568 12039 0 0 0 4762 0 0 0 0 0 0 0 0 0 0 29405 0 0 0 0 0 0 0 0 39627 0 0 47389 59794 0 0 36372 38390 0 0 0 0 0 17833 0 0 54328 0 53658 41431 0 0 0 0 0 31656 0 0 40584 0 0 0 0 45867 0 0 0 0 0 0 0 0 373 0 0 0 0 7885 22852 0 0 38430 0 0 0 0 0 0 0 0 21377 0 0 47979 
0 0 0 0 38391 38948 0 0 0 0 0 0 15365 0 0 0 31176 0 28840 0 0 0 0 0 45581 0 0 0 0 0 0 0 17748 0 11965 10210 0 0 0 0 8906 0 27893 35095 0 22736 43291 0 56324 0 0 0 0 0 0 0 0 0 0 0 0 0 38320 0 0 0 0 0 0 3460 0 25843 0 0 0 0 0 58013 0 0 0 40130 11068 0 0 0 0 0 0 0 0 0 0 0 0 39883 0 17215 0 53459 
0 0 0 0 40222 0 0 6634 55159 0 59441 0 0 0 24525 25330 0 17077 0 0 0 0 0 0 51504 0 0 0 0 0 0 0 0 0 0 0 0 0 0 0 0 0 0 0 0 0 0 11334 0 0 0 0 0 0 0 0 0 0 0 0 0 51527 0 0 0 42454 0 43717 0 0 0 0 0 4044 0 0 0 0 0 0 0 0 0 0 0 0 0 0 0 26192 16827 0 0 0 39883 0 0 12030 0 0 
0 0 0 0 0 0 10132 0 0 0 0 0 0 0 0 0 0 0 0 0 0 0 0 45282 25749 15109 0 0 0 0 0 0 0 0 0 0 0 0 0 49308 0 0 0 0 0 0 0 0 0 0 0 0 0 0 0 0 5534 19218 0 0 0 0 0 0 0 0 0 0 12359 0 0 0 0 0 0 0 5682 0 46397 0 39859 0 45671 0 0 0 0 21786 0 57102 0 0 0 21377 0 0 0 0 0 28976 
43093 0 0 0 40398 0 0 0 0 0 0 0 8768 42663 0 53370 0 0 51071 5784 0 0 38484 0 5965 0 0 0 49227 0 0 0 546 49655 0 0 0 4752 0 0 0 0 0 0 0 0 17169 0 0 0 0 0 0 0 16126 25544 3755 0 0 0 27914 4070 0 0 0 0 0 0 0 0 10190 1886 0 58096 4408 0 0 0 0 0 0 0 0 0 0 0 357 0 1996 0 44141 0 0 0 17215 12030 0 0 0 0 
29445 0 0 0 0 0 0 0 0 0 0 0 0 0 0 0 0 0 0 50837 0 0 19768 56663 56338 0 0 34973 0 0 6062 0 0 0 0 0 18734 0 15604 0 4673 0 0 0 13438 0 0 0 47348 0 0 0 0 0 13715 0 0 0 0 0 0 0 8529 4486 0 0 0 0 0 0 0 0 0 0 0 0 0 0 0 50125 13321 0 0 29434 44884 0 0 0 0 10371 0 0 0 0 0 0 0 0 0 10967 
0 0 0 0 0 0 0 0 0 0 50760 0 0 0 0 0 0 47038 0 0 0 0 0 0 0 0 0 0 0 0 0 0 0 42826 41451 0 22565 0 48594 22561 0 20665 0 4595 0 0 0 0 0 0 0 0 16161 0 0 48032 0 0 30360 22477 0 0 0 0 0 11963 24762 0 53883 0 0 0 9923 4239 0 0 0 0 0 32031 0 0 8681 0 0 0 0 1859 0 0 36572 36123 0 47979 53459 0 28976 0 10967 0 
