40
3 4 3 4 2 4 1 5 2 2 1 4 4 3 2 5 1 1 4 4 1 2 4 5 2 1 2 1 2 3 3 4 4 3 4 3 1 3 2 5 
11 12
26 1
1 16
12 22
8 36
3 15
14 39
22 40
26 23
5 26
25 39
34 2
21 17
2 11
8 7
33 3
22 6
26 4
25 21
8 22
10 14
22 35
30 34
7 12
36 34
11 25
12 21
28 33
38 30
6 14
22 13
23 20
31 38
2 23
24 2
12 6
26 10
38 40
28 27
32 18
4 1
9 13
37 2
37 14
23 17
36 3
19 8
28 33
14 9
21 15
29 40
21 20
33 8
40 38
6 31
6 9
7 38
7 4
8 5
14 1
4 17
13 32
24 18
20 36
8 1
11 31
1 2
26 13
6 18
29 39
28 23
38 23
15 32
22 1
39 38
10 15
8 15
25 17
38 39
1 33
