60
5 1 5 5 2 5 2 2 4 1 5 3 1 5 3 3 4 5 1 3 3 2 4 5 5 3 1 1 4 2 3 1 5 4 4 5 1 4 5 2 4 4 2 2 3 3 2 5 2 5 1 1 3 5 1 3 5 4 2 5 
1 55
57 2
31 44
50 22
37 59
9 6
35 1
11 37
48 44
5 1
42 43
38 16
5 46
53 1
42 21
1 7
5 33
30 13
58 42
47 54
48 45
30 35
10 4
54 52
12 8
39 56
12 22
41 39
7 9
20 59
32 34
18 6
27 49
47 26
48 46
12 9
41 29
6 13
41 49
15 49
43 54
6 44
15 35
50 13
2 60
2 7
26 41
32 39
8 9
58 41
54 45
55 46
21 4
8 15
18 25
51 49
53 10
3 47
38 44
48 50
11 38
21 50
10 8
57 5
44 54
36 13
30 5
1 25
60 44
45 43
59 9
57 42
50 59
33 45
28 48
30 27
3 46
40 16
24 32
26 18
24 17
44 36
7 50
45 53
8 60
23 33
27 36
52 19
16 5
32 14
27 2
59 10
29 17
21 37
39 34
39 54
26 50
37 44
34 30
19 17
57 49
38 53
28 10
34 49
39 19
42 58
43 23
11 14
27 45
6 20
40 2
33 22
51 20
13 8
9 20
43 38
33 20
42 8
58 60
30 23
