50
5 4 1 5 3 2 3 5 1 4 3 1 5 3 1 4 5 5 3 4 5 2 4 1 5 5 4 3 1 4 4 1 5 4 4 1 1 2 4 4 5 2 3 4 2 5 2 5 2 1 
14 28
19 36
11 43
39 18
48 29
32 43
30 6
29 46
17 8
26 36
12 10
6 28
6 4
45 42
2 42
45 39
46 47
24 3
43 11
37 43
27 14
17 6
2 16
6 12
5 21
22 14
19 46
22 15
25 13
16 33
34 27
27 16
25 37
34 23
46 5
1 41
26 14
13 42
47 20
46 12
35 43
26 45
37 26
9 44
41 2
30 5
13 44
20 7
32 36
12 43
39 8
23 8
38 39
37 33
45 9
19 33
7 23
3 11
1 16
8 12
9 29
48 11
21 50
29 38
14 29
5 7
47 41
16 50
21 20
29 6
32 44
15 42
9 12
38 50
14 34
45 25
26 46
20 23
13 40
39 2
3 46
2 8
25 19
45 16
6 44
24 49
41 3
31 45
45 40
34 5
30 47
33 46
12 18
15 10
30 45
45 34
32 34
43 49
15 49
50 2
