100
1 2 1 5 5 3 3 3 3 5 4 2 1 2 2 3 2 2 4 3 5 4 5 4 3 1 5 4 3 1 1 3 1 4 1 4 3 2 5 5 5 2 1 2 1 4 4 1 3 2 2 2 2 1 3 2 4 3 2 4 1 2 5 2 3 1 5 2 4 2 4 1 1 4 5 4 5 4 5 2 1 4 2 4 2 1 2 5 5 5 1 2 1 1 5 1 1 1 4 4 
74 58
69 99
61 64
14 65
67 51
94 17
46 64
8 69
55 56
10 98
80 19
49 1
52 95
39 23
22 55
33 84
58 34
88 85
93 45
44 53
23 28
48 63
37 99
11 50
45 7
64 92
8 12
50 32
4 37
91 57
90 72
86 82
21 19
41 76
54 15
55 32
50 60
90 98
36 49
95 81
4 87
89 10
56 20
4 31
12 28
40 42
60 49
94 21
100 43
61 84
2 10
16 76
12 29
7 46
77 71
50 62
81 8
91 12
23 2
87 7
64 54
62 42
71 66
78 66
98 4
27 6
4 88
39 59
62 44
25 32
39 94
74 80
40 61
78 73
41 29
65 4
54 74
52 2
10 55
57 25
43 47
21 40
13 30
47 21
3 86
38 13
75 64
92 54
80 9
13 42
32 65
8 100
25 8
1 66
30 60
86 12
100 86
87 89
89 96
8 12
41 74
85 70
19 29
74 12
78 33
42 33
94 88
34 76
14 38
47 15
81 23
22 98
54 37
44 42
25 34
2 29
97 99
55 38
91 79
15 17
78 36
11 65
64 68
39 94
74 14
80 92
4 34
50 85
55 38
14 100
51 88
87 50
5 22
91 13
100 51
34 60
87 40
68 65
18 72
93 1
71 57
44 93
28 29
77 8
17 45
23 67
39 99
100 40
15 73
84 46
46 27
81 70
75 86
62 69
71 64
45 24
87 58
32 76
71 85
40 35
19 37
94 60
98 100
51 41
88 55
80 48
16 35
30 6
78 38
46 21
76 99
20 76
16 80
88 54
41 29
2 68
1 10
56 99
76 23
29 83
3 39
74 86
89 48
81 59
95 78
71 27
30 20
51 66
52 10
100 35
30 52
39 72
84 36
15 61
92 98
76 49
67 15
87 28
83 62
56 89
11 91
78 56
7 21
26 62
79 47
42 38
5 7
16 99
97 64
46 80
28 99
13 32
51 1
33 91
3 28
54 87
59 64
10 34
72 79
60 40
32 98
68 24
13 7
98 19
8 73
37 97
47 50
71 74
83 66
21 18
58 43
81 67
45 40
71 64
25 97
51 54
15 24
59 63
22 17
29 95
95 42
19 61
45 8
98 89
63 85
51 81
61 48
26 99
95 51
17 66
62 60
58 1
12 94
5 49
37 91
58 66
22 89
76 56
68 62
19 96
48 5
91 69
25 40
40 73
33 59
60 87
63 47
28 10
93 71
36 8
58 32
18 20
47 90
94 29
74 22
58 87
69 92
94 44
62 9
94 42
84 26
18 47
91 3
18 49
87 21
98 48
9 43
13 97
92 43
13 90
34 55
70 92
20 14
78 72
83 79
87 65
10 84
11 85
21 38
51 77
69 65
79 45
53 78
5 36
43 10
25 37
39 51
89 21
32 60
80 67
41 62
64 8
25 39
55 15
9 73
22 1
74 11
12 100
88 56
75 78
93 91
18 49
61 11
19 34
94 9
79 68
25 33
91 37
50 34
59 26
95 41
96 83
94 58
74 42
42 59
22 64
41 25
75 79
57 54
36 42
50 28
1 42
55 33
54 21
14 54
30 86
2 95
7 35
79 92
91 25
76 34
69 41
96 90
75 58
65 11
83 8
6 74
19 83
84 65
61 29
55 22
68 38
33 95
61 22
36 90
29 32
87 93
57 52
73 4
92 91
8 28
78 48
22 94
47 10
98 97
37 33
16 99
71 2
78 22
34 60
32 18
3 69
100 9
48 46
97 22
95 64
88 65
6 28
19 21
48 69
16 61
29 7
51 86
31 75
7 65
71 14
90 29
73 71
77 23
25 71
100 41
48 35
95 94
22 65
73 80
29 33
90 52
6 24
21 23
33 31
74 31
89 5
90 67
44 1
10 36
89 78
19 94
11 41
97 5
54 30
20 84
42 2
4 32
55 62
93 89
62 19
16 40
74 2
72 65
64 44
25 16
65 18
4 56
40 95
48 99
97 42
52 34
85 2
76 24
83 96
44 2
94 65
51 26
83 27
33 44
31 16
82 95
94 45
8 38
84 87
84 91
20 76
21 22
1 84
56 16
20 8
57 20
3 72
82 35
43 53
27 15
84 57
71 66
41 15
94 93
90 83
22 12
58 55
34 29
78 29
26 60
13 77
25 37
57 21
93 32
53 7
67 77
10 35
17 91
89 83
34 11
99 25
64 6
21 55
59 22
50 42
3 73
33 87
47 91
19 66
53 91
79 63
22 20
39 44
77 91
43 8
5 22
46 34
95 30
85 4
