70
3 1 3 5 1 1 2 1 2 5 3 5 1 2 3 2 2 4 1 3 5 3 4 1 2 3 4 2 1 1 2 2 3 3 1 5 2 2 4 2 2 5 5 5 3 4 4 5 5 5 4 1 5 2 2 4 4 1 5 5 1 2 2 5 4 5 5 3 1 3 
18 39
30 60
60 1
16 8
4 11
12 28
65 38
62 38
11 29
17 28
27 28
62 70
60 32
27 69
13 59
57 48
41 20
29 64
8 59
36 6
32 7
5 32
34 38
40 43
40 32
54 24
28 40
67 40
55 20
33 11
41 18
46 30
3 47
46 2
54 33
29 27
26 18
45 43
30 31
20 19
26 55
33 20
18 24
59 67
32 33
32 27
69 9
21 60
21 67
2 50
31 28
18 6
35 60
18 45
5 22
26 37
42 18
38 60
39 19
47 35
1 20
55 1
8 23
28 69
23 21
16 8
44 11
31 53
62 23
67 59
4 35
25 20
20 64
58 37
45 62
56 32
7 16
13 10
27 45
53 8
30 32
59 64
37 13
11 28
52 44
63 60
70 53
7 66
49 38
66 6
9 21
46 55
65 19
64 67
13 52
16 18
5 49
33 2
11 47
36 31
49 45
65 51
37 5
62 50
30 5
56 5
6 48
37 65
70 51
62 61
61 30
2 27
35 6
61 7
8 22
35 55
42 36
52 18
34 26
58 59
15 35
50 7
57 45
51 4
16 46
34 60
37 53
30 51
37 65
33 29
3 55
42 4
55 22
61 11
44 31
8 38
16 69
17 2
5 37
8 52
28 43
37 68
30 19
37 54
48 14
59 62
63 17
5 60
34 10
1 20
6 44
7 33
24 36
10 18
57 8
32 39
65 17
24 53
29 51
30 24
23 1
24 11
53 30
50 17
1 4
26 11
41 33
36 14
25 46
65 70
50 51
45 20
52 43
50 68
37 43
51 45
11 27
42 20
13 2
30 50
28 9
45 11
25 69
54 56
62 32
15 22
39 2
34 62
65 9
7 54
63 45
36 64
44 33
53 61
44 17
31 11
24 44
39 51
2 8
4 9
51 47
13 62
69 14
4 44
17 28
70 28
9 37
42 11
24 7
34 9
32 46
13 53
11 3
58 27
41 56
26 65
55 54
35 65
39 55
49 7
5 19
61 11
11 62
42 20
2 60
67 57
63 25
28 1
56 2
15 53
32 63
30 49
8 64
24 18
48 62
2 18
31 52
16 32
23 24
60 68
41 1
62 20
6 60
7 55
60 33
33 36
28 17
50 59
64 67
30 18
50 67
65 24
2 5
42 54
27 30
37 53
70 36
32 33
3 11
36 17
41 31
26 29
43 37
36 37
34 67
64 60
68 37
67 11
46 36
44 31
46 35
69 32
2 29
62 47
46 13
62 60
16 50
21 47
51 60
53 31
53 48
53 14
24 17
70 53
12 36
47 1
34 31
60 18
67 70
42 54
18 63
38 15
22 21
6 37
19 37
29 18
53 59
64 54
64 53
50 30
30 13
43 2
23 53
27 57
24 67
20 3
20 50
26 56
28 68
54 38
63 6
12 52
10 15
6 30
1 69
48 28
33 6
16 53
37 46
28 52
69 41
13 5
38 67
61 29
26 38
30 31
13 60
37 57
23 4
40 68
28 11
57 39
38 58
26 63
31 8
40 52
26 45
8 23
19 14
58 37
23 62
15 26
47 65
57 34
26 14
15 3
20 51
22 29
7 2
70 38
