80
4 1 5 1 4 1 1 4 4 2 1 3 3 1 2 3 4 4 1 4 3 3 2 3 1 3 5 1 2 4 3 2 4 3 4 4 3 1 2 5 2 1 5 2 1 5 1 4 3 4 1 4 1 4 4 5 2 3 4 3 3 1 2 5 2 2 1 2 1 1 4 3 2 1 3 5 1 2 3 4 
11 9
58 10
30 45
40 63
41 73
64 56
20 65
60 31
73 25
63 69
44 7
68 22
50 49
13 73
21 3
40 55
32 50
44 78
24 19
63 42
37 76
10 41
39 3
10 20
72 65
53 80
61 74
7 67
30 35
45 54
67 31
77 60
2 79
42 21
6 35
15 79
68 10
16 70
54 53
47 20
24 3
40 69
15 64
32 6
15 8
66 65
32 77
8 10
74 7
6 46
36 23
8 40
11 73
36 26
21 24
16 5
34 76
7 63
29 62
71 74
52 76
40 29
75 7
36 72
28 40
68 38
19 21
68 11
44 78
1 71
23 40
36 53
75 15
34 9
72 21
50 7
16 37
65 69
1 78
1 33
67 33
56 47
28 20
59 60
15 9
57 9
28 52
27 21
64 1
56 16
39 8
51 5
5 20
56 28
62 61
19 20
24 53
53 43
61 43
80 74
77 21
7 4
52 8
22 27
26 35
71 42
70 6
27 4
63 33
76 36
80 24
76 57
1 75
42 62
69 4
49 38
31 23
76 2
10 53
11 55
72 17
77 10
23 10
73 61
35 11
68 73
55 54
27 56
14 37
63 2
36 21
56 79
45 74
46 41
19 18
21 18
75 50
73 60
80 42
35 55
9 28
76 6
64 28
29 66
62 61
59 71
37 51
11 18
45 37
44 30
28 69
72 26
3 71
23 6
18 58
18 22
37 73
20 34
26 14
9 66
45 59
59 17
26 50
34 61
26 9
2 63
44 53
4 32
76 66
1 6
9 73
37 54
66 46
29 37
14 27
78 19
41 7
21 37
22 58
39 17
68 48
54 12
52 46
66 69
11 48
21 38
57 25
47 1
27 76
60 28
46 58
51 26
27 21
74 47
42 65
9 26
24 46
14 49
58 70
78 28
6 36
50 77
70 75
16 14
54 20
61 56
77 41
33 45
63 62
58 41
2 49
15 46
28 22
4 61
11 14
72 54
20 55
2 15
16 55
4 57
1 18
52 46
5 17
21 51
47 19
7 9
43 52
64 9
14 42
59 52
38 32
49 69
12 57
65 61
3 21
80 70
3 18
41 40
72 54
63 33
41 28
63 15
43 23
11 65
39 55
46 63
51 64
64 12
26 80
59 17
43 14
6 52
78 16
32 38
56 6
19 77
26 68
80 44
23 58
42 18
40 60
62 8
60 78
61 76
22 7
73 4
47 63
35 55
43 52
17 72
1 73
39 47
67 47
24 72
66 78
37 52
77 21
35 2
19 67
36 73
46 48
69 60
68 24
31 78
52 60
55 49
1 4
61 68
38 53
75 71
45 3
8 26
45 32
60 51
37 70
63 21
40 56
60 56
28 64
4 70
57 12
46 43
8 14
15 41
33 25
16 12
46 6
56 54
2 44
20 74
3 70
39 68
8 22
38 68
74 57
2 45
54 6
16 78
35 58
55 61
25 47
74 21
34 12
3 45
50 19
75 49
3 13
22 18
29 64
80 32
67 50
56 42
9 58
7 11
41 16
32 40
25 16
44 11
27 72
69 2
54 22
75 78
15 61
26 30
42 3
70 74
56 29
14 31
63 7
13 32
67 48
51 39
80 72
14 71
35 48
80 62
44 80
35 2
47 15
48 55
6 46
17 67
68 38
61 32
25 42
66 15
63 16
7 51
12 1
74 79
1 27
78 9
1 77
18 31
70 72
36 31
53 66
50 39
79 30
15 13
2 13
22 51
18 74
78 64
21 78
80 30
37 3
42 71
70 19
12 65
48 42
77 78
10 5
29 11
67 20
15 22
62 34
1 8
35 31
2 43
