20
93
  15   1  85
   7   9  98
   1  11  40
   6   8  63
  15  10  64
   5  20  42
   5   3  87
  15   3  69
   6   9  98
  12  16  74
   2  19  58
   7   8  83
   4  16  88
   4   7  21
  18   6  76
   5   1  90
   1   3  50
  15  20  55
  20   7  70
  19  20  95
   4   9  35
   2   1  88
  17  12  90
  17   8  31
  13   4  85
   2   5  77
  12   6  79
  14  11  43
  12   7  59
  10  11  79
  17   6  13
  13  12  60
   5  14  88
   4   6  10
  14  10  55
   5  10  26
  17  18  35
   5  19  83
   2   3  57
  13  16  61
  13   7  14
   5  11  62
  18   7  75
  13  18  59
  10  19  56
  14  19  41
  18   8  17
  17   4  21
  19   3  65
  12   8  69
   8   9  12
  18   9  81
   7  16  52
   9  16  24
   4   8  76
  14   3  73
  11  20  98
  10   3  41
  15   5  31
   8  16  73
  12  18  97
  17   7  86
   4  18  85
  15   2  52
  13   8  86
  14  16  96
  18  16  12
  15  14  51
  13   6  36
  13   9  96
  12   9  94
   2  20  60
  15  11  88
  11   4  90
  10   1  75
  10  20  68
   1  19  50
  15  19  63
   3  20  93
   2  10  14
   2  14  37
  17  16  37
  14  20  38
   6   7  49
  17   9  55
  19  11  89
  14   1  91
  11   3  74
  12   4  63
  13  17  93
   1  20  15
   2  11  50
   6  16  84
15 13
85 17