30
214
   6  30  25
  30  11  17
  19  30  65
   2  17  38
  17  16  53
  30  28  56
  15   9  45
   3  10  80
  17  13  61
  11  14  30
  19   6  11
   1  18  38
   5   7  61
   7  15  40
   7  28  42
   6  13  57
   2   6  64
  16  28  23
  23  15  33
   4  20  45
   4  15  50
  25   4  26
  19  17  22
   3  11  75
   7  27  72
   6  28  56
  19  12  12
   6  12  98
   3   6  45
   4  21  19
   6  16  45
  20   9  38
  23  20  24
  25   7  90
  22  28  84
  11  12  73
  23   8  10
  15  18  20
  30  16  34
  15  29  32
   4   1  60
  16  12  61
  21  24  71
   7  21  39
  11  13  16
  26  30  38
   1   7  81
   4   9  81
  22   6  90
   1  15  41
   8  24  32
  17  12  45
  26  11  94
  19   2  71
  14  28  31
   4  29  61
  25  29  69
  29  27  29
   3  13  48
   3  30  48
   4  23  84
  21  20  57
  12  13  44
   5  20  53
   7  29  54
  20  18  59
   9  27  43
  19  22  76
   7   8  10
   1  21  39
   5   9  77
   3  12  32
  15  20  60
   4   5  25
   1   8  48
  16  14  69
  25   8  59
  29   9  32
  11  28  88
  19  11  96
  25  15  41
  13  14  49
  17  14  96
   1  20  90
  25  18  73
   4  18  95
   3  28  11
   7   9  24
  21  29  42
  26  14  39
  23   9  50
  30  17  74
   2  30  90
   5  15  51
   3  14  10
  22  17  33
  29  20  30
   2  12  59
  29   8  22
   6  11  30
  26  12  88
  23  18  56
   4  27  28
  21  13  90
  29  18  31
  26  16  20
   3  26  18
  25  21  29
  20  24  26
  10  28  38
   3  16  82
   1   9  10
   6  14  38
   6  10  94
  16  13  21
  26   6  65
   2  28  90
   7  18  56
   1  24  48
  30  13  37
  22  16  91
   5  21  88
   5  29  47
  21   8  41
  22  12  86
  17  10  80
   2  11  45
  10  11  50
   2  14  16
  13  28  51
  25  27  19
  27   8  61
  21   9  50
  10  12  87
   3  22  81
  23   5  20
  10  14  16
  27  24  56
  21  27  62
  19  16  78
  23   1  78
   2  10  90
  18  24  81
  25  23  40
  20  27  80
   7  20  43
  17  11  14
   1  27  79
   7  24  96
  15  27  53
  30  12  54
  23  29  96
  25   5  71
  18  27  66
   2   3  17
  25   1  10
   4  24  81
  17  28  75
  12  28  25
  25   9  54
   5  27  33
   1  29  87
  22  26  27
  20   8  79
   9  24  60
  23  21  80
   2  16  70
  19  28  96
  12  14  26
  23  24  25
  30  14  32
  21  18  82
  23   7  94
   5  24  91
  23  27  66
  15  24  83
  16  10  19
  22  13  98
  26  10  82
   2  26  10
  19  13  53
   1   5  20
  22  10  37
  19  26  71
   2  13  12
  24  30  17
  22  11  50
  18   8  30
  19   3  97
  30  10  63
  29  24  81
  15   8  96
  21  15  59
   5   8  18
   9   8  81
   2  22  77
  16  11  83
   3  17  91
  26  17  44
  20   2  95
  22  30  49
   5  18  82
  26  13  50
  10  13  25
  22  14  18
  25  20  46
   4   8  42
  26  28  24
  19  10  79
  25  24  14
   4   7  67
  19  14  35
   9  18  29
   6  17  45
25 6
88 38