40
389
  31  27  95
   6  22  76
  26  18   4
  24   4  14
   5  11  34
  25   8   5
  28  13  42
  25   9  20
   5  22  56
   4  32   1
  17  23  48
   5  29  72
  14  36  32
   2  32  24
  38   5  46
   1  38  42
   5   6  92
  30  24  21
  16  13  50
  38  11  68
  40  36  97
  24  32  47
   3  31  82
   2   8  40
  25   7  49
  18  21  12
  12   7   2
  38   3  75
  35  36  40
   2  21   9
   6  40  71
  29  33  94
  10  27  84
  36  20  30
  37  19  21
  17  18  32
   5  10  11
  23  32  44
   9  13  13
  14  39  63
  25  21  24
  30  32  37
  33  10  78
  40  39  57
  24   3  49
   7   5  38
  34  39  10
   1   5  35
  28  32   6
  37  17  12
  18  32  30
  33  20  67
  16  26   8
  30   9  38
   6  29  62
  24  13  24
  15  20  50
  37  13  33
  33  36  45
  24  21  46
  27  39  26
  40  15  13
  26  25   5
  13   7  28
   3   5  29
  11  27  64
  30  25  41
  21  32  29
   2   4  35
   2  28   6
   6  33  46
  26   7  29
  19   8  25
   2  30  28
   1  39  30
  34  22  71
  22  36  63
  10  31  21
  25  12  26
  38  35  56
   3  35  28
  40  31  81
  10  15  85
  30  12  28
  17  32  17
  17  24  32
   2  26  44
  19  25  31
   3  40  38
  21   7  37
  19   4  47
   6  36  65
  33  15  73
  35   6  16
  35  14  44
  25  23  12
   2  12  28
  15  36  23
  38  14  42
   3  15  25
  18   4   3
   8  32   4
  28  26  45
  12  17  44
  21  13  25
  30  13  17
  25  24   6
  35  31  17
  12  23   4
  29  20  76
  17   4   3
  29  36  59
   1  27  36
  29  11  27
  19  17  23
   3  34  27
  15  31  96
  30  17  47
  33  14  23
  11  40  28
  22  15  45
  16  25  28
  24  23  37
  11  14  40
  33  40  88
   6  39  10
  37   8  42
  12  18  45
   1  40  49
   6  20  28
  35  11  95
  37  32   2
  19  13  37
  29  40  64
   2   7  39
  26   9  44
  38  27  11
   5  15  44
  29  22  60
  37  18  25
  37  16  44
  30  40  23
  29  10  80
  23   4  44
  16  24  38
  34  15  89
  19  23   6
  39  20  14
   5  39  72
  17   9  23
  16  23  14
  35  29  85
  32   7   9
   5  36  63
  23   9  46
   8   4  42
  19  28   3
  16  18  22
  14  20  77
  26  13  42
  18   9  21
  35  20  80
  12  24  15
  35   5  12
  28  12   1
  24   7  13
  37  33  53
  26  32  19
   4   7  17
   5  33  57
   6  10  40
  16   9  42
  28  24   5
  11  15  18
  34  31  53
  29  31  81
  19  32  19
  38  15  84
  34  20  54
  28   9  32
  12  21  19
  30   7  32
  17  21  28
  38  33  98
  34  33  17
  12  13  44
  28  17   1
   1  14  82
   8  23  34
  10  36  67
  35  22  18
  35  10  52
  22  20  20
   6  27  72
  38   6  76
   6  34  50
  10  39  32
  18  13  13
  37  23  38
   8  21  47
  11  22  57
   2  25  42
   2  13  30
   5  27  19
  38  39  67
  13  32  24
   1  34  50
  23  13  46
  25  13  23
  33  31  54
  37  24  34
  22  27  36
  19  21  26
   6  15  89
   5  20  83
  37  12  41
   1  10  71
  34  14  19
   9  21  33
   5  40  16
  30   4  23
  17   7  19
  38  20  28
  23   7  26
  26  12  25
  35  15  82
  40  27  83
  28  21   9
  37   4  18
  36  27  93
  33  22  74
  14  31  39
  21  14  29
   6  11  43
  40  20  40
  31  39  72
  38  31  71
   8  24  26
  15  39  96
  15  27  28
   3  29  60
  25  17  41
  25  18  15
  19  16  27
   1  11  85
  19  18  39
  12   8  29
  28  23  18
   1  31  46
  12   9  41
  38  34  48
   3  39  64
  37  26  16
  38  29  70
   2  16  45
  26  23   8
   6  14  16
  35  27  82
  19  26  22
  36  31  65
  10  22  41
  37  25  47
  23   5  99
  37   9  49
  30  23  28
  33  39  58
   1  35  25
   5  31  93
  19   9  40
  36  39  10
  16  32  46
  17  13  39
  35  34  95
  38  40  82
  16  30  22
   2  23   2
  37   7  25
  22  39  49
   3  11  49
  28  30   2
   3   6  25
  26  24  29
  30   8  32
   9   7  29
  37  30   2
  11  39  65
   3  22  39
  11  20  98
  28  25   5
  34  27  38
  26   8  34
   3  20  53
  38  10  81
   1  22  67
  24   9  19
   2   9  36
  17   8  42
  26  17  17
  37  28  19
  33  27  26
   1  15  84
  18  39  61
   1  20  42
  28   7  21
  34  11  95
   8   9  31
   1  36  83
  16   7  41
   3  27  66
  34  10  56
   3  14  26
  10  20  52
  22  40  45
   3  36  23
  16   4  19
  38  22  62
  14  15  56
  22  14  62
   1  33  44
  11  31  22
  26  30  33
  21  36  36
  18   7  40
   5  34  61
  24  18  23
  23  21  25
  30  21  36
  16   8  33
  12   4   5
   1  29  17
  31  20  52
  40  14  90
  22  31  67
  10  14  48
  29  27  36
  25   4  45
  26   4  12
  10  11  21
  34  36  47
  19   7  34
   5  14  42
  14  27  96
  16  21  22
  38  36  60
   4  21  16
   2  24  50
   8  13  46
   1   6  11
  30  18  28
   2  18  39
  33  11  64
   8   7   3
   6  31  27
  19  24  33
  29  14  62
  23  18  48
  19  30  18
  25  32  26
  26  21  48
   9  32  22
  28  18  15
   8  18  32
  16  17  19
  35  39  76
  11  36  83
   3  33  27
  34  40  77
  19   2   5
   1   3  67
  29  34  32
  35  33  74
  12  32  23
  27  20  95
  37  21  36
  28   8   6
   4   9  43
  19  12  31
  16  12  36
  28  16   6
   4  13  14
  10  40  32
  29  15  70
  35  40  86
   3  10  36
  28   4  37
  37   2  29
   8  39  55
   2  17  47
  29  39  12
19 35
45 36