50
618
  47  34   6
  18  38  41
  10  37  46
   2  32  95
  33  17  26
  18  29  19
  43  26  52
  39  29  49
  11  22  89
   8  26  60
  34  46  28
   5  14  51
  12  32  34
  29  37   8
  39  20  86
  17  24  43
   7  26  31
  44  29   4
  20  22  54
  25  41  31
   9  24  78
  10  25  36
  17  26  20
  34   4  28
   2   7  12
  39  41  34
   6  17  84
   1  32  65
   5   9  82
   5  17  86
  31  37  29
  48  26  22
  39  23  16
  32  22  62
  48  15  10
  38  13  34
  10  35  19
   2   9  29
  11  32  41
   6   7  30
   3   9  83
  49  34  42
  16  24  21
   6   9  11
  38  50  32
   5  28  88
   9  12  98
  27  41   9
   2  11  54
  18  50  36
   9  17  53
  47  21  18
  45  47  39
  14  43  45
  13  41  48
   5  15  53
   5  11  32
  11  15  23
   9  26  48
  23  36  81
  36  20  33
  32  28  25
  21  39   4
  16  32  78
  39  13   3
  14  28  52
  49  35  41
  14  19  38
   1  17  82
   5  33  40
   3  33  87
  44  21  17
  10  31  23
  35  23  26
  45  29  21
  18  31  14
  40  25  19
  34  29  28
   9  20  52
   6  28  66
   3  43  42
  23  13  20
  36  24  40
   7  43  26
   1  26  71
  49  15  97
   8  48  19
  50  41   3
   3   8  99
   1  22  27
  35  31  35
   1  28  57
  19  28  17
  21  18  38
  10  39  37
  22  26  52
  36  12  12
  29  50  49
  16  19  71
   2  15  76
  45  49  41
  15  17  47
  17  22  65
  27  42  40
  49  27  49
  13  29  27
  25  30  18
  36  33  29
  11  20  66
  31  13  11
   3   5  50
  25  35  37
  30  29  22
  48  11  49
  44  18  17
   1   7  11
  30  34  48
  31  12  86
   1  11  11
  15  16  55
  46  23  36
  49  30  22
  40  39  18
  49  39  26
  44   4  14
  45  35  28
   2  33  10
  17  19  89
  12  20  87
  49  18  14
  10  50  15
   5  26  76
  16  26  61
  47  13  49
  44  42  20
  20  32  51
  38  23  43
  10  38  43
  35  34  14
   6  26  49
  46  50  29
  19  24  20
  17  43  95
  44  30   9
  30   4  13
  10  47  22
   5  22  91
  27  25   3
  33  15  58
   9  19  48
  45  40   3
   1  15  51
  33  14  21
  30  31  22
   1   8  62
   2  12  85
  27  31  43
  38  37  31
  39  42  30
  17  28  64
  39  38  38
  15  26  62
   6  15  12
  48  22  42
  40  21  35
   8  15  73
  39  50  34
  45  27  19
   3  24  74
  47  46  34
  20  26  79
   4  38  15
  12  15  27
  42  15  89
  46  13  36
  42  13  25
   3  12  96
   5   7  13
  49  21  21
   3  14  98
  21  37  14
  35   4  33
  36  32  56
  47  23  38
  49  13  27
   3  11  64
   9  43  74
  43  22  24
  17  32  76
  19  20  12
  32  24  12
  45  21  38
  15  43  86
  27  38  49
  15  20  61
  47  39   7
   8  28  86
  46  36  44
   2   6  54
  25  31   9
   6  11  90
  10  21   7
  10  46   8
  30  38  11
  44  13  47
  43  32  22
  43  24  62
  23  29  48
  14  22  87
  38  28  24
  34  38  19
   1  43  95
  35  42  10
  35  29  35
  25  38  15
  47  50  46
   4  37  30
   8  17  82
   1  33  94
  16  17  48
  37  22  26
  48  33  41
  31  29  47
  49  50  26
   3  36  54
  49  25   5
  34  41  27
  32  26  27
  36  14  80
  34  21  40
   8  11  35
  30  13   4
  45  25  38
   2  22  91
  49  37  15
   9  32  43
  30  39  17
   9  15  32
  36  28  58
  36  43  35
  35  41  49
  48  32  75
  25  23  35
  44  50  23
  35  21   6
  21  42  23
  27  10  32
   9  14  72
   6  33  26
  40  38  47
  40  23  18
  23  50  31
   7  14  43
  10  18  22
  34  42  43
  12  26  10
  44  34  39
   1  14  75
   1   5  18
  44  39   5
   8  33  39
   3  20  26
  16  28  95
  49  10  26
  12  22  98
  45   3  23
  49  31  33
   5   6  19
  15  24  11
  43  19  63
   4  41  18
  49  38  42
   2  17  36
  25  18  42
   3  48  50
  30  18  16
  49  29  24
  47  26  52
  18  46  21
  39  37   6
  36  15  59
   5  16  17
  24  28  15
  45  10  36
   2  26  33
  27  46  43
  45  42   1
  47  29  29
  44  10  37
   2   5  54
  44  49  44
  27  29  17
  42  46   9
  11  43  24
  21  38  19
   7  28  88
  10  41  22
   7  22  39
  47  18  14
  48  43  53
  18  39  50
  45  34  33
   3  32  25
  36   7  77
  40  35  24
  12  14  66
  27  18  12
  21  41   9
   4  33  52
  46  41  39
  34  13  18
  45  18   8
   7  11  84
   1   2  60
  12  19  63
  11  17  50
  16  43  23
  47  38  47
  49  46  47
  11  14  90
  12  16  54
  44  31  40
   2  14  75
  30  46  11
   6  20  29
  10  23  44
  36  26  52
  31  42  18
   9  33  33
   5  48  86
  47  41   7
  33  28  60
  14  20  42
  27  21  17
   7  16  59
  48  20  37
   9  22  20
  15  28  51
  11  28  60
  40  30  45
   9  28  38
   1  24  68
  40  13  48
   8   9  95
  44  37  42
  35  13  38
  36  19  64
   7  24  66
   4  23  17
   7  48  99
  35  38   6
  36  11  32
  36   5  87
  25  13  37
   6  16  44
  45  50   2
   6  19  86
  42  23  23
  45  30  39
  49  42  32
  47   4  26
  37  41  38
  12  17  91
  11  16  36
  19  26  26
  40  37  20
  17  20  63
   5  43  95
  48  28  54
   4  46   6
  10  42  44
  25  42  24
  23  37  33
  14  17  66
  30  35  10
  48  19  75
   2  16  35
  30  21  16
   8  24  16
  45  41  44
  47  37  16
  42  29   9
  22  28  62
  25  21  30
  27  30   9
   4  18  14
  27  34  32
  21  13  26
   3  26  69
  21  23   5
  35  39  26
  15  19  16
   1  12  71
  18  41  45
  33  43  31
   4  50   6
  26  28  45
  42  41  40
   6  32  39
   3  22  97
  45  31  15
   2  28  79
  45  13  36
  43  28  12
  49  23  37
  42  50  33
   2  24  58
   7  17  78
  45  38  46
   8  32  10
  23  41  31
  39  46  45
  33  32  47
   2  20  36
  27  50  46
  40  47  18
  35  18  41
  14  26  15
  40  10  37
   6   8  47
  31  38  34
  27  40  17
  38  24  89
  35  50  22
   4  42   2
   6  43  50
  11  19  30
  40  50  14
   7  32  25
   5  12  79
  20  28  22
   1  20  61
   7  20  85
  21  50  20
  12  33  78
  27   4   4
  31  41  11
  47  42  38
  31  50  27
  36   6  23
   8  14  96
  27  47  11
  13  50   9
  10  30  38
  48  17  92
  21  29  49
  27  23   4
  46  37  45
  42  37  38
  48  12  51
   2  19  19
  33  16  23
  35  37  13
  44  47  24
  25  29  13
  31   9  79
  25  34  10
  33  19  74
  12  43  28
  11  12  26
  27  13  30
  49   4  30
  27  39  14
  22  24  11
   4  21   4
   5   8  66
  18  23   7
  10  13  26
  10  29  32
  40  41  18
  25  46   3
  34  37  43
  30  19  82
  40  31  15
   5  24  22
  25  39  22
  49  47  41
  43  20  70
  46  29  28
  11  24  52
  47  30  22
  25  37   9
   9  16  39
  45  39  48
  38  42   7
  27  37  45
   4  31  44
  50   8  48
  15  32  64
  44  23  13
  10   4  48
  44  25   5
   1  19  58
   7  15  19
  33  22  23
   2   8  95
  21  31  15
  48  24  63
   8  16  99
  36  17  26
  45  23  15
   1  16  89
   7  19  16
   7  12  80
  31  23   5
  14  24  43
  44  46  50
  40  46   3
  47  31  49
  25   4   5
  34  39  48
  48  14  36
  40  18  14
  11  33  64
   8  22  29
  14  15  18
  44  45  11
  15  22  32
  49  40  11
   1  48  26
  40   4  30
  30  42  13
  45  37  21
  31  46   4
   1   6  43
   6  24  44
  10  34  37
  39  16  76
   8  43  77
  14  32  68
  45   4  19
  38  46  30
  16  20  46
   3   7  11
   5  20  84
   7   9  47
  40  42  40
   6  14  96
   1   3  18
  25  50  11
  35  46  28
  26  24  81
  34  31  24
   3  19  77
  33  26  70
   5  32  11
  40  34   6
  13  37  34
  34  50  20
  18  13  24
   6  48  84
  34  23  14
   3   6  60
  36  22  85
   3  17  29
  44  40  47
   3  15  49
  50  37  22
  11  26  75
  45  46  23
   1  36  99
   3  28  84
  18  42   2
  12  24  51
  38  41  49
  36   9  83
  48  16  56
  30  41  45
   4  39  14
  47  35  20
  30  50  14
  20  24  25
  14  16  69
   9  48  37
  12  28  62
  40  29  27
   2  43  29
  39  31  23
  38  29  16
   5  19  74
   8  20  31
   2  36  98
  30  23   8
   3  16  67
  40  24  90
  49  41  31
  36  16  66
  30  37  20
  19  32  85
  33  20  77
   2   3  48
  41   7  22
  36  48  25
   1   9  29
  18  37  42
  19  22  31
  44  38  17
   8  12  21
  34  18  46
   8  19  30
   7  33  80
   2  48  64
   6  22  46
  44  35  47
  44  41  24
   6  12  92
  36   8  71
  29  41  22
   7   8  50
  25  47   2
  27  35  19
  33  24  84
  21  46  18
  16  22  66
  44  27  50
   9  11  68
   4  29  16
   4  13  11
44 43
49 67