60
889
  38  56  18
  51  14  19
  32  41  12
  41  40  35
  12  56  67
   6  29  58
  15  58  45
  59  50  15
  10  43  53
  21  30  78
  47  25  76
  34  56  43
  42  45  36
  18  25  11
  44  14  22
   8  54  12
   9  26  14
  46  41  95
  12  49  63
  46  21  30
   1  10  92
  49  43  50
  39  15  14
  26  13  31
  22   4  45
  27  16  28
  26   4   7
  53  29  62
  38  40  70
  37   7  48
  42  15  17
   5  19  66
  47  21  22
   3  54  92
  51  35  45
  41  25  57
   3   6  41
   3  29  19
  10  40  46
  23  28  85
   6  32  58
  33   2  33
   7   4  20
  27  22  34
   3  46  35
  53  56  85
  21  56  68
   5  10  57
  26  15  17
   6  10  91
   6  19  64
   8  19  25
  43  40  95
  20  15  14
  38  25  65
  27  13  50
  33  60  10
  49  48  24
  20   2  20
   3  34  29
  37  55  39
  37   2   6
  43  31  92
  52  17  11
   3  21  67
  59  17  46
  26  57   6
  57  51  40
  35  44  40
   8  12  33
  12  23  43
  35  17  17
  50  36  34
  57  22  28
  47  12  55
  57  33  41
  55   2  41
  20   4  35
  18  19  37
  59  44  33
  14  39  50
  35  58  28
  36  55   2
  10  30  84
  25  40  78
  35  16   9
  50  45   8
  34  54  68
  43  28  14
  56  29  82
  21  23  70
  42   7  48
  59  15  35
  10  54  68
  33  13  12
   1  49  85
  34  43  91
   8  46  98
   8  10  98
  14  17  45
  49  18  37
  19  30  92
  59  37  50
  27  26  45
  51  22   7
  44  17   2
  14  13  34
  59  20  21
  26  33  45
  47  54  93
  33   4  43
  52  14   7
  33  45  45
  26  16  50
  27  45   8
  23  29  18
   5   8  76
  31  23  99
  27  60  11
  19  56  35
  27  44  34
  11  49  39
  45  58  15
  12  29  69
  10  48  35
  25  30  55
  49  56  40
  59  45  14
   3  11  18
  15  18  73
   7  17  17
  17   6  31
  27  33  27
  52  45  17
  55  17   7
  38  10  98
  57  14  47
  42  37  31
  46  23  65
  16  55  43
  37  39   6
   9  24  10
  44  45  39
  20  39  20
  33  16  40
  54  28  48
  49  40  40
  49  25  29
  26  39  42
   5  56  19
  16  17  36
   9  50  37
  52  53  56
  42  57  13
  42  44  48
  53  30  23
  19  28  16
  20   7  47
  60   2  41
   5  12  67
  24  17  38
  43  25  61
  34  25  85
  42  17  27
  53  47  57
  52  15  27
  42  55  42
  54  41  90
   3  41  96
  60   7  14
  59  16  22
  46  25  42
  37  16  42
   9  13  15
  11  41  70
  31  56  67
  36  33  10
   6  40  77
  37  14  27
  40  56  40
  50  51   5
  54  18  93
  49  23  62
  19  25  99
  32  21  61
  20  36  33
  11  23  93
   9  16   7
  43  56  57
  20  58   8
   5  29  19
  32  54  43
  60  44  24
   7  24  36
  59  52  40
  57  35  31
   1  53  66
   6  31  14
  50  27  49
  26  58  27
  10  31  52
  57  36  12
  26  14  42
   2  14  35
   6  43  65
  37  17  49
  18  28  64
  10  56  42
  27  17  14
  51  15  44
  35   7   4
  53  25  74
  35  45  36
   8  32  30
  22  13  33
  20  33  22
  18  56  80
   3  47  97
  52  16  24
  49  46  10
  46  19  65
  47  40  54
  46  30  20
  53  31  44
  38  23  26
  35  33   4
  32  23  41
  43  30  63
  49  31  28
  31  30  34
  10  32  64
  46  29  68
  50  39  33
  38  53  20
  16  44  16
   1  23  48
  38  30  82
  40  29  10
  26  60  47
  32  56  70
  48  25  51
   2  45  40
   1  18  63
  19  23  77
  16  34  36
   1   6  93
   9  51   9
  59  55  16
  38  46  34
   9  15  29
  50  24  46
   6   8  53
  44  55  34
  33   7  30
  52  51  33
  24  15   3
  23  25  75
  50  14   6
  42  33  27
  35  15  14
  36  37  40
  16  14  23
  44  58   6
   1  28  21
  59   2   8
   9  22   5
   7  39  38
  26  17  25
  28  30  93
  21  29  48
  46  31  87
  12  19  69
  38  12  64
  53  41  11
  42   4  49
  10  23  39
  55  45  16
  34   5  66
  10  29  30
  20  50  24
  22  14  21
  57   2  50
  57  15  13
  50  44  46
  10  28  42
  22  39  24
  59  57  36
   6  11  50
  48  30  72
   9  59  45
  55  58  22
  35  14   3
  33  17  20
  49  41  71
   6  56  89
  34   8  78
  50  34  63
  47  31  50
  55  39  34
  55  14  39
   1   3  61
  37  58  50
  38  21  70
  20  42   5
  33  24   4
   3  30  88
  43  29  56
  44  15  24
  26   2  19
  48  23  47
   1  47  75
  36  44  18
   5  40  71
  37   4  10
  20  13   6
  47  29  96
  24   3  70
  16  13  21
  52  44  28
  50  42  42
  60  16  39
  53  23  66
  34  23  69
   9  35  13
  18  29  95
  18  48  99
  59   4  43
   5  46  84
   1   8  25
  52   7  17
  33  22  39
   6  54  70
  52  33  46
  27  14  12
  27   7  22
  34  21  46
   5  25  47
  13  15  16
  17  45  36
  32  19  98
  60  58   8
   1  40  50
  13  39  31
  57  16  29
   1  46  14
   9  55   1
  52  42  46
  51  60  14
  11  32  73
  50  60  50
   8  28  12
  59  36   4
  34  12  10
  44   4  22
   9  58  50
   9   4  10
  19  31  54
   4  39  29
  23  30  25
  31  28  61
  44   2  16
  53  10  60
  60  29  76
  26  22  13
   5  18  95
  57   4  49
   7  58   1
  59  24  37
  38   3  34
  20  52   4
  47  11  26
  35   2  22
  11  18  57
   2  58  16
  20  27   3
  18  21  82
  33  58   9
  16  58  27
   5  32  35
  11  25  69
  46  32  32
  59  26   3
   8  30  10
   3  18  99
  21  25  41
  38  11  96
   9  53  81
  14  15   6
  50  17   7
  51  16   6
  12  32  96
   9  45  29
  51  17  29
  11  12  63
  35   4  12
  24  55  41
   8  47  96
  26  45  43
  27  58  25
  10  46  87
  32  31  95
  18  41  18
   9  33  20
  21  28  52
  34  53  94
  57   7  23
  27  42  17
  11  28  30
  36  60  14
  60   6  97
   1  56  43
  38   6  38
   2   3  11
  42  36  39
  27  52  39
  21  41  49
  59  27  19
  20  57  26
  34  41  44
  59  13   2
   5  31  68
  31  48  16
  26  35  46
  53  40  42
   8  21  91
   8  40  18
   3  12  22
  16  24  38
  36  17  14
  42   2  40
  53  18  51
   9  37  33
  52  35  19
  54  40  30
  25  29  44
  10  12  67
  35  55  36
  50  58  37
  42  16  17
  52  57  30
  42  35  34
  32  25  27
   9  36  29
   1  30  23
  11  19  56
  57  13  27
  47  30  29
  37  54  18
   9  17  31
  36  51  28
  51  24   3
  17  39  23
  22  55  25
   2  15  34
  59  33   4
  40  30  33
   1  38  35
  27  35  28
  19  21  73
  59  60  25
  44  39  43
   7  18  80
  24   4  23
  24  45  47
  43  21  29
   3  43  79
   3   8  45
  49  30  29
   1  43  53
  42  22  49
  22  44  47
   8  41  81
   9  27  20
  36   2  39
   8  31  98
  38  28  95
  22   2  18
  11  43  86
   8  18  60
   3  31  28
  36   7   7
  25  56  44
  34  48  89
  16  15  16
   6  21  72
  51  39   2
  53  11  37
  21  40  58
   6  23  54
  49  29  40
  34  10  77
  36  35  21
   1  34  52
  49  19  35
   2  13  41
  10  41  62
  59  51  19
  22  58  14
  47  32  23
  43  19  26
  42  46  72
   3  32  53
  38  49  42
  60  37   7
   6  47  86
   3  53  27
   5  49  26
  49  21  51
  37  44  20
  22  16  19
  37  15  37
  50  22   3
  38  31  81
   5  41  71
  50  52   4
  35  24  12
  52  24  21
   7  13   5
  20  37  10
  50  33   7
  19  41  58
  48  40  84
  13  45   3
  32  28  79
  38  48  70
  35  37  44
  18  23  25
  34  28  92
  31  29  13
  10  49  66
  24  39  28
   1  31  46
  14  45  14
  37  13  21
  36  45  42
  35  13  35
   6  28  46
  42  24  47
  48  56  62
  57  37  49
  36  24  19
   6  48  62
   1  41  69
  27  24  33
  48  28  16
   1  32  81
   4  58  27
  35  60   7
  49  28  93
  23  41  30
  52  39  24
   1   5  50
  50  57  32
  53  46  25
  36  16  50
   3  28  44
  22  45  10
  51  37  25
  34  46  17
   7  15  31
  42  51  26
  19  48  70
   5  53  52
  54  23  85
  26  52  36
   6  30  96
   6  41  21
  11  40  17
  34  11  56
  20  60  25
  32  30  24
   8  11  13
  33  15  41
  27  37  48
   5  43  64
   2  25  58
   5  23  48
  12  41  93
  42  39  41
  44  13   8
  54  25  39
  57  24   7
  26  44  41
  36  58   4
   3  56  71
  59  58  16
  60   4  39
  11  46  28
   1  12  89
  50   2  41
  27  57   5
  46  48  51
   2  17  44
  10  21  23
  60  14  25
  42  13  16
   3  19  87
  54  29  41
  44  24   9
  20  44  43
  11  30  23
  36  13  38
  26  51  48
  20  17  50
  38  41  41
  34  30  91
  44  10  54
  47  48  74
  46  43  73
   1  48  87
  27   4  16
  54  19  16
  12  31  89
  46  40  26
  10  18  56
  34  49  50
  50  16  42
  22   7  39
  49  32  38
  50  13  30
  50  37  26
  47  23  87
  34  19  91
  37  24  16
  33   8  66
   3  25  43
  33  55  37
  47  18  40
  20  51  41
   6  25  52
  53  19  81
  57  45  23
  47  41  39
  39  58  26
  42  60  36
  56  30  60
  32  48  60
  43  18  81
   5  30  28
  59  39  49
  18  40  48
  57  55  12
  53   8  46
  52  37  33
  32  18  92
  21  48  70
  43  23  62
  46  18  78
  37  30  66
   9  14  27
  20  22  35
  56  28  46
  38   8  45
  31  41  19
   6  12  50
   5  54  71
  50  55  14
  34  29  51
  38  43  68
  52  55  28
  34  31  78
  17  15  32
  11  54  80
  52  22  45
  12  21  10
  26  36  35
  50   7  17
  53  54  31
  59   7  34
   3  48  20
  23  56  88
  11  56  53
   5  28  21
  19  29  21
  57  39  12
   2  39   9
   8  56  71
   1  19  89
  36  39   6
   4  15   1
  16   7  43
  57  17  39
   9  52  32
  51  44  46
  60  24  24
   5  21  83
  16  45  26
  51  55  12
  47  43  54
  51  33  20
  53  21  66
   9  60   8
  41  28  50
   8  48  50
   6  49  61
  60  39  42
  55  13   6
  20  24  49
  53  12  83
  34  32  70
  23  40  75
  52  60  31
  59  35  12
  38  18  76
  10  11  66
   8  49  12
  11  21  24
  26  42  14
  42  14  38
  27  15  34
  24  13  11
  53  28  57
   3  23  87
  18  31  66
   9  44  28
   7  14  47
  11  29  92
  10  19  97
  31  25  97
  20  16  22
   4  14  50
  20  14   5
  18  30  45
  50  15  15
  19  40  25
  12  25  94
  12  54  83
  38  19  33
   4  45  29
  36   4  32
  45  15  34
  31  40  98
  60  55  50
  38  32  82
  54  30  23
  15  48  85
  28  29  59
  12  18  64
  59  42  21
  37  45  40
  36  22  24
  11  48  97
  12  40  35
  27  51  23
  40  28  46
  47  46  17
  33  39  12
  10  25  15
  42  58  46
  49  54  25
  38  34  43
  51   2   1
  32  40  18
  32  29  67
  55  15  18
  26  37  22
  46  54  76
  11  31  94
  47  10  74
   9  20  14
  48  41  29
   6  53  20
   6  18  53
  33  14  45
  22  15  40
  17  13  11
  12  48  53
  41  29  28
  54  31  78
  32  43  66
  51  58  19
  52  36  22
  27  55  48
  50  26  46
  44   7  13
  24  14  17
   3   5  93
  17  58  28
  53  49  49
  25  28  12
  31  21  91
  26  55  35
  52  58  19
  38   5  13
  16   4  23
  34   6  24
  24  58  34
  48  29  99
   9  39  16
   5   6  71
  26  24  22
  52   4  24
  46  56  21
  54  21  63
  43  54  43
   3  49  86
  46  28  48
   4   2  15
  27  39  36
  50   4  13
  16   2  15
  12  30  51
  51  13  22
  51   4  42
   1  11  64
  60  22  47
   9  42  12
  60  17  40
  54  56  76
  41  56  34
   3  10  52
  20  55  10
  24   2  35
   9   7  31
   8  43  69
  22  24   8
  59  22   9
   9  57  16
   8  29  20
  43  48  74
  39  45  31
   5  11  82
  33  37   9
  53  32  68
  37  22  36
   1  54  38
  52  13  16
  43  41  57
  50  35  44
  34  18  81
  16  39  33
  12  46  51
   7  45  23
  47  56  12
   7   2  20
  14  58  49
  57  58  39
  60  45  26
  20  26  35
  51  45  22
  34  40  49
   7  55   5
  27   2   2
   9   2  41
  57  44  49
  26   7   9
  36  15   9
  53  43  65
   8  25  87
   5  48  37
  38  47  36
  51   7  46
   1  21  91
   3  40  11
  38  54  94
  60  13  46
   1  25  68
  27  36   7
   5  47  97
  20  45  47
  59  14  22
  54  48  31
   6  46  49
  45  43  91
  20  35   4
  13  58  10
   8  23  55
  35  39  36
  12  28  31
  53  48  88
  33  44  29
  47  28  21
  41  30  82
  60  15  23
  35  22  25
  38  29  27
  22  17  32
  55   4   5
   4  17  21
   1  29  64
  12  43  30
  47  49  13
  29  30  95
  52   2  14
  34  47  27
  57  60  37
  47  19  99
   4  13  30
  36  14  13
51 5
47 105