70
1212
  47  32   7
  40   1  31
  13  60  13
  12  65  88
  40  67  39
  59   7  26
  34  61  35
   9  12  40
  24  61  45
  24  70  22
  64  50  67
  22  24  48
  15  49  32
  42  48  36
  30   7  41
  59   2  47
  39  66  46
  25   1  45
  62  55  86
  29   8  18
  45  53  47
   3  48  68
  43  27  22
  56  10  15
  10  38  47
  65  60  18
  64  48  91
   5  62  39
  39  63  84
  37  44  22
  17  61  47
  10  33  86
  57  59  12
   5  21  17
  14  33  21
  46  68  15
  14  48  38
  11   8  40
  63  68  27
  54  70  23
  57  70   6
  35   3  77
  37  11   8
  42  62  61
  34  28  39
  10  55  21
  19  27  37
  37  34  18
  67  11   2
   9  16  19
  58   7  11
  22  44  38
  44  19   7
  32  28  45
  14  23  57
   3  12  27
  22   8  35
  40  34  34
  40  24  12
  17  26   5
  39  50  28
   3  14  25
   6  33  15
  15  41  10
   4   2  47
  12  55  96
  22  17  16
  17  32  15
  18  48  59
  29  30  31
  69  70   6
  44   8  29
  36  38  68
  46  51  17
  10  48  11
  29  59  12
  38  60  64
  23  53  29
   8  27  13
  29  67  35
  39  41  74
  16  60  21
  51  36  66
  30  55  83
  15  48  17
  37   1  46
  59  27  27
  61   1  33
  43  52  11
  57  44  39
  63  64  60
  21  55  74
  10  41  12
  25  27  48
  35  54   8
   9  21  49
  70  50  60
  53  50  97
  31   8  18
  40  58  17
  22  42  27
  62  18  43
  30  32  47
  56  23  94
  17  30  27
  53  48  90
  57   2  24
  57  35  39
  22   7  29
  41  68  53
   6  15  95
  21  49  62
  29  61  20
  34   2   3
   5  48  38
  45  68  33
  13  49  49
  14  50  58
  11  27  47
  59  22  38
  39  12  99
  22  31  42
   6  13  15
  30  70  28
   3  10  46
  46  53  81
  14  45  89
  12  48  63
  17  28  19
  67  52  22
  67  19  23
  59  58   9
  54  61  15
  70   7  28
  22   1  34
  57  43   5
  62  50  12
  37  52  21
   8   1  40
  69   8   5
  42  65  96
  31  69  25
   1  51  17
  35  44  29
  52  20  12
  34  54  39
  44  28  11
  18  51  93
  49  38  66
  22  11  50
  15  62  41
  69  26   1
  59  30  15
  17  54   6
  57  31  35
  65  53  63
  65  41  75
   5  10  14
  56  60  24
  56  65  69
  64  33  44
  15  45  49
  46   3  76
  45  50  86
   6  41  34
  31  30  31
   3  60  47
   4  44  34
  35   7  44
  33  41  46
  17  47   2
  63  50  13
   3  13  72
  44  52  50
  56  64  14
  56  15  66
   3  33  70
  23  68  16
  57  69  10
  56  45  36
   6  63  57
  25  70  39
  10  66  44
  46  38  63
  45  48  94
  54  67  17
  13  51  91
  56   6  98
  70   1  12
  36  64  49
  49  50  98
  42  18  66
  59  32  39
   4   8  32
  39  13  46
  56  33  85
  26  27  50
  22   4  20
  31   1  50
   5  60  73
  21  65  91
  40  20  46
   4  54  41
  46  62  31
  32  25   9
  37  25   7
  35  61  27
  23  38  87
  42  53  12
  57  20  15
  46  41  15
   9  15  21
  25  20  11
  35  58  50
  65  68  56
  26  70  47
  54  27  17
  36  65  56
  14  16  18
  37  19   5
  39   6  55
  21  38  28
  22  48  86
  66  62  84
  14  53  26
   9  23  91
  55  53  82
  11   7  18
  57   4  47
  15  21  73
  59  52  35
   4  30  31
  10  50  89
  69  32   4
  40  27  22
  57   7  26
  51  50  15
  49  68  99
  63  65  28
  13  55  41
  46  10  81
  35  69  26
   8  20  13
  62  33  37
  62  45  34
  62  49  73
  16  18  67
  14  41  23
  35  34  14
   9  48  35
  12  23  71
  22  61  32
  64  53  98
   4  34  36
  31  70   3
  56  63  62
  35  26  15
  35  43  18
  13  36  53
  61   2  36
   5   6  75
  57  19   1
   3   6  33
  47  20  27
  66  48  30
  43  34  40
   4  27   7
  17  27   8
  51  55  74
  62  41  10
  60  41  42
  39  60  48
  43  11   6
  58  25  15
   5  42  43
  16  68  96
  57  28  36
  39  65  34
  21  53  15
  44   1  28
  10  15  91
  42  60  45
  66  49  91
   5  33  84
  47  70  31
  18  21  98
  26  11   6
  35  32  26
  10  65  39
  13  18  38
  48  41  41
  12  60  67
  36  50  28
  18  33  86
  66  55  61
  21  64  61
  43  44  29
   1  20   1
  10  51  93
  40  35  47
   3  23  88
  17   1  21
  14  38  58
  64  55  13
  63  55  62
  59   1  25
  42  16  95
  15  68  33
  54  11  13
  61  28  16
  59  25  35
  12  68  81
  43  47  17
  51  45  46
  31  32  35
  28   8   6
   5  49  62
  47  58  47
  44  20  39
  63  33  23
  58  67   9
  39  55  94
  59  43  40
  40  11  12
   3  45  37
   4  47  14
  69  27   4
  56  14  71
  57  26  47
   6  16  78
  22   2  23
  37  27   8
  54  69  30
  63  41  37
  51  49  44
  66  21  46
  69  11   7
  15  33  24
  53  33  19
  24   8  35
  46  55  36
  65  49  56
  56  49  55
  10  45  46
  42  21  33
  31   2   9
  14  65  91
  67  26   1
  37  58   1
  22  52  34
  35  27  29
  29  70   8
  12  38  78
  66  18  72
  39  23  27
   3  68  95
  46  18  72
   9  50  79
  54  28   2
  53  41  55
  51  64  80
  37  47  38
  32  52  49
  17   2  12
  22  20   1
  62  48  79
  59  37  49
  58  30  28
  24  44  41
  46  60  74
  25   8  29
  39  56  11
  19   7  12
  56  36  52
  11  70  15
  21  33  62
  22  34   2
  29  52  35
   3  53  71
  39  14  56
  29  17  43
  55  45  89
   1  27  49
  56  53  64
  56  68  15
  13  50  48
  12  36  85
  67  70  28
  20  62  59
  58  32  26
  18  23  50
  64  49  27
  69   7  50
  12  45  74
  56   9  70
  39  15  89
  39   3  14
  59  20  44
   6  12  19
   2  11  21
  35  24  11
  18  50  40
  36  48  15
  24  25  38
  66  45  85
  10  12  72
   9  49  20
   5  65  23
   5  53  33
   6  53  98
   6  42  29
   9  64  39
  61  52  13
   5  68  31
  40  17  15
  43  24   6
  66  13  40
  62  38  28
  25  19  29
   3  64  24
  12  41  20
  13  48  96
  29  11  26
   6  14  40
  30  25  35
  63  51  57
   6  36  74
  67   8  12
  40  47  13
  70   5  58
   9  41  46
  31  24  46
  66  14  52
  54  26  23
  15  18  35
  10  36  36
  22  26  22
  10  60  19
  39  68  59
   2  30  34
  46  13  61
  69  19  27
  47  30  35
  14  36  69
  22  69  10
   3  36  78
  39  21  37
   4  20  18
  43  26  12
  16  23  96
  36  60  56
  18  65  53
  66  33  88
  12  15  81
  69  28   4
  35  59  34
  46   9  73
  34  26  32
  22  67  31
  40  19   3
  40  31   4
  64  41  27
  69  52  32
   6  18  60
   6  38  41
  47  19   7
  51  65  69
  56  12  34
  23  60  93
  17  70  25
  39  18  63
  12  49  12
   9  68  53
   4  52   2
  53  60  63
   4  69   9
  49  45  91
  37  17  27
  69  30  49
  26  32  39
  46  42  86
  39  42  52
   3  65  93
  13  53  66
  34  27   2
  58  27  48
  18  60  59
  35  37  46
  35   4  47
  39  53  70
  51  53  35
  66  60  91
  15  55  30
  12  14  77
  31  25   1
  13  23  43
   3  51  60
  59  31  40
  11  25  31
   2  27  41
  55  50  47
  65  50  92
  47  28  46
  34  19  13
  70  19  20
   3   9  95
   4  25  26
  63  23  60
  16  41  95
  43   2  43
   6  51  69
  13  65  95
  67   1   3
  17  11  49
   5  51  17
  22  47  32
  54  58  18
  19  20  49
  47   7  34
  40  54  50
  29  44   2
  22  27  47
  52  70  22
  36  49  19
  58  52  41
  42  41  84
  14  62  20
  42  36  38
  51  60  56
  31  28   9
  30  26   3
  10  21  27
  62  51  45
  16  45  89
  21  45  16
  23  65  22
   5  12  71
  47  34  24
  63  15  50
  64  68  75
  31  26  15
  38  50  15
   4  70   7
  63  60  74
  59  17   2
  39  38  42
  44  25  32
  40   8  14
   5  13  64
  39   9  84
  61  27  36
  62  68  83
  42   9  48
  46  36  67
  52  68  54
  13  41  23
  21  23  44
  24  67  22
  49  48  90
  15  51  19
  22  19  44
  42  13  54
  52  19  32
  55  68  31
  40  62  89
  17  44  14
  30  44  43
   4  24  49
  15  53  32
  56  51  57
  43  70   8
  14  55  57
   3   5  27
  57  30  47
  32  11  40
  56  16  43
  47  52  10
  46  48  18
  58  13  85
   2  32  36
  40  59  41
  59  61  19
  40  29   6
  40  52  16
  55  49  46
   4   7   9
  57  40  13
  35  70  29
  30  52  43
  29  27  27
  37  38  16
  57  47  24
  56  66  71
  43  69   3
  67  20   3
   5  50  26
  23  48  36
  51  68  87
  55  48  70
  63  49  10
  29  22   6
  37  54  47
  66  15  28
  17  69  30
  30   1  34
  57  17  43
  64  23  34
  67  25   7
  51  23  35
  58  69  14
   9  10  47
  61  20  35
  36  21  84
  25   7  21
  42  38  21
  55  33  86
  46  56  21
  69   1  25
  34   7   6
  26  20  26
  39  48  87
  26  19   2
  37  28  13
  52   7  27
  46  33  36
  40  69  30
   2  44  31
  37  31  45
  66  36  66
  18  49  56
  63  21  96
  35  17  17
  34  32  20
  42  33  44
  63   9  78
  64  60  21
  35   8  48
  42  64  77
  43  67  30
   2  69  23
   4  31  45
  66  16  59
  15  36  38
   5  23  67
  42  15  97
  51  33  84
  61  11  45
  55  60  49
  56  55  87
  31  58  18
  58  26  19
   6  23  25
  43  61  43
  58  70  35
  31  19  34
  29  19  41
  50  48  22
  30  20   6
  16  38  97
  17  31  35
  29  26  36
  15  64  17
  37  67  14
  62  36  74
  13  15  18
  51  21  74
  22  30  44
  66  64  84
  57  32  21
  13  64  62
  26  52   4
  38  41  42
  40  22  34
  67  27  41
  36  53  60
  35  33  36
  58   1  43
  67  32  29
  57  29  34
  63  53  55
  62  65  56
  31  54  24
  38  53  81
  61  70  13
  57  22  10
  16  53  80
  46  64  93
  63  12  73
  24  30  45
  16  33  59
  47  67  19
  62  21  53
  26  28   7
  35  20  12
  57  37  37
  54  44  21
  70  20  37
  56  18  14
  52   8  41
  35  11  12
  64  65  42
  37  69  26
  63  42  14
  43  37  24
  18  53  13
  10  68  84
   9  36  45
  24  19  13
  26   7  44
  42  50  26
  59  70  14
  28  27  33
  49  53  57
  39  36  22
  57  25  18
  30  19   9
  13  45  93
  23  55  77
  46  45  61
  28  25  37
  46   6  97
  65  45  27
   2   1   9
  29  25  43
  12  62  89
  32  44  23
  40  26  34
  13  38  32
  64  38  16
  59   8   3
  18  45  88
  29   4  21
  70  27  19
  14  15  92
   6  55  30
  10  62  40
  46  14  87
  11  20  13
  42  10  80
  38  45  84
  42  51  79
  61  69  17
  63  62  23
  47  24  25
  23  45  61
  59  42  31
  12  33  99
  43  17  30
  40  43  44
  57  61  15
  51  48  20
   7  38  24
  37   8  16
  29  69  43
  17  52  44
  63  14  81
  67   7  23
  62  60  46
  22  70  48
   2   8  33
  37  30   4
  18  41  10
  35  28  12
  24  27   2
   5   9  72
  67  69  39
  61   7  49
  39  10  32
  43  30  23
  50  33  54
   2  70  49
  28  20  30
  34  11  33
  50  41  27
  23  50  93
  37  24   9
  39  64  19
  62  23  88
  29   7  42
   3  50  69
  29  32  10
  40  25  35
   2  19  12
  63  36  37
   6  48  61
  31  47  20
  13  21  89
  38  33  99
   5  14  96
  58   8  36
  32  27   7
  54  52  29
  14  49  92
  34  69   5
  57  11  42
  58  20  21
   8  19   1
   3  38  51
  12  16  26
  24  28  47
  35  47  10
  32  70  22
  24  69  47
  31  27   4
  14  21  87
  26  25   7
   3  63  39
  48  68  88
  12  13  51
  16  50  78
  57  24  47
   9  45  46
   9  33  80
  33  68  69
  36  33  48
  43  22  21
  12  51  38
  56   5  87
  40   4  13
  60  68  31
  35  52  28
  59  19  37
  36  23  47
  39  62  72
  27  20  30
  58   2  46
   3  18  93
  49  33  85
  47  69  23
  31  61  25
   2   7  24
  56  41  11
  47  11  26
  14  64  54
   9  38  31
  39  49  22
  32   1  35
  57  67  20
  15  65  34
  57  58  18
  57  52  30
  22  28  12
  57  54  36
   5  63  35
  63  13  32
   7  20  36
   6  65  16
  65  38  94
  54  25  29
  34  52  44
  17  25  15
  17  67  38
  15  38  68
  39  16  78
  45  33  14
  32   7  30
  51  41  56
  58  11  15
   6   9  20
  54  32  38
  16  55  41
  63  48  64
  61  67   8
  67  28  19
  54   7  31
   2  28  34
  24  34  38
  44  70  11
   4  61  31
  29   2  32
  21  50  21
   5  36  18
  46   5  85
  31  67  32
  26   1  26
  59  47  33
  52  25  12
  11  19  38
  12  18  34
  56  21  10
  32  20  15
  21  68  12
  47  54  16
  39  46  78
  35  25   7
  24   2  18
  10  13  41
  14  51  75
  42  55  61
   4   1  45
  66  68  12
  58  44  12
  34   8   4
  29  20  46
  22  37  47
  42  12  64
  59  44  30
  66  38  47
  15  50  68
  43  32   7
  63  18  60
  21  41  30
  10  64  54
  46  49  65
  43  28  46
  24  54  49
  57  27  37
  46  15  29
  54  19  19
  40  37  38
   8  70  31
  37   4  45
  54   1  32
  34  20   7
  50  60  18
  18  55  30
   5  41  62
  61  32  10
  52  28  28
  46  50  38
  69  44  23
  10  49  54
  28  70  48
  10  18  26
  17   7  46
  31   7  18
  24  32  16
  17  58  48
  61  26   5
  61  44  11
  54  30   6
  60  33  71
   9  60  15
  63  16  30
  31  11  40
  43  31  35
  26   8  17
   3  41  37
  34  70  35
  34  58  20
   6  45  57
  36  45  50
  40  28  40
  61   8  26
  35   1  44
   4  26  12
  27   7  30
  29  54  40
  35   2  49
  29  58  49
   2  26  16
   5  18  42
  44  27  10
  30   8  18
  43   8  21
  67  30  35
   9  65  46
   9  66  77
   4  67  22
  16  48  88
  57  34   6
  45  41  66
  66  50  98
  19   1  40
  59  34  26
  31  63  20
  40   7  47
  54   2  49
   9  62  71
  10  23  67
  17  24  21
   6  66  36
  52   1  22
  54  10  99
  46  63  54
  16  65  10
   9  55  23
   6  60  76
  22  25   5
  29  47  43
  25  53  23
  40  44  37
  15  16  80
  24  26  31
  35  30   4
  39   5  68
  49  60  67
  42  14  28
  53  68  12
  56  62  19
  30  28   1
  37  70  35
  54   8  46
  50  68  62
  66  23  95
  14  60  51
  24  52   4
  57   8  13
  37  26  19
  30  27  46
  67  44  25
  47  25  43
  39  45  56
  38  68  75
  17   4  24
  42  49  53
  11   1  14
  43  54   4
  43   4  40
   6  21  89
  52  27  15
  16  62  65
  31  34  23
   3  55  40
  34  67  11
  18  38  92
  66  12  46
  65  48  21
  40  30  13
  46  23  81
   4  19  41
  55  65  77
  35  22  10
  13  14  52
  47  26  41
  12  21  66
  29  28  20
  36  41  76
  37  20  43
  31  44   7
  54  20  11
   3  66  53
   9  18  84
  24   7  10
  59  24  44
   6  50  67
  16  36  10
  69  25  18
  56  48  87
   5  45  30
   9  53  61
   4  32  33
  35  31  29
  43   7   7
  29  24  30
  29  43  35
  43  58  27
   6  62  82
   3  15  38
  40   2  29
  42  66  46
  17  34  41
   6  49  93
  58  28   7
  13  62  62
  29  37  25
   6  64  11
  57   1  47
  55  41  25
   2  20  40
  13  16  85
  13  33  75
  22  32  38
  24  20  30
  69  20  16
  30  11  44
  10  14  18
  39  33  85
  29  31  38
  43   1  25
  66  51  95
  26  44  47
  38  48  16
   5  38  29
  61  25  33
   9  14  35
  34  44  29
  61  30  25
  67   2  44
  40  70  23
  24  11  44
  24   1   9
  15  60  18
  28   1   1
   5  55  31
  18  68  78
  29  34   1
  29   1  25
  12  53  23
  31  52   3
  59  11  26
  16  51  90
  16  64  72
  51  38  46
  39  51  39
   3  49  19
  12  64  99
  66  65  19
   5  66  51
  22  54   5
  58  61  36
  24  58  42
  22  58  34
  47   8  37
  66  41  15
  17   8  36
  47  27  24
   1   7  15
  37  61   7
  58  19   8
  34  25  10
  43  20   5
  36  55  53
  55  38  60
   8   7  19
  42  68  21
  47   2  44
  17  19  44
  63  45  75
  59  67   3
  56  13  35
  43  19   4
  42  45  19
  52  11  11
  14  68  95
  63  38  31
   6  68  26
  16  21  13
  35  29  28
  61  19  39
  67  66  47
  34  18  16
  57  39  17
  23  41  20
  32  19   8
  56  50  14
  37  32  41
  34  30  37
  18  36  53
  35  19  10
  45  60  12
  46  66  29
  60  48  76
  44  11   6
  65  33  74
  14  18  43
   5  64  17
  31  20  33
  59  26  49
  23  49  89
   3  16  23
  35  67  30
  63  66  48
  12  50  56
   4  28   2
  46  65  40
  28   7  27
   3  42  47
   3  21  28
  59  28  11
   4  11  21
   2  52  48
  47   1  15
   3  62  17
  43  25  25
  37   7  36
   6  10  19
  56  38  83
   9  13  33
  47  61  49
  46  12  99
   9  51  27
  15  23  99
  47  14  89
  56  42  87
  42  23  17
  49  41  39
  46  16  56
   5  16  60
  40  32  12
  10  53  85
  62  64  71
   5  15  11
  21  60  91
  21  48  31
   3  56  39
  17  20  20
  59  54  39
  28  11  21
  46  21  91
   2  25  17
  59  69  26
  36  68  47
  59   4  38
  18  64  93
  66  53  66
  62  53  42
  10  16  35
   4  58  30
  48  33  75
  64  45  18
  63  10  66
  32   8  21
  40  61  13
  44   7  16
  28  19  41
  23  33  44
  34   1  12
  47  44  11
  13  68  68
  16  49  38
  37   2   8
27 46
48 178