80
1587
  70  26  54
  36  21  36
  47  72  79
  54  78  33
  36  18  19
  79  61  92
  43   8  77
  61  35  80
  71   7  33
  58   2  11
  49  60  26
  24  17  82
  58  44  50
   5  35  32
  68  36  18
  59  78  37
  27  76  75
  48  30  90
  68   8  70
  62  53  41
  62   5  41
  58  10  36
  76  78  89
  15  48  74
  49  48  71
  14  57  89
  44  50  34
  29  10  39
  66  57  97
  20  51  87
  80  48  32
  19  65  69
  74  56  44
  43  36  90
  29  71  72
  33  16  57
  42   8  40
   7   5  55
  13  51  90
  15  67  51
  12  32  60
  69  14  78
  15  80  71
   9  46  87
  59  76  31
  47  67  84
  74   2  23
  75  37  99
  17  56  16
  71  36  69
  29  55  80
  45  53  89
  29  20  37
  71  51  47
  24  43  81
  11   7  80
  79  63  50
  40  66  72
  69  61  27
  47  37  81
  45  25  14
  47  27  32
  41  33  25
   9  76  12
  43  55  16
  23  24  43
  70  24  24
  24  50  12
  54  67  81
  70  12   4
   7   1  35
   4  72  84
  80  28  26
  13  73  63
  16   8  30
  14  39  45
  43   3  61
  40   7  88
  42  73   3
  44  18  52
  71  26  38
  46  37  91
   9  64  20
  45  76  47
  30  39  95
  74  68  81
  49  79  11
  33  18  36
  19  35  50
  50  55  65
  57  25  44
  70  10  88
  24  51  75
  41  55  58
   9  37  83
  69  78  26
  80  37  32
  44  73  57
  53  28  31
  14  53  63
  21  73  62
  24   3  78
  45  34  58
  72  46  28
  47  80  48
  60  47  83
  75  80  96
  62  63  94
  29  23  62
  35  76  32
  11  36   9
  61  32  59
  69  59  33
  32  34  39
  14  67  16
  22  32  35
   6   1  54
  14  32  99
  47  53  46
  47  15  53
  26   2  25
   4   9  28
  17  36  59
  62  77  49
  75  30  37
  78  63  20
  37  39  60
  10   3  18
   9  52  59
   4  14  85
  10  71  70
  47  65  32
  60  48  41
  12   7   8
   5  80  21
  57  46  12
  40   8  12
  58  16  65
  75  59  61
  20  16  23
  75  64  18
  56   1  45
  79  35  72
  33  40  69
  32  63  25
  41  36   2
  68  17  26
  50  16  58
  60  15  60
  36  73  88
  27  65  56
  33  17  25
  54  52  28
  14  28  91
  36   8  62
  29   2  17
  68  12  36
  20   3  88
  49  76  34
  59  32  51
  71  24  29
  62  27  45
  22   2  20
  74  36  89
   6  40  57
  16  31  30
  46  35  30
  70  50  67
  15  25  41
  69  47  24
  13  31  19
  74  43  32
  42  58  40
  49  34  13
  79  59  41
  45  61  66
  62  59  43
  13  12  20
  10  16  88
  69  67  22
  10  41  26
  10  66  76
  40  43   8
  70  73  85
  58  56  83
  29   7  11
   9  39  73
  11  10  49
  15  19  63
  74  20  16
  10  68  90
  57  59  10
  71  56   2
  50  66   7
  35  78  48
   9  75  41
  57  77  29
  41  50  13
  12  36  72
  23  33  72
  28  37  33
   5  61  47
  12  51  22
  25  28  28
  70  72  45
   9  54  90
  43  18  33
  12  16  39
  29  21  24
  54  76  14
  60  37  56
  14  30  53
   6   2  35
  56   7  22
   4   5  40
   3   1  57
  13  38  83
  16  22  18
  72  53  18
  62  30  57
  10  18  48
  74   7  38
  68  26   8
  40  26  12
  72  80  15
  70  11  63
  50   7  77
  14  65  93
  60  80  98
  46  32  27
  71  73   9
  24  44  36
  33  24  60
   7  18  40
  62  47  78
  62  78  83
  77  63  37
  36  66  75
  21  26  10
  80  77  61
  38  55   9
  20   2  65
  19  63  52
  60  30  96
   5  60  94
  43   2  50
  68  44  14
  58  41  69
  75  48  35
  38   7  64
  54  34  70
  15  32  40
  20   1  52
  45  65  23
  71  22  81
  75  39  24
  43  73  44
  54  19  58
  55   2  86
  55   1  87
  28  35  37
   6  18  70
   3  31  15
  60  64  50
  24  36  55
  61  30  78
  55  18  85
  75  32  49
  41   1  53
  19  37  52
   6  50  54
   8   2  39
  59  65  26
  42   3  24
  58   6  35
  29  38  21
  52  28  42
  44  21  40
  29  58  20
  64  34  51
   5  67  34
  75  28  96
  15  37  81
  11  68  76
  11   2  50
  15  30  85
  47   9  33
  29  12  46
   9  15  79
  41  17  63
  66   2  60
  66   1  21
  57  32  26
  47  77  42
  13  71  36
  69  39  34
  20  31  68
  53  34  99
  19  64  98
  72  27  80
  61  80  81
  30  65  14
  41  43  78
  14  78  82
  11   6  60
  58  31  24
  43  17  46
  24  62  36
  72  64  39
  11  16   6
   4  19  17
  59  48  33
  41  31  41
  57  28  26
  17  31  41
   4  57  14
  57  80  26
  70  33   8
  72  77  96
  51  54  82
  42  33  84
  45  37  12
  19  76  86
  11  50  39
  23  36  39
  36   1  73
  58  43  76
  40  18  37
  33   3  20
  42  36  57
  68  50  73
  38  43  17
  11  73  11
   6  12   9
   3  73  12
  15  78  65
  17  18  64
  64  65  52
  45  54  72
  23   2  19
  56   2  67
  60  28  70
  47  54  64
   4  65  92
  67  28  82
  52  25  69
  61  19  21
  67  27  69
   7  73  21
  75  14  88
  64  46  29
  38  31  13
  40   1  28
  49   4  19
  79  34  53
  54  80  96
  50  73   8
  74  17  85
  41  18  59
  56  66  80
  33  12  61
  64  35  21
  65  34  72
  57  53  13
  42  70  77
  57  27  25
  79  37  53
  61  72  18
  47  79  34
  49  30  57
  72  25  60
  34  35  27
  13  68  17
  14  25  12
  70  68  52
  30  63  46
  58  72  38
   4  46  24
  41   2  68
  44  16  69
   8  73  40
  64  27  64
  72  48  95
  58  17  58
  60  32  15
  68  56  61
  37  63  81
  71  17  74
  66  21  85
  59  52  15
  27  28  67
  49  80  25
  29  18   6
  22   3  32
  16   7  20
  14  63  21
   9  35  46
   6  16  50
  10  22  30
  10  12  23
  41  73  58
   5  48  42
   9  27  23
   6  51  26
  59  19  34
  12   1  62
  61  48  33
  40  50  73
  33  73  37
  76  63  59
  10   1  33
  10  36  55
  57  65  55
  67  46  15
  33  21  83
  50  17  23
  38  44  36
  71  68  50
  69  37  84
  70  41  49
  76  37  16
  49  64  45
  23  43  84
   6  66  71
  11  23  55
  42  22  15
  70  22  72
  69  34  46
  42  66  40
  33  66  68
   9  79  54
  44   3  16
  41  40  19
  19  32  11
  58  73  36
  41  12  76
  29  66  31
   4  79  34
  29  68  73
  77  65  76
  61  46  15
  77  78  42
  13  17  46
  33  55  15
   1  51  47
  77  34  17
  55  73  43
  44  51  71
  11  26  17
   9  30  36
  58  18  86
  45  39  96
   6  26  87
  27  37  45
  47  75  54
  71  23  63
  14  27  56
  23   1   9
  74  23  33
  62  15  98
  42  40  22
  29  40  88
  54  63  74
   4  15  65
  56   8  26
  28  30  59
  56  18  79
  53  78  65
   5  79  67
  54  32  85
  60  75  61
  49  28  48
  15  65  89
  11  51  58
  24  21  53
  10  38  68
  55  17  56
  17   3  48
  54  65  91
  57  67  55
  10   2  33
  48  46  87
  47  39  42
  44   7  52
  27  32  32
  43  56  27
  62  72  86
  53  52  47
  22  73  86
  53  65  40
  58   1  78
  54  48  67
  58  55   2
  74  71  28
  49  53  53
  23  56  52
  40  31  54
  35  39  96
  23  21  75
  55   7  52
  40  21  63
   4  32  25
  45  78  97
  32  35  54
  14  76  28
  45   4  13
  62  25  50
  29   6  21
  43   7  56
  25  48  24
  74  58   4
  39  63  99
  33   2  13
  15  59  29
  10  20   4
  24  26  27
  36  56  65
  25  46  10
  14  37  70
  58  50  69
  23  26   4
  20  22  78
   5  46  97
  43  26  51
  41  16  65
  45  63  52
  58   7   2
  57  52  81
  38  51  48
  60  63  62
  49  61  76
  62  61  62
  72  39  48
  13  41  21
  58  12  87
  62   9  62
  27  77  60
  75  65  14
  17  21  53
  13  22   7
  70  20  56
  13  26  26
  20  32  65
  13  66  17
  52  67  66
  62  57  73
  74   8   8
  49  65  44
  74   6  36
  15  76  75
  22  18  88
  60  19  56
  70   1  53
  79  78  16
  71   2  39
  59  28  32
  45  46  31
   4  53  92
  71  43   6
  62  67  99
  61  27  28
  65  37  75
  71  20   1
  29  73  77
  23  17  54
  50  51  50
  72  15  67
  26   1  80
  42  16   9
  42  11  42
  60  77  36
  13  16  79
  14  35  54
  27  30  81
  74  10  44
  70   2   6
  19  67  24
  11  33  20
   4  75  47
  62  52  70
  69  76  10
  69  75  13
  42  31  48
  38  73  46
  23   3  89
  60  35  20
  78  39  65
   4  54  69
   2  51  77
  55  51   5
  58  71   7
  14  48  54
  20  66   4
   3  26   8
   8   1  85
  66  31  49
  51  73  69
  14  77  33
  50  18  12
  28  77  45
  40  22  53
  58  21  26
  45  52  17
  10  73  33
  42  51  11
  49  15  67
  41  30  91
  70   6   6
  53  67  21
  44  55  12
  10   8  28
  33   8  80
  67  39  19
  67  25  44
   5  15  97
  13  21  51
   5  65  57
  24   2  13
  69  65  30
  19  25  44
  56  22  60
  67  77  33
  36   3  26
  27  63  68
  32  65  49
  38   1   2
   4  60  54
  71   8  22
  79  52  55
  36  31  62
  11   1  50
  21  18   5
  12  21  74
  60  57  33
   1  73  61
   9  77  80
  29  44  46
  43  66  34
  23  44   4
   5  27  25
  28  46  41
  74  40  88
  74  69  59
  11  55  39
  42  43  18
  13   1  85
  79  39  41
  71  44  61
  70   7  22
  40  51  58
  25  34  51
  74  47  87
  34  78  67
  19  30  20
   5  25  49
  42  20  44
  52  63  11
  48  77  63
   4  48  89
  11  24  44
   9  32  87
  11  44  59
   6   3  37
  17  66  82
  56  26  38
  38  18  78
   4  37  66
  41  68  40
  53  77  64
  33  51  36
  65  76  44
  60  46  43
   6  55  82
  23   8  72
  31  73  55
   4  27  72
  53  32  48
  25  39  56
  71  31  38
  54  39  76
  19  48  42
  33   7  87
  68  23  64
  22  51  56
  36  51  48
  70  31  23
  70  56  46
  68  16   1
  59  37  76
  38  17  72
  10   6  34
  34  37  92
  24  16  39
  29  17  52
  28  78  62
  68  55  63
   6  71  81
  66  22  67
  54  53  35
   4  78  17
  74  70  32
  41  71  37
  38  36  46
  70  29  15
  32  76  70
  49  32  74
  67  30  17
  20  50  55
  44  36  70
  29  26   1
  67  78  64
  25  30  74
  80  65  20
  49   5  55
  20  12  56
   6  36   2
  47  59  86
  29  16   7
  40  55  31
   6  21  29
  29   3  14
  72  35  74
  11   3  63
  74  26  60
  14  54  52
   6  38   1
  79  25  68
  62  69  63
  40  12  64
  75  76  39
  68   2  46
  35  37  49
  69  48  85
  79  28  89
  43  45  82
  49  77  61
  17   8  56
  59  80  14
  38  56  74
  14  15  30
  66  18  47
  29  56  67
  10  23   7
  20  55  62
  58   3  89
  33  31  10
  42  38  56
  44   1  66
  75  35  24
   4  80  75
  49  63  71
  52  35  77
  79  46  13
  23  22  82
  61  63  95
  64  32  94
  58  22  62
  70  13  85
  29  43  39
  45  67  22
  20  17  81
  45  47  51
  22   7  14
  55   3  80
  10  43  63
   3  51  32
   5  76  26
   1   4  53
  50  31  41
  57  37  68
  61  57  83
  79  57  84
  79  54  48
  57  48  47
  75  67  75
  75  52  82
  61  53  96
  52  76  23
  62   4  14
   6  43  43
   3   2  83
  40  44  70
  54  57  70
  38  21  14
  42  13  66
  58  26  39
   4  64  28
  49  14  71
  56  51  47
  75  77  72
  41  26  53
  29  22  58
  30  34  91
   9  19  74
   5  54  61
  67  65  82
  26  73  51
   9  57  15
  11   8  64
  72  54  49
  70  71  39
   6  31  28
  47  25  88
  72  57  82
  45  59  13
  25  76  51
  36  22  71
  47  64  54
  50  36  47
  59  39  33
  29  50  20
  75  63  41
  45  69  88
  69  60  89
  80  64  92
  75  19  96
  23  66  10
  44  43  55
  21   8  67
  17  73  84
   4  76  62
  42  29  34
  41  66  38
  72  65  97
  12  26  75
   5  32  24
  79  27  39
  79  77  91
  75  54  36
  70   8  19
  69  63  74
  68  22  86
  58  20  39
  11  21  83
  53  46  69
  45  77  18
  49  59  85
  12  50  84
  59  46  95
  13  40  36
  47  76  33
  19  46  15
  74  66  30
  19  78  44
  16  21  17
  66   3  73
  54  77  94
  15  53  32
   5  30  37
  45  80  92
  72  34  75
  60  52  88
  57  78  96
  19  53  93
  34  76  77
  64  48  64
  58  33  79
  12  56  28
  60  78  28
  69  30  24
  28  34  64
  68  20  20
   1  18  53
  48  65  78
  46  76  90
  72  63  24
  67  76  23
  70  40  31
  33  26  80
  67  48  12
  77  32  73
  49  69  85
   9  25  79
  20  24  60
  75  27  49
  69  53  41
  65  63  54
  68  40  36
  33  43  42
   4  28  19
  77  35  30
  22  31  46
  62  37  71
   5  64  54
  74  29  27
  21  27  89
  69  25  67
  62  76  30
  61  78  80
  68   7  14
  80  35  16
  40  17  66
  50  46  76
  32  37  17
  38  23  17
  53  39  34
  56  73  76
  49  54  14
   5   9  14
  10  55  60
  57  64  82
  62  75  84
  38  33   5
  12   3  86
  42  24  80
   6  73  70
  27  39  46
  67  32  50
  45  30  41
  30  32  59
  52  30  76
  47  48  12
  24  12  38
   5  14  70
  20  36  19
  74  51  62
  70  38  82
  48  39  37
   7  51  80
  60  27  11
  19  28  74
  43  51  27
  60  14  60
  64  37  87
  28  32  50
  13  50  54
  55  56  59
  24  22  25
  77  46  67
  62  60  85
   4  39  18
  29  13  15
  60  67  41
  15  54  73
  58  66  12
  66  26  26
  70  17  68
  23   7  44
  41  44  63
  21   1  19
  12  31  20
  17   7  22
  38  40  54
   4  30  29
   3   8  40
  69  52  47
  62  45  62
  70   3  89
  75  61  33
  23  18   8
  61  54  44
  46  63  88
   5  37  38
  70  21  75
  50  56  85
  66  51   6
  68  31  39
  68   3  29
  69  77  25
  47  61  14
  25  63  34
  66   7  76
   9  72  11
  62  64  99
  54  25  44
  24  40  17
  64  25  88
  42  23  42
   5  28  88
  40  16  81
  42   1  26
  74  31  88
  60  53  22
  11  66  51
  72  78  43
  36   7  34
  62  35  63
  79  19  42
  72  28  68
  55  16  25
  33  50   4
  69  32  88
   4  63  43
  24  56  47
  15  27  50
  20  21  54
  53  64  32
  11  17  89
  47  57  24
   6  44   1
  15  63  50
   5  78  47
  59  53  80
  53  25  94
  42  71  77
  60  34  81
  74  44  68
  40   3  33
  16   1  60
  68  73  67
  57  30  85
  43  31  43
  60  76  12
  11  13  17
  48  63  15
  74  33  63
  64  39  73
  16  51  14
  13  18  57
  17  16  35
   6  22  87
  69  72  42
  25  37  83
  60  61  62
  38  71  80
   2   1  65
  41   7  43
  53  63  16
  41  24  14
  48  34  44
  70  36  88
  60  65  35
  70  16  62
  29  51  49
  44  12   6
  33  36  22
  74   1  32
   4  52  35
  15  35  64
  71  40  82
  75  15  21
  72  30  55
  80  27  33
  47  14  31
  45  49  97
   7  26  89
  20   8   7
  49  57  47
  41   3  12
  54  37  48
  25  27  67
   2  18  41
  55  66  66
  42  50  77
   5  59  51
  61  25  37
  24   8  54
  17  51  36
  72  59  45
  19  39  69
  23  16   8
  69  46  94
   5  72  81
  41   8  50
  70  18  85
  56   3   4
  24   1  73
   4  47  14
  43   1  57
  59  27  77
  10  51  82
  48  78  92
  64  30  52
  23  50  66
  47  63  39
  58  40  64
  70  66  35
  25  35  10
  57  35  99
  49  52  22
  29   1  29
  24  55  29
  21  31  37
  29   8  66
  54  35  74
  79  48  86
  25  78  19
  55  36  57
  62  54  51
  75  34  91
  27  46  55
  74  50   2
  24   7  26
  38  66  47
  17   2  75
  38  50  21
  67  37  76
  11  56  56
  14  59  27
  55  63  12
  14  80  66
  29  24  12
  60  59  26
  58  51  80
  45  48  63
  44   8  26
  64  76  90
  50  43  59
  80  32  89
  33  22   9
   5  47  94
  79  53  94
  15  52  59
  62  49  26
  46  39  12
  62  32  72
  70  58  38
  15  77  42
  75  46  37
  45  28  67
  10  24  66
   7   8  30
  54  64  61
  37  78  81
  23  51  58
  14  46  87
  72  67  60
  62  46  19
  74  11  53
   9  67  97
  71  55  10
   6   8  45
   2  73  45
  30  35  35
  76  39  17
  57  34  59
  26  51  77
  45  14  48
  12   2   6
  49  35  64
  67  64  27
  38  24  60
  29  33  28
  49  25  41
   9  28  35
   4  69  37
  48  37  92
  52  64  36
  32  78  56
  47  28  61
  53  30  79
  31  51  45
  75  78  84
  61  76  86
  12  73  79
  74  18  61
  20  43  52
  75  72  58
  38   2  48
  24  66  53
  79  30  55
  20  40  46
  10  56  43
  16   2  61
  45  35  67
  47  52  51
  45  27  10
  46  65  15
  34  63  75
  31   2  52
  79  14  73
  25  65  26
  48  32  62
  62  39  27
   5  34  96
  15  57  71
  17  26  54
   9  80  39
   9  53  87
  45   5  10
  50   3  53
  65  39  27
  35  63  27
  11  22  32
  79  15  60
  77  30  87
  19  27  22
  72  19  55
  42  74  71
  55  31   9
  68  51  21
  68  24  86
  42  56  85
  49  72  52
  52  37  38
   6   7   9
  68  21  88
  74  24  45
  19  77  30
  60  79  55
  42  44  84
  49  46  18
  70  23  53
  38  68  75
  50   8  24
  48  35  78
  44  37  56
  47  35  96
  58  68  40
  55  26   9
   8  18  13
   8  51   1
  69  27  85
  58  11  81
  16  56  88
  60  25  58
  42  26  17
  10  21  21
  41  21  80
   3  18  76
  57  76  42
  54  28  83
  68  66  67
  42  17  19
  43  16  18
  33   1  44
  20   7  43
  52  48  77
  23  40  74
  53  48  83
  61  77  46
  69  57  88
  48  76  17
  27  35  86
  16  18  61
  49  19  84
  80  46  89
  71  33  58
  58   8  90
  42   2  59
   9  34  63
  59  30  71
  45   9  26
   5  63  57
  24  31  51
  49  67  21
  16  36  26
  74  73  77
  42  55  37
   4  59  83
  56  31  70
  62  34  74
  11  31  69
  40  36  62
  10  33  59
  41   6  83
  45  32  95
  61  28  79
  67  63  49
  69  64  15
  14  34  35
  43  22  26
  29  36  31
  15  64  35
  38  26  55
  61  15  60
  22  26  23
   5  75  56
  36   2  37
  41  51  28
  62  28  60
  58  13  34
  41  56  78
  80  39  59
  11  12   3
  28  63  16
  50  21  83
  79  32  23
  42  18  14
  69  79  86
  16   3  46
  44  17  24
  26  18  76
  59  64  97
  71  16  64
  50  25  90
  71   1  47
  80  78  79
  55  22  89
  34  39  98
  13  55  19
  25  77  19
  62  79  96
  13   6  89
  20  56   6
  38   8  85
  74   3  44
  60   9  98
  20  18  87
  77  37  63
  68  79  65
  43  21  19
   9  59  14
  79  65  56
  22  21   5
  69   9  40
  40  56   3
  12  18  43
  50  34  66
  58  38  12
  52  78  71
  13  56  19
  55   8  68
  45  57  36
   5  52  37
  31  18   8
  59  34  99
  74  16  43
  15  46  33
  64  28  32
  72  76  22
  38   3  68
  69  19  34
  41  22  59
   9  61  51
  47  34  82
  79  64  86
  75  57  30
  13  44  50
  70  55  14
   4  25  38
   4  35  68
  61  37  83
   8  31  79
  12  55  59
  12  22  50
  14  64  55
  74  22   4
  22   1  25
  79  80  71
  69  15  84
  68  43  58
  48  27  28
  23  73  15
  61  64  56
  75  25  29
  10  13  90
  10  50  19
  57  63  98
  25  32  80
  13  36  90
  65  78  41
   6  33  90
  13  43  65
  68  18   5
  61  59  51
  32  39  95
  10  40  14
  14  52  33
  61  14  83
  38  12  52
  67  35  45
  71  12  33
   1  61  43
  49  37  55
  60  54  33
   7  31  77
  42  12   7
  61  67  38
  74  38  56
  23  20  76
  42   6  21
  80  25  50
  70  51  58
  49   9  18
  60  39  69
  30  37  66
  54  27  70
  40   2  72
  45  19  57
  18  73  54
  62  80  40
  64  63  99
  49  78  38
  13   2  31
  61  52  81
  13   3  89
  11  41  35
  52  46  58
  50  22  37
  73  76  82
  60  72  10
  65  35  89
  23  12  79
  45  64  77
  33  44  76
  13  24  24
  80  76  58
  45  75  65
  52  65  28
  20  33  10
  13  33  76
   5  53  91
  59  67  42
  77  39  34
  11  38  25
  13   8  44
  15  28  89
  59  77  74
  55  21   7
  17   1  43
  16  66  31
   4  67  89
  66   8  24
  16  73  20
   6  17  78
   7   2  76
   1  80  48
  46  34  25
  18  51  32
  11  18   2
  72  32  14
  20  26  85
  64  78  66
  15  34  24
  80  30  29
  19  34  67
  44  22  35
  79  67  18
  61  65  37
  29  31  53
  15  39  10
  30  78  93
  53  37  56
  16  26  34
  26  31  73
   5  69  43
   6  68  29
  13  20  71
  19  52  13
  14  19  75
   4  61  96
  74  13  35
   9  65  38
  69  35  95
  42  68  16
  57  39  91
  67  34  71
  36  26  47
  52  39  90
  59  35  64
  11  71  68
  45  72  83
  44  66   3
  44  31  17
  64  77  83
  27  78  98
  44   2  81
   9  63  26
  50  26  45
  50   2  52
  54  59  35
  68   1  51
  44  26  31
  62  19  56
  79  72  74
  47  19  23
  44  56  89
  52  77  61
  79  76  58
  38  16  44
  45  60  46
   6  23  83
  62  65  37
  53  80  15
  80  63  83
  56  21  76
  29  41  15
  50   1   1
  11  43  22
  58  24  53
  80  52  27
  45  15  94
  12  43  83
  42  10  58
   5  77  30
  11  20  64
  53  27  13
  29  11  51
  66  73  89
  53  76  52
  42  21  53
  20  73  33
  49  39  20
  71  21  88
  47  32  43
  45  79  25
  49  27  77
  24  73  85
   6  56  24
  69  28  98
  74  21  31
  48  28  84
  17  22  76
  61  39  71
  80  67  75
  10  44  56
  49  75  68
  42  41  55
  69  80  64
   5  39  71
  22   8  19
  59  25  91
   8  45  17
  30  76  53
  53  35  83
  12   8  67
  21  51   8
  71  50  31
  52  34  56
  23  31  30
  36  27  86
  31   1  37
  49  47  18
  57  19  65
  21   3  31
  74  55  18
  12  66  29
  24  18  40
  11  40  64
  47  30  48
  44   4  62
  52  32  57
  69  54  15
   4  77  69
  68  33  34
  59  63  73
  28  39  27
  26   8  35
  23  55  83
   9  78  93
  30  46  25
  79  75  82
  10   7   9
  21   7  60
  77  76  13
   5  19  89
  28  65  59
  40  73  64
  72  37  34
  13   7  15
  10  31  80
  20  44  57
   7   3  56
  28  76  83
  71  66  23
  62  48  18
  70  44  58
  47  78  89
   6  24  27
  54  30  82
  74  41  83
  72  14  99
  27  34  99
  42   7  17
  70  43  42
  52  27  56
  41  20  50
  33  56  76
  71   3  49
  12  17  63
  71  18  19
   5  57  80
   6  20  19
  19  80  13
  75  53  75
  80  34  70
  41  38   8
  10  17  37
  54  46  97
  62  14  66
  72  52  51
  46  78  14
  13  23  29
   9  48  18
   9  14  68
  41  23  19
  47  46  10
  74  12  55
  21   2  66
  10  26  45
  38  20  79
  38  22  72
   4  34  84
  61  34  91
  58  23  24
  58  36  76
18 78
87 113