90
2007
  67  75  88
  86  35  21
  15  35  27
  82  74  98
  46  79  12
  51  52  34
  35  37  73
  53  85   4
  36  14  26
  81  58   6
  80   1  15
  44  38  20
  60  30  90
  10  64  39
  78  67  53
  15  63  33
  33  69  38
  72  85  82
   9  74  82
  50  71  98
  11  18  99
  84  21  72
   3  80  79
  32  62  73
  47  45  60
  60  70  75
  12  77  33
  83   2  47
  72   7  23
  26  70  12
  61  58   8
   7  88   9
  44  37   9
  88   8  88
  62  47  44
   4  50  89
   2  24  32
  37  38  42
  29  43  86
  27  83  15
  86  10   1
  36  53  30
  11  74  51
  38  29  80
  88  69  50
  86  31  23
   8  10  62
  28  56  59
  12  42  80
  78  50  60
  19  44   8
  84  25  24
  55   7  32
  39  38  10
  13  58  85
  36  68  10
  67  26  39
  53  13   8
  67  70  19
  18  59  67
  88  15  11
  55  64  60
  36  86   3
   9  75  16
  60  47  16
  34  51  51
  16  61  58
  73  69  10
  81  63  85
  27  41  77
  34  57  91
  49  38  22
  79  57  93
  22  32  97
  82  34  90
  87  10  79
  54  43  14
  66  74  87
  50  30  53
  55  15  44
  66  23  10
  83   8  64
  31  39  37
  50  74  38
  76   6  48
  66  77  54
   2  41  11
  47  52  81
  21  77  28
   2  44  87
  15  40  53
  20  25  49
  76  81  90
  90  39  41
  52  43  85
  36  76  71
   6  64  54
  61  40   8
  36   8  50
  66  22  17
  76  15  47
  78  22  69
  84  42  72
  46  56  76
  72  10  45
  11  26  54
  55  13  24
  19   8  17
   4  65  38
  55  58   2
   2  58   8
  26  77  51
  83  49   5
  85  39  47
  36   2  62
  27   8  13
  23  32  68
  75  47  19
  86   1  83
   7  33  10
  62  51  18
  28  77  96
  73  31  26
  55  19   8
  46  34  76
  34  52  30
  17  54  36
  72  41  56
   4  32  65
  76  31  51
  57  70  68
  11  54  75
  50  57  34
  63  49  75
  83  76  40
  53  35  90
  84  45  78
  84  70  93
  83  41  25
  68  58  28
  35  13  56
   3  14   1
  21  70  29
  67  84  32
  18  26  53
  50  51  21
  84  29  49
  86   8  87
   2  16  44
  55  90  15
  29  77  25
  46  20  53
  11  45  60
  48  69  74
  71  45  58
  84  28  12
  89  62  26
  18  56  66
  90  22  47
  50  26  69
  68  69  90
  63  61  74
  71  82  22
  79  74  25
   9  59  34
  50  89  51
   7  49  22
  14  40  16
  73  85  18
  50  45  49
  60  43  76
  81  41  36
  31  37  90
  79  20  23
  46   4  37
   7  40  55
  77  54  25
  29  56  22
  79  43  84
  86  63  89
  80  90  34
  53  49  33
  25  52  93
  63   6  42
  46  29  24
  85  40  61
   9  23  95
  44  10  41
  32  47  25
  26  47  99
  89  29  11
  83  61  26
  38   1  85
  76  85  61
  56  47  88
  62  43  62
  19  24  32
  31  58  51
  53  68  89
   5  66  58
  11  59  14
  50  42  73
  21  22  21
  74  47  42
  65  18  39
  60  51  28
  72  81  61
   2  63   9
  68  37  49
  30  51  10
   3  40  72
  47  43  93
  65  57  82
  26  56  81
  23  56  38
  50  28  36
  39  50  38
  28  51  88
  23  70  77
  54  45  15
  67  59  48
  48  16  65
  89  45  36
   2   3  50
   5  75  47
  18  62  86
   2  48  77
  75  52  75
  76  48  40
  85  10  32
  34  42  87
   7  80  10
  63  64  76
  80  10  56
   2  14  54
   3  38  43
  85  38   6
  72  16  81
  33  48  50
  59  47  80
  18  82  99
  18  57  54
  68  13   5
   5  82  82
   4  18  51
  18  28  59
  73  58  46
   2  64  40
  83  86  83
  85  14  45
  30  52  82
  67  62  43
  73  61  62
  85  16  10
  55  88  36
   3  37  89
   9  71  43
  29  52  59
  79  26  72
   4  52  99
  19  61  51
   8  24  26
  44  16  13
  88  44  22
  47  42  16
  11  29  96
  81  64  70
  68   1  64
  35   8  80
   4  42  88
  87  37  13
  30  77  91
  16  41  12
  30  34  55
  76  44  34
  78  23  84
  56  45  26
  17  34  36
  66  30  35
  27  37  12
  35  69  66
  53   2  13
  66  59  15
  71  75  79
  80  16  73
  71  54  70
   2  33   7
   4  23  38
  14  90  34
  73  88   8
  80  58  45
  21  74  32
  80  61  21
  29  57  33
  81  80  56
  79  12  60
  27  58   5
  15  49  55
  72  48  87
  21  32  95
  41  39  11
   4  21  79
   9  89  34
  46  17  57
  83   3  43
  49  39   1
  16  49  85
  88  13  77
  12  70  35
  66  18  55
  32  56  62
  82  26  95
  78  70  50
  63  31  59
  12  84  31
  78  52  30
  60  56  37
  39  61  26
  21  29  68
  75  57  92
  26  28  37
  55  69  90
  36  90   9
  32  43  69
  46  28  22
  85  49  64
   7  69  28
  46  22  61
  71  47  98
  68  64  47
  64  39  76
   1  74  96
  27  64  22
  85  24   6
  66  20  37
  46  75  48
  32  57  47
  89  52  59
  60  28  79
   7  39  70
  65  77  84
  27  13  36
  78   4  65
  87  76   3
  79  54  76
  85  13  10
  50  62  33
  53  41  49
  69  49  44
  53  88  22
  36  61  27
   7  38  75
  87  16  16
  26  45  26
  60  75  70
  25  57  20
  81   6   1
  87  90  32
   4  26  96
  12  89  34
  85  69   7
  10   6  44
   3  90  31
  68   3  80
  22  42  82
  76  61  86
  10  39  24
  67  57  33
  63  39  63
  36  64  24
   7  31   1
  63  10  21
  90   1  17
  23  74  14
  83   6  85
  56  70  67
   4  56  87
   7   2  43
  68  80  18
   5  34  60
   9  21  81
  86  37  17
  53  80  30
  14  41  13
  69  61  75
  34  47  32
   4   9  47
  12  59  35
  44  49  69
  46  43  39
  44  31  76
  89  18  28
  72  19  71
  81  44  61
  68  61  80
  72  64  23
  46  74  50
  27  63  80
  82  30  86
  21  43  30
  75  54  70
  62  70  51
  30  56  21
  79  45  26
  88  64  76
  77  43  71
  15  10  36
  53  63  39
  76  14  63
  17  20  28
  30  70  34
  35  90  37
  76  69  80
  83  73  59
  50  56  65
  67  54  96
  29  54  74
  25  45  57
   5  50  14
  65  11  38
  83  13  49
  85  64  28
  19  73  10
  12  26  13
  88  31  44
  66  52  67
  84  56  24
  53  87  66
  88  61  69
  60  77  98
  73  40  72
  68  81   3
   3  15  81
  11  12  50
  72  13  29
  68  63  11
  16  58  60
  65  47  72
  66  43  36
  86  76  42
  27  69  86
  65  89  53
   8  39  62
  15  69  40
  83  64  64
  36  40  30
  68  14  26
  69  10  14
  89  17  25
  14   1  14
  13  80  71
  15  24  54
  34  43  66
  29  30  59
  41  40   3
  56  57  52
  50  43  78
  83  87  67
  69  22  84
   7  35  44
  55  68  19
  15   1  73
   8  58  60
  81  48  30
  67  52  81
  65  45  46
  71  29  43
  55  49  50
  89  74  56
  55  38   3
  67   4  59
  28  45  69
  79   9  72
  14  31  76
   8  64  53
  68  76   3
  73  13  28
  15  44  70
  23  34  19
  17  32  96
  67  56  74
  17  62  18
   7  16  80
  48  40  37
  86  61  89
  61  38  51
   2  15  59
  33  40  73
  18  25  88
  59  54  22
  10  38  90
  55  33  77
  74  34  70
  88  48   7
  87  69  49
  19  15  73
  71  26  69
  50  75  68
   4  20  32
  19  14  67
  50  22  49
  60  89  95
  27  44  50
  83  48  61
  17  74  85
  89  26  56
  65  25  17
  13  10   1
  63  40  86
  72  53   3
  25  26  49
  83  40  31
  13  39  64
  77  57  85
  33  49  52
  18  54  38
  32  51  86
  71  25  30
  21  25  52
  82  21  20
  32  34  70
  17  70  40
   4  11  28
  81  40  83
  12  56  93
  87  44  26
  48  37  74
  67  32  80
  87  88  80
  36   6  68
  10   1  70
  71  51  48
  73  14  19
  76  41  34
  55  73  34
  50  66  75
  20  59  64
  71  43  41
  68  33  24
  69  41  20
  78  89  46
  46  71  70
   9  70  75
   8   1  60
  27  55  67
  60  45  60
  22  62  97
  25  30  79
  59  32  20
  71  59  88
   5  59  18
  50  12  65
   2  29  18
  17  26  84
  15  90  25
  27  16  89
  12  57  23
  64  61  32
  13   6  27
  68  35   3
  89  30  51
  83  80   3
  48   1  61
  81  88  48
  25  70  30
  60   9  32
  33  73  33
  48  49  88
  87  33  70
  53  15  16
  81  35  79
   9  47  45
  65  32  84
  63  37  62
  27  61  71
  11  25  68
  16  37   3
  83  55  50
  22  52  32
  36  19  53
   5  42  10
   4   5  46
  30  62  82
  18  34  20
  63   1  27
   6  39  48
  36  44  47
  46  60  21
  22  47  59
  44  39  11
  89  32  21
  78  75  48
  36  69  58
  30  43  83
  29  74  60
  22  77  88
  19   1  55
  73   3  61
  75  77  87
  72  73  75
  11  75  68
  67  22  56
  77  52  97
  33  44  21
  13  37  43
  74  77  86
   4  57  90
  20  51  58
  38  40  85
  39   1  75
   4  79  39
  18  30  37
  37  70  76
  84  26  11
  37  39  72
  24  61  23
   7  15  65
  82  28  10
  50  59  43
  79  21  11
  89  82  63
  68   6  49
  49  61  31
  78  74  87
  60  11  24
   5  79  24
  65  62  29
  22  57  52
  67  30  66
  13  48  43
  46  45  32
   5  18  47
  30  47  64
  82  22  82
  80   6  62
  36  15   7
  21  34  35
  18  20  15
  60  25  65
  36  49  58
  19  35  39
  57  52  40
  35  58  87
  77  56  14
  14  61   2
   5  60  49
  63  58  82
  50  70  62
  68  16   2
  83  35  63
  18  45  54
  78  26  34
   2  38  25
  67  82  95
  53   7  43
  10  24  40
  75  74  86
  53  81  89
  86   3  57
  78  47  19
  67  50  65
   6  49  60
  29  34  59
  12  45  55
  31  61  21
  60  79  91
  82  59  17
  33  81  70
  19  40  34
  46  59  58
  55  41  44
  65  50  26
  34  54  98
  36  73  90
  37  64  64
  25  28  32
  65  28  56
   5  11  65
  68   7  66
  46  21  15
  20  52  71
  60  50  31
  46  23  70
  13  79  48
  66  82  72
  52  70  45
  64  11  82
   4  17  20
  81  15  22
  13  64  43
  15  37  86
   4  77  25
   9  52  44
  46  32  37
  48  58  79
  15  39   3
  22  56  36
  24  38   6
  72   1  22
  75  29  34
   3  58  74
  27  10   4
  13  31  46
  52  45  77
  76  13  58
  75  28  38
  20  23  54
  19  85  23
  65  29  54
  55  44  66
  11  62  79
  23  28  28
  30  54  56
  20  32  59
  72  44  32
  85  15  85
   4  43  23
  25  77  71
  27  88  49
  71  62  53
  72  38  82
  11  89  97
   8  49  88
  89  47  70
  71  56  80
  89  54  13
  27  81  89
  76  38  23
  23  42  36
  69   6  46
  60  26  99
  11  82  85
  88  10  26
  89  57  92
  17  21  44
  79  22  89
  21  42  14
  34  45  90
  17  75  28
  14  64  26
  72  14  21
  80  14  51
  78   5  23
  82  25  86
  11  77  74
  85   6  74
  84  57  39
  36  48  58
  60  57  42
  68  10  75
  43  45  77
  66  25  12
   4  60  43
  53   1  53
  68  49   6
  20  28  56
  50  11  13
  48  64  49
  21  54  17
  74  57  50
  82  43  41
  71  77  93
  67  79  11
   7  58  48
  28  57  83
  53  27  53
   9  34  91
  28  43  11
  19  33  71
  73   6  29
  83   7   3
  64  38  45
  48  90  63
  11  70  94
  23  54  51
  26  42  97
  83  15  60
  33  58  14
  13  24  82
  26  43  11
   6  38   5
   2  37  12
  81  16  14
  20  75  57
  78  84  46
  60  32  30
  44  41  66
  29  45  53
  54  42  45
  36  10  79
  53  44  58
  27  15  56
   4  66  87
  67  43  34
  82  57  89
  78  43  44
  86   7  59
  81  39  47
  26  30  12
  17  51  73
  79  51  88
  27  90  39
  60  54  57
  24  40   7
  82  62  67
  11  71  21
  87  64  58
   7  73  63
  73  81  52
  66  45  21
  79  23  80
  65  23  20
  72  88  70
  42  70  14
  15   6  35
  25  56  71
  86  14  62
  22  74  52
  59  43  39
  73  37  22
   7   1  41
  88   1  83
  76   7  52
  32  77  27
  20  45  41
  55   1  81
  83  10  23
   9  62  98
  86  38   9
  72  80  70
  86  48  87
  37  41  63
  88  39  68
  27  85  90
  59  26  69
  33  16  60
  33  35  39
  28  30  35
  17  29  99
   3  49  10
  58   1  88
  73   8  45
  27  73  45
  79  42  67
  81   3   2
  28  52  83
   5  84  32
  68  88  21
  11  42  28
  41  58  51
  65   9  80
  68  15  59
   4  51  98
  31   1  26
   2  39  33
  83  88  62
  36  63  70
  18  22  33
  78  17  27
   2  69  36
  11  21  60
  60  52  68
  78  25  65
  27  38  48
  87  15  16
  35  64  44
  27  39  60
   3  13  76
  87  61  85
  56  43  11
  14  39  35
  15  48  23
  84  43  17
   2  80  80
  41  61  25
  17  23  65
  29  42  81
  27  14  19
  15  64  60
  46  77  21
  64  58  11
  67  12  93
  78  77  67
  67   5  31
  12  66  26
  53  83  65
  36  80  60
  55  14  59
  26  74  75
  72   8  45
   7  61  31
  35  16  69
   4  22  17
  88  38  55
  26  29  38
  87   8  61
  53  90  44
  57  47  25
  84  51  17
  15  16  62
  76   3  72
  12  82  26
  65  17  22
  55  37  40
  29  51  85
  87  14  84
  17  25  65
  36  31  23
  36  87  12
  50  25  44
  66  71  98
  62  54  59
  65  43  19
  19  87  20
  86  80  12
  31  41  86
   9  82  65
  19  13   4
  19  39  82
   5  43  69
  43  70  40
  23  77  67
   5  77  16
   9  32  96
  82  42  15
  29  47  16
  57  43  97
  55   3  78
  87  40  29
  78  34  92
  50  77  33
  83   5  10
  80  40  44
   7  13  69
  55  86  51
  89  28  77
  10  41  84
  69  24  47
  53   8  88
  50  20  20
  66  32  36
  33  14  74
  46  12  51
  36  35  84
  53  39  76
  75  70  22
  79  62  85
  78  66  47
  26  32  18
  20  62  12
  51  45  87
  36  85  48
  37   1  29
  27  48  33
  19  38   1
  32  45  92
  67  29  82
   5  54  36
  25  43  38
  71  30  77
   9  26  98
  89  70  17
  78  28  35
  46  26  30
  44  24  19
  86  33  17
  76  63  63
   6  90  37
  83  90  18
  44  40  53
  86  16  70
  86  73  78
   7  24   9
  31  40  41
  13  44  48
  25  29  10
  54  47  88
  84  54  81
  83  58   8
  83  63  46
   2  85  42
  10  40   5
  27   2  38
  46  89  26
   2  35  31
   7  81  40
  83  69  46
   7  64  47
  73  64   8
  49  17  41
   9  22  17
  12  62  21
  72  49  67
   5   9  76
  22  45  87
  33  85  88
  53  40  59
  87   1  55
  78  21  83
  66  17  40
  87   6  44
  79  29  36
  81  69  30
  67  34  53
   9  50  16
  82  54  31
  85  90  17
  12  71  41
   8  40  34
  63  44  43
   2  61   5
  65  20  73
  12  75  70
  22  28  92
   3   8  39
  13  90  36
  24  58  77
  21  52  47
  14  37  14
  49  41  10
  19  48  14
  88  35  10
   4  25  75
  46  51  16
  46  18  71
  17  82  25
  79  25  61
  25  32  27
  86  13  56
  22  54  65
  83  39  86
  17  52  67
  80  37  36
  10  58  66
  84  74  95
  60  29  67
  53  31  82
  68   8  57
  44   1  23
   5  12  52
  13  38  10
  16  31  27
   7  44  16
  87  24  56
  21  30  56
  78  71  66
   5  29  67
  12  32  65
  46  52  45
  46   9  66
  66  28  40
   7  10  58
  28  47  34
   7  63  79
  88  56  17
  18  75  76
  78  60  67
  86  88  56
  54  51  81
   2  73  53
  71  57  80
  17  57  70
  80  69  54
  15  13   4
  12  47  58
  11  43  51
  86  40   8
  80  41  33
  27  31  43
   6  41  72
  89  56  90
  69   1   8
  89  20  39
  11  51  13
  66  51  12
  22  25  95
  72  76  60
  55  63  43
  15  12  42
  26  52  15
  90  37  77
  36   3  74
  17  56  32
  66  29  80
  89  51  29
  76  64  59
  82  32  98
  67  45  84
  17  45  70
  67  89  57
  84  34  74
  66  62  79
  23  25  84
  14  44  31
   7  79  35
  88  58   1
  84  18  49
  75  45  45
  46  70  84
  73  90  70
  66  54  14
  35   1  66
   8  44  64
  88  90  81
   4  89  63
  32  52  18
  23  51  80
  46  11  40
  23  75  15
  81  10  34
  88  37  79
  55  10  26
  55  16   5
  66  42  15
  74  45  77
  75  43  54
  75  32  50
  82  51  94
  65  30  42
  17  43  65
  25  51  89
  72  87  42
  18  21  72
  65  26  26
  72  24  90
   9  18  46
  85  63  21
  86  87  78
   9  84  76
  60  18  43
   4  74  92
  60  84  28
  18  51  49
  55  81  88
  20  70  69
  84  75  90
  35   6  40
  33  80  85
  83  44  86
   7  90  68
  85  48  74
  65  82  69
  46  67  20
   4  84  17
  68  38  62
   8  37  89
  11  22  17
  68  41  14
  89  22  32
  86  15   3
  82  70  38
   9  45  34
  53  54  17
  71  17  47
  72  39  65
  33  88  53
  68  86  61
  13  61  80
  78  11  66
  65  84  58
  71  18  85
  78  56  62
  23  62  37
  76  10  46
   4  34  20
  35  31   7
  74  32  27
   3  48  88
  19  37  17
  85  31  19
  82  20  42
  85  88  39
  72   3  74
  36  41  59
  33  10   4
  46  57  64
  78  79  64
  22  51  98
  63  80  74
  84  20  75
  46  30  94
   9  29  60
  78  57  96
  62  52  60
  13  16  38
   4  62  34
   9  25  54
  22  43  90
  67  47  51
  77  62  42
  78  30  89
  19  69  86
  65  22  39
  90  40  51
  82  56  48
   9  17  33
  56  54  99
  87  73  69
   2   6  63
  68  24  37
  12  29  88
   5  65  63
  12  34  62
  27  49   5
  65  74  10
  78  51  87
  20  54  91
  24  16  87
  72  55  18
  30  57  59
  46  50  47
  53  55  30
  18  43  32
  83  19  84
  19  41  46
  17  59  98
  28  70  60
  10  37  88
  14  58  44
  68  39  55
  53  73  39
  82  75  39
  86  64   2
  77  42  90
  82  23  62
   5  51  39
  73  35  46
  11  84  87
  26  75  84
  54  57  57
  67  60  43
  19  63  87
  46  42  62
  86  69  10
   5  89  33
  87  31  78
   8  38  68
  36  16  76
  67  11  17
  18  42  69
  81  14  74
  13  14  87
  84  59  96
  18  77  94
  24   1  83
  12  52  29
  53  76  61
  90  38  37
  79  11  51
  71  52  77
   9  43  27
   8  48   2
  28  74  99
  46  25  94
  10  30  96
  27  40  61
  60  34  22
  24  49  57
  31  38  16
  46  84  37
  40  43  52
  12  30  12
  12  25  10
  82  52  93
  21  62  42
  88  16  46
  87  80  19
  15  41  45
  50  84  32
  36  37  16
  18  47  59
  87  84  27
  72  37  25
  28  29  55
   8  47  10
  24  37  73
   3  16  80
  75  42  99
  59  25  56
  85  41  36
  19  86  59
  84  66  35
  21  57  19
  67  20  57
  88  14  56
  85   1  54
  18  70  50
  62  45  84
  86  81  34
  65  70  34
  21  75  37
  25  75  81
  89  42  39
  84  89  21
  65  42  71
  64  41  22
  86  85  34
  85  61  11
  85   8  76
   4  47  96
   6  16  75
  68  87  37
  67  65  14
  25  47  25
   3   1  26
  68  85  88
   5  22  46
  36  33  67
  63  48  37
  60  42  77
   8  31  82
  32  54  59
   5  20  23
   8  90  56
  78  82  89
  84  30  51
  21  26  70
  36  27  71
  27  33  25
  14   6  33
  55  61  71
  75  62  58
  68  62  55
  73  16  48
  13   8  33
  76  90   8
  55  39  31
  19  49  28
  88  41  86
  53  64  17
  36  58  47
  67  28  99
  23  59  20
  72  27  73
  50  32  38
  12  74  37
  48  61  28
  60  20  46
  53  19  41
   7  37  27
  63  38  13
  10  61  86
  87  48  63
  83  31  74
  18  29  34
   3  35  63
  16  90  42
  81  38  19
  14  16   1
  81  37  38
  76  80  55
  88  80  14
   5  57  85
  80  39  84
  59  74  83
  33  37  50
  74  52  70
  30  42  69
  22  59  94
  79  17  77
  69  90  56
  76   2  64
  10  16  51
  86   6   5
  66  89  23
  59  75  59
  20  29  86
  78  32  65
  60  23  79
  64  40  13
  72  69  40
  87  81  72
  65  12  44
  82  77  42
  24  23  57
  21  51  61
   6   1   6
  14  69   2
  68   2  64
   5  62  10
  27  35  37
  84  52  17
  20  30  69
  67  66  72
  83  16  45
   9  54  23
  17  47  65
  80  31  63
  53  86   9
  22  30  80
  49  58  55
  36   1  41
   9  30  87
  73  48  45
   7  85  12
  48  10  86
  27  76  60
  87  63  75
  27   7  55
   4  45  23
  39  40   8
  35  61  86
  60  22  63
  25  74  76
  76  88   5
  64   1   4
  62  57  27
  60  59  31
  71  28  68
  79  18  69
  17  42  48
   5  28  18
  20  34  83
  18  74  51
   3  69  72
  34  62  76
   6  58  29
  63  41  37
  18  32  23
  33   3  65
  71  21  26
   5  56  10
  53  10  71
  72  61  56
  72  15  89
  35  80  87
   5  32  21
  81  24  80
  57  45  29
  79  50  47
  71  32  43
  50  18  32
  85   3  38
  77  51  62
  86  39  43
  14  49  72
  12  54  83
  36  83  18
  84  77  95
   6  61  71
  11  28  12
  84  17  51
  23  45  12
  68  73  78
  87  35  87
  62  56  50
  73  49  40
  67  51  21
  62  42  12
  72  40  25
  21  28  14
  79  32  76
  79  71  43
  17  77  47
  21  23  25
  68  31  55
  42  43  42
  73   1  87
  48  31  58
  48  24  78
   2  81  33
  19  76  51
  59  45  21
  65  54  47
  60  62  31
  80  44  52
   3   6  71
  66  47  75
  33  15  28
  10  90  34
  89  25  64
  28  32  13
   4  82  20
   7   3  78
  59  62  83
  67  74  79
  83   1  77
  25  42  91
  80  49   6
  14  66  59
  81  61  54
  22  75  40
  10  70  20
  15  14  42
  65  75  92
   2  10  26
  87  38  45
  77  70  92
  73  41   4
  65  52  43
  60  71  76
   2  31  51
  27  86  89
  12  18  43
  59  77  47
   3  24  69
   7  41  21
  15  38  32
  76  58  88
  25  62  43
  89  23  41
  33  90  80
  29  70  11
  85  67  77
  79  56  95
  90  31  87
  21  47  94
  24  64   3
  81  90  49
  53  69  51
  67  42  11
   9  57  89
  15  58   8
  20  56  56
  33   8  31
  54  70  34
  46  78  63
  76   1  88
  30  45  95
   7  14  90
  51  42  92
  76  35  70
  78  45  35
  73  15  42
   5  70  25
  20  77  58
   9  51  98
   4  12  47
  74  51  80
  53  38  52
  80   8  31
  80  64  52
  14   8  30
   9  28  79
  66  57  71
  59  28  90
  67  17  64
  19  80  41
   8   6  64
  27   1  26
  86  90  14
  67  18  95
  65  21  69
  30  74  57
  73  39  45
  50  29  29
  36  24  47
  11  17  96
  75  30  58
  59  52  63
  20  57  80
  88  49  56
  74  62  53
   3  61   9
  86  44  44
  68  40  87
  60  17  91
  20  74  38
  71  70  25
  87  13  88
  59  42  27
  36  81  48
   5  74  48
  44  22  54
  36  88  71
  16  40  71
  33  64  54
  66  26  17
  60  21  74
  27  80  21
  46   5  42
   2   8  53
  59  51  59
  58  40  64
  81  13  79
  87  41  15
  73  44  57
  46  65  15
  76   8  25
  48  38  62
  29  62  40
  55   8   2
  44  90  21
  60  66  24
  33  39  40
   3  44  43
  72  33  40
   5  17  34
  52  42  87
  49  90  32
  26  57  29
  76  49  27
  87  39  16
  20  47  23
  66  56  19
   5  52  52
  65  59  32
  50  47  54
  80  38  20
  27  87  38
   7  48  65
  72  83  40
  74  42  35
  39  58  13
  79  82  48
   8  16  40
  72  58  68
   5  30  23
  33  38  86
  78  59  75
  19  81  37
  27  24  56
  78  20  25
  37  58  13
  27   4  83
  55  76  64
  37  61  82
  23  26  71
  24  90  74
  85  35  29
  55  24   3
  12  20  15
  86   2  29
  72  63   3
  77  34  34
   3  10  47
   4  28  69
  36  13   1
  83  68   4
  53  37   7
  60  65  21
  24  31   1
  16  38  84
  13  41  38
  49   1  39
  11  32  51
  79  65  37
  25  34  88
  74  56  96
   4  30  88
  60  82  68
  15  61  45
   4  54  71
  36  39  40
  20  22  49
  76  39  25
  89  34  40
  12  23  14
  59  34  23
   4  75  76
  21  59  88
  46  62  97
  79  28  16
  23  29  11
  86  58  18
   8  41  44
   9  42  92
  73  63  58
   3  41  53
  66  34  80
  70  45  48
  44  61  65
  86  41  33
  76  34  35
  59  57  25
  78  54  55
  67   9  67
  87  49  87
  53  61  10
  22  23  42
  10  31  22
  21  56  65
  48   6  22
   5  71  18
  83  14  30
  49  40  30
  29  32  74
  36  72  86
  53  16  89
  65  56  92
  81   1  28
  26  54  12
  59  29  22
   4  70  94
  83  81  38
  76  16  41
  32  70  73
  87  58  28
  68  90  22
   8  69  20
  68  19  11
  21  45  67
  69  40  30
  72  68  81
  33  63  23
  67  23  33
  63  14  16
  20  21  84
  36  38  26
   4  59  60
  16   1  66
  18  23  51
  84  32  80
  47  70  72
  35  40  53
  50  54  12
  28  62  74
  22  70  99
  59  70  39
  86  24  70
  15  80  51
  87  85  60
  12  43  89
  46  54  89
  51  70  39
  71  42  12
  76  73  67
  33   1  11
  69  37  81
   9  11  84
  84  22  81
  19  16  75
  20  42  21
   4  29  77
  61   1  26
   2  13  67
  69  58  68
  89  77  14
   3  64  25
   2  88  39
  83  85  80
  10  49  30
  49  64  25
   5  47  66
  22  29  73
  88   6  73
  13  40  23
  83  24  54
  26  51  37
  19  58  22
  26  62  84
  11  66  12
  81   8  62
  44  69  55
  31  64  22
  54  52  37
  66  21  40
  19  90  66
  34  56  10
  80  24  88
  56  42  99
  56  51  52
  76  24  55
  87   2  28
  86  49  86
   7   8  26
  79  75  68
  79  66  97
  17  18  52
  35  49  62
  89  21  74
   3  63  70
  89  59  29
  56  52  36
  79  30  54
  60  74  74
  81  49  88
  20  43  53
  75  34  32
  55  40  56
  55   6  20
  79  70  76
  72  86  78
  57  51  46
  11  34  97
  55  48  40
  27  68  44
  24  41  68
  53  24  62
  59  30  20
  55  31  41
  79  47  53
  11  20  24
  82  45  99
  50  17  21
  35  14  22
  23  43  40
  27   6  70
  11  23  63
  53  48  32
  14  48  86
  23  57  12
   9  12  13
  55  80  59
  83  33  12
  90  58  58
   7   6  10
  50  21  53
  27   3  39
  36   7  63
  50  34  49
  79  89  27
  83  37  73
  79  77  85
  35  48   8
  84  71  71
  71  89  52
  84  82  67
  74  43  63
  14  24  11
  35  24  33
  77  47  93
  53  33  48
  69  39  86
   3  39  88
  72  90   9
  63  13  79
  65  71  96
   9  20  79
  35  41   4
  41   1  16
  78  12  57
  65  66  80
  12  22  43
  82  29  72
  28  54  58
  17  30  68
  33  13  90
   9  56  51
  33  41  15
  19   2  51
   9  66  23
  19  88  13
  32  42  34
  73  10  75
   2  49  66
  71  23  88
  77  45  76
  63  24  18
  19  31   2
  88  40   5
  11  52  13
  19   3  56
  90  61  74
  13  69  33
  46  82  53
  28  34  19
  71  74  47
  37  40  29
  22  34  32
  71  34  19
  78  42  19
  87   7  22
  51  47  56
  69  38  21
  42  45  37
  14  38  53
  46  47  99
  26  34  54
  19   7  28
  50  82  87
  55  85  29
  12  51  23
  48  41  30
   6  37  36
  68  44   6
  82  47  97
   9  77  70
  90  41  75
  44  58   3
  63  35  46
  66  75  13
  35  38  87
  12  28  48
  76  33  44
  11  30  22
  36  55  83
  80  48  79
  87   3  57
  57  42  81
  65  51  32
  78   9  44
  33  24  79
  12  21  50
  59  56  14
  66  70  53
  16  39  41
   6  24  87
  71  20  25
  67  25  14
  75  56  93
  84  62  89
  81  85  63
  35  39  71
  78  18  63
  63   8  60
   3  31  24
  63  16   2
  78  65  80
   5  26  95
   6  40  30
  84  23  41
  25  54  60
  50  52  69
  63  69  40
  30  32  94
  46  66  82
   5  25  41
  78  29  53
  72  35  28
   5  21  38
  16  64  10
  27  19  50
  51  43  85
  75  51  20
  13  49  29
  49  31  26
  19  10  18
  84  47  89
   4  71  13
  79  52  93
  89  43  33
  74  70  91
  79  59  14
  73  80  23
  88  63  34
  17  28  52
  24  39   7
  85  37  17
  12  17  47
  48  44   1
  73  24  37
  76  40  61
  85  80  52
  74  54  64
  55  87  79
  34  70  91
  11  56  54
  15   8  67
   6  31  64
  19   6  22
  35  10   8
  20  26  57
  17  22  24
  44   6  36
   2  90  20
  53  58  25
  85  44  55
  72   6  75
  33  31  88
  69  64  58
  53   6  36
   2  40  22
  69  31  77
  69  16  16
  28  42  56
  11  47  47
  19  64  77
  44  64  10
  67  77  26
  11  57  29
  41  38  48
  53  14  59
  35  44  31
  67  71  35
  65  34  79
  38  58  17
  72  31  15
   5  23  65
  33   6  63
  53   3  49
   3  88  27
  50  23  69
  76  37  76
  71  22  64
  79  84  74
  67  21  48
   8  61  88
   2   1  90
  55   2  66
  40   1   1
  33  61  17
  78  62  16
  63  90  56
  83  38  85
  89  75  42
  23  30  87
  13   1  61
  85  58  29
  60  12  52
  18  52  53
  48  39  74
  79  34  29
  23  52  35
  15  31  11
  90  64  75
  81  31  85
  22  26  52
  68  48  74
  72   2   8
  23  47  69
  49  37  78
   5  45  13
  73  38  45
  55  35   2
  14  10  13
  88  24  76
35 57
88 186