100
2485
   5  28  81
   6  12  39
  59  41  40
  94  21  58
  44  59  87
   1  12  98
  15  94  62
  29  66  21
  30  41  66
  96  85  46
  99   9   8
  30  38  71
  73  55  34
  29  39  65
  32  84  81
  16  98  81
   3  35  34
  58  85   1
   7  35  61
  23  80  52
  97  49  40
   8  76  55
  18  22  40
  12  92  19
   5  61  99
  20  65  70
  20  92  89
  77  40  76
  65  70  55
  77  54  59
   3   9  14
  81  93  31
   5   8  84
  48  45  66
  72  82  43
  72   7  79
  61  28  27
  72  91  51
  33  49  46
  20  78  61
   8  11  79
  58  25  53
  10  89  10
  40  62  97
  30  25  41
   6  98  33
  59  21  73
  11  98  21
  48  96  37
  29  93  90
  67  62  20
  99  59  32
  74  57  91
  51  85  17
  28  47  17
  97  64  96
  66  87   5
  42  60  20
  82  52   2
  97  43  90
  23  19  21
  91  85  81
  35  96  79
  18  34  48
  42  89  12
  18  40  51
  15  82  47
  83  59  24
  88  39  30
  87  21  69
  53  24  19
  16  94  45
  31  21  42
  63  46  81
  51  16  51
  88  45   1
  33  37  68
  66  80  18
  68  78  94
  74  49  82
  98  46  47
  27  79  62
  82  83  24
  92  49  88
  83  75  89
  33  57  46
  29  89  56
   6  27  37
  66  48  20
  69  57  60
  18  20  70
  88  32  37
  44  85  62
  81  41  51
  15  83  25
   5  97  97
  23  83  59
  59  85  54
  59  60  59
  42  23  42
  56  27  83
  15  85  11
  30  59  86
  20  61  44
  86  45  56
  31  45  46
  71  46  93
   2  97  77
 100  64  46
  35  94  76
   7  48  64
  72  81  58
  88  80  42
  79  74  97
  91  25  61
  67  46  19
  97  90  55
  89  80  59
  58  96  23
  79  57  78
  77  47  62
   6 100  62
  21  11  45
   7  87  84
  66  55  70
  14  85  75
   7  75  19
  63  40  60
  44  88  33
  11  54  52
   6  22  58
   3  82  31
  53  40  81
  23  96  34
  71  78  58
  19  81  15
  14  84  52
  14  81  28
  47  49  94
   2  22  28
  77  46  82
  72  44  14
  14  36  31
  23  93  31
  38  96  40
  73  89  87
  15  21  23
  16  50   4
   8  78  56
   2  40  80
  92  40  14
  88  87   4
  30  55  58
   9  71  68
  20  90  64
   4  27  59
  51  39  74
  63  28  78
  97  79  47
  63  56  62
  20  64  93
  22  57  86
  10  84  88
  73  96  20
   1  49  11
  39  93  29
  44  80  51
  84  96  76
   4  57  77
  86  19  70
   7   9  31
   4  53  29
  99  60  16
  20  34  76
  25  93  24
   2  61  61
  88  16  82
  20  40  91
  60  25  28
   6  57  78
   6  92  84
  99  48   6
   9  93  90
  18  47  58
  82  45  57
  86  85  44
  77  17  70
  67  49  69
  30  75  15
  25  80  71
  82  55   7
   1  20  11
  98  70  12
  38  80   4
   4  97  50
   3  94   4
   4  17  18
  77  43  12
  16  89  15
  44   7  68
  44  94  45
  94  81  51
   1  71  96
  76  46  55
  84  25   9
  79  34  62
  88   2  60
  89  60  52
   2  95  50
  95  77  20
  91  96  63
  42  32  53
  42   7  31
   1  34  51
  45  25  56
  16  52  38
  35  82  77
  17  34  71
  44   9  33
  11  56  91
  30  73  85
  45  36  11
  72  80  26
  71  65  24
   5  63  96
   1  11  26
  31  59  40
  51  88  56
  72  96  20
   2  33  64
   5  27  36
  97  12  38
  15  52  64
  10  48  39
 100  74  83
  72  10  79
  72  52  81
   6  24  50
  83  36  64
  11  49  59
  17  71  12
  42  25  47
  29  41  85
  71  34  61
  43  46  52
  69  37  65
  12  40  37
  35  60  11
  66  21  55
  99  51  75
  14  59  80
  63  26  58
  58  66  85
  17  78  55
  18  64  38
   5  56  89
  25  36  72
  10  85  10
  37  57  86
  16  31  83
  51  19  64
  77  78  14
  58  19  35
  60  45  47
  99  50  33
  99  93  85
  88   4  68
  22  33  65
  53  46  57
  48   4  59
  31  50  64
  58  44  41
  66  83  41
  16  85  39
  42  45   4
  82  93  90
  10  31  79
  92  62  35
  99  55  18
  73  94  65
  26  79  47
   5  65  18
  10  42  67
  67  69  38
  24  57  46
  13  40  71
  56  70  47
  94  96  80
  61  33  55
   2  47  93
  79  40  24
  20  43  29
  69  18  38
  66  14  47
  44  23  72
  12  61  60
  66  60   2
  29  45  36
   9  50  49
  20  54  15
  10  52  62
  14  75  31
   8  24  20
  86  80  20
  77  33  74
   8  22  14
   8  68  82
  24  28  10
  88  50   7
  21  41  72
  53  65  51
  92  47  20
  53  57  29
  49  62  52
   1   5  39
  17  74  79
  74  62  55
  67  78  37
  26  98  97
  18  71  47
  76  65  49
  63  71  37
  23  16  78
  44  91  61
   4  20  17
  86  94  27
  26  92  44
  26  46  20
  99  36  19
  88  59  24
  74  54  94
  99  94  16
  23  25  11
  15  93   9
  46  47  69
  44  14  22
  76  63  31
   1  43  90
   2  43  82
  48  31   4
   4   5  10
  16  75  59
  52  75  23
  90  54  44
  22 100  84
  86  55  45
  32  19  39
  67  57  73
  48  59  23
  58  38  45
  14  21  20
  84  36  16
  57  47  54
  82  85  31
  24  61  35
  13  98  76
  32  78  90
  22  70  43
   1  68  65
  38  88  87
  15  73  50
  28  62  78
  69  34  15
  61  64  80
  58  51  71
   3  31  45
  72  87  89
  14  50  15
  88  85   7
 100  47  55
  89  85  42
  12 100  76
  84  50  69
  61  54  18
  52  91  19
  95  49  51
 100  54  88
  42  82  24
  85  93  18
  23  59  74
   4  77  17
   1  77  30
  74  47  77
  70  54  77
  51  80  24
  53  49  14
  34  43  16
  76  47  19
  51  36  37
  67  53  20
   8  74  17
  63  65  96
  38   9  45
  86  93  62
  77  61  63
  72  35  39
  20  37  70
  31  52   7
  76  77  52
   8  63  70
   4  56  17
  27  98  54
  51  84  54
  50  36  41
  94  82   4
  69  65  12
  69  62  92
  42  81  57
  80  96  25
  48  19  71
   6  68  16
  35  85  50
  58  89  14
  29  44  77
  33  90  99
  68  20  76
  66  31  31
  97  27  55
  19  93  18
  31  96   9
  74  46  30
  77  57  35
  10  59  65
  55  19  21
  60  21  14
   2   8  72
  29  73  71
  11  12  40
   3  15  34
  68  46  16
  94  93  56
  38  25  80
  28  92  27
  66  91  43
   9  35  88
  42  80   4
  73  86  49
  32  81  71
  86  41  49
   6  49  51
  72  83  66
  65  57  56
  18  70  96
   4  76  97
  95  69  65
  90  47  48
  57  62  36
   9  89  34
  51  89  56
  33  64  42
  22  49  97
  51  94  54
  86  50  65
  70  62  38
  20  26  58
  73  66  36
  88  19  59
  67  74  23
  10  94   4
  42  87  46
   2  37  96
  32  25  85
  52  85  53
  42  73  59
  71  62  32
   5  46  19
  67  76  40
   4  47  82
   9  84   9
  82  50   9
  92  90  40
  69  28  21
  30  13  91
  22  47  36
  55  84  66
  55  91  21
  72  60  11
  16  25  45
  32  52  25
  38  44  63
  24  92  81
  31  36  89
  50  75  42
   6  46  93
  80  21  54
  97  62  15
  72  25  39
  69  98  73
  10  55  82
  33  92  96
  27  57  34
  15  25  29
  28  43  90
  35  39   3
  73  35  87
  98  47  42
   9  81  78
  51  86  33
  47  78  66
  58  23  70
  78  62  45
  48  41  41
  13  47  29
  10  58  14
  80  39  70
  71  37  42
  82  25  81
  29  10  56
  97  46  76
   6  70  50
   6  56  22
  86  83  81
   1  37  11
  53  78  90
  71  40  16
   3  81  29
  29  99  57
  32  16  49
  10  35  61
   7  94  63
  18  24  95
  39  81  72
   6  78  99
  28  65  14
  88  89  38
  23  21  72
  17  79  88
  51  31  74
  28  40  35
  34  40  32
  28  90  46
  69  46  11
  87  41  90
  76  24  96
  11  65  57
  51  21  33
  72  16  33
  24  64  83
  30  66  36
  68  22  59
  48  75  42
  92  70  69
  76  18  63
  67  47  61
  89  36  62
  67  63  82
  17  22  48
   2  69  46
  76  74  37
   2  79  14
 100  43  89
  65  92  32
  63  17  24
   4  40  43
  98  90  60
  20  70  41
  85  75  68
  38  36  71
  44  35  16
  97  33  66
   7  80  65
  96  81  12
  66  25   9
  19  80  41
  82  31  81
  32  91  68
  87  60  10
  76  70  45
  76  54  62
  30  99  30
  42  48  38
  35  81  69
  10  14  70
   7  50   4
  44  15  68
  66  45  52
  19  59  40
  96  75  39
  22  43  31
  97  61  80
  68  24  41
  87  55  65
  32  96  84
  51  32  17
  72  93  65
  70  49  73
   6  74  34
  67  27  29
  76  26  80
  23  39  17
  27  90  52
  71  90  56
  38  60  10
  64  62  36
  13  57  77
  51  48  76
  13  56  27
  33  46  40
  19  25  61
  12  43  61
   2  70  72
   8  54  51
  72  41  78
  48  89  31
  67  18  77
   4  33  13
  33  54  92
  69  12  62
  13  34  39
  29  51  51
   5  33  33
  52  81  75
  38  99  11
  34  54  54
  38  19  87
  14  94  74
  48  50  54
  51  81  33
  60  75  85
   5  54  17
  35  41  90
  44  41  44
   6  97  95
  59  93  63
  68  98  34
  83  91  19
  72  85  86
  29  23  69
  82  36  68
   2  13  87
  22  34  84
  69  47  58
  95  64  14
  58   9  20
  48  55  15
  73  83   5
  24  37  52
  55  59  27
  67 100  98
  68  61  17
  88  75  31
  52  50  14
  67  12  49
  67  34  48
  81  21   8
  29  21  77
  51  59  40
  19  39  61
  87  89  14
  73  14  87
  18  46  18
  43  47  46
   3  19   6
  66  75  13
  26  43  88
  74  43  25
  31  91  64
  65  47  76
  98  65  43
  73  75  38
  14  93  71
  85  36  27
  30  80  38
  82  91  26
 100  34  61
   8  46  89
   9  16  90
   3  86  80
  17  26  68
  25  41  52
  35  25  61
  53  74  45
  37  90  96
  54  62  90
  88  52  83
  29  85  17
  58  75  25
  30  44  65
   7  91  48
  84  28  40
  20  56  19
  69  61  69
  32  66   6
   5   6  88
  11  53  13
   1  62  89
  99  39  90
  65  43  24
  10  80   6
  54  78  90
  65  90  53
  30  50  57
   7  45  53
  94  75   4
  82  75  68
  20  74  46
   8  77  32
  89  45  78
   1  24  31
  16  91  84
   9  83  85
  58  80  37
  31  80  66
  89  52  83
  68  71  97
  98  43  54
  44  31  82
  95   8  80
  27  78  52
   2  68  71
  55  93  63
  88  96  38
  15  66  32
   3  45  82
  86  75  25
  79  90  88
  63  54  95
  11  22  97
  10  87  40
  88  48  72
   3  55  68
  31  93  42
  44  81  24
  30  39  49
  11  18  47
  97  47  54
  11  61  22
  12  98  83
  77 100  65
  28  33  46
  99  84  66
  41   8  80
  89  55  86
  38  82  16
  30  21  73
   3  32  66
  88  41   5
  70  47  60
  30  86   2
  67  65  73
  29  32  11
   1  97  99
  10  66  75
   8  40  90
  10   7  39
  67  70  63
  26  33  48
  29  96  43
  73  93  25
  38  42  62
  95  92  34
  18  43  78
  63  33  53
  53  43  87
  42  96  87
  60  93  23
  87  52  72
  58  42  17
  32  39   3
  40  47  14
  57  40  74
  74  40  41
  61  78  93
   1  46  42
  66  35  27
  58  16  74
  14  45  20
  94  52  67
  20  57  32
  67  97  39
   5  78  91
  94  45  11
  71  64  48
  15  48   9
  32  55   8
   9  86  72
   3  91  53
  99  15  44
  12  46  54
   9  66   7
  97  20  83
  12  28  23
  97  22  66
  82  84   3
  81  78  57
  38  73   2
  16  21  79
  15  81  35
  10  95  41
   8  61  46
  33  78  19
  73  85  14
  66  93  30
  91  81  56
  97  18  91
  67  43  65
  10  50  71
  87  83  47
  71  74  78
  22  61  93
   4   6  86
  15  91  37
  69  20  61
  44  16  84
  38  23  33
  35  75  81
  13  27  75
  92  43  37
  58  94  40
  79  33  35
  16  82  84
  55  80  46
   7  86  39
  42  66  76
  29  16  13
  74  78  12
  35  93  71
   3  75   1
   4  49  86
  92  46  56
  35  52  66
  17  27  37
  61  46  55
  68  62  99
  29  19  18
  76  20  52
  55  25  11
  63  34  98
  11  47  83
  95   4  75
  77  20  50
  99  89  52
  18  33  63
  94  83  25
  33  40  82
  87  85  29
  69  71  29
  95  62  52
  13  26  22
  42  93  74
  50  80  90
  58  52  24
  67  92  38
  76  40  93
  59  96  21
   6  33  78
  77  37  68
  13  76  37
  98  49  26
  56  47  13
  89  83  64
  11  76  65
  29  15  47
  44  42   3
  53  56  48
  44  39  24
  44  89   6
  87  59  47
  42  55   3
  15  39  25
  22  56  49
   6  17  63
   1  64  46
  86  14  71
  72  31  43
  13  37  54
  24  78  24
  88  81  38
  51  23  75
  13  68  86
   8  57  54
  95   5  77
  97  53  18
  76  43  60
  64  49  55
   4  46  84
  17  37  10
  69  76  44
  91  93  33
  66  16  35
  97 100  46
  65  49  26
  11 100  71
   3  89  77
   7  21  16
  55  21  34
  45  41  43
  89  81  48
  13  17  73
  25  39   2
  89  21  83
  87  94  80
  87  81  77
  19  85  36
  39  21  71
  76  22  94
  20  98  24
  97  54  30
  29  59   6
   6  40  24
   5  76  93
  89  91  54
  89  93  85
  86  96   2
   5  98  35
  60  41  68
  10  51  63
  10  45  57
  72  14   1
  99  19  65
  97  57  81
  12  13  91
  87  75  21
  63  74  69
   2 100  70
  26  47  88
  35  59  84
  55  85   1
   8  65  96
  12  62  94
  27  43  75
  81  17  52
  65  74  33
  39  41  29
  63  18  93
   3  14  71
  30   9  11
  12  63  21
   5  43  42
  87  19  72
  76  64  38
  68  74  23
  58  59  14
  32  60   8
  34  78  22
  72  99  22
  15   7  43
  13  78  11
  73  16  31
   9  55  72
  42  19  85
  86  82   4
   6   8  42
  43  54  45
   9  91  70
  30  15  73
  42  59  60
  37  47  74
  73  60  40
  42  21  82
  76  62  95
  34  92  59
   8  69  99
  63  43  95
  56  98  44
  30  48  61
  97  77  93
  86  16  79
  69  78  11
  12  78  48
  12  71  64
  91  50  64
   8  53  64
  13  70  96
  35  21  18
  58  60  10
  88  36  28
  23  27  82
  53  70  40
  26  78  76
   4  92  80
  32  31  63
  43  64  37
   2  24  80
  67  64  77
  87  39  15
  27  71  36
  97  63  56
  98  79  19
  98  78  14
  31  25   5
  15  41  83
  76  53  69
   2  64  64
  69  77  56
 100  79  97
  87  14  73
  29   7  62
  38  94  67
  10  41  72
  67  37  97
   7  93  34
  17  49  84
   3  99  53
  70  90  42
  18  68  34
  68  27  38
  89  39  20
   5 100  25
   5  24  85
   4  65  77
  95  63  74
  77  56  28
  38  52  76
  48  52  82
  40  49  47
  68  40  15
  60  50  48
  43  49  98
  59  75  65
  63  24  57
  89  96  23
  29  83  73
   3  60  26
  88  93  66
   5  74  81
  83  96   2
  38  91  85
  42  35  45
  22  46  70
  12  79  87
  57  54  96
  32  87  68
  11  46  29
  68  47  88
  72  84  38
   1  61  70
  48  85  70
  12  53  36
  51  91  76
  12  54  46
  55  96  25
  23  86  84
   8  13  96
  29  55  38
   2  67  98
  77  53  17
   6  61  17
  14  19  45
  79  62  68
   2  20  30
   9  96  15
  99  14  73
   1  28  47
  48  14  55
  19  50  36
   2  57  26
  60  80  17
   2  17  98
  83  80  88
   5  69  37
  27  33  52
  16  59  70
  95  33  32
   4  22  28
  33  34  36
  14  91  90
  94  80  82
  40  64  94
  65  64  19
  10  96   9
  38  83  86
  29  94  90
  25  85  40
  18  74  68
  98  92  65
  80  81  30
  38  81  70
  98  33  17
  76  78  66
  32  73  65
  90  62  36
   6  71  50
  53  27  29
  13  53  63
   1  69  87
  80  36  60
  97  17  61
  32  41  13
  77  74  90
  10  92  69
  23  81  73
  24  79  54
  51  75  32
  13  54  74
  12  24  97
  50  85  85
  88  73  50
  29  31  36
  58   3  72
  66  82  41
   2  98  35
  44  21  81
  30  36  15
  58  39  62
  72  89  78
  25  96  72
  68  33  59
  22  79  95
  90  78  10
  27  74  14
  22  27  94
   8  27  63
  72  50  25
   1  63  45
  34  65  80
  94  60  12
  91  21  47
  87  31  77
  57  46  13
  97  34  57
   3  80  36
  99  62  58
  20  46  26
   8  49  31
  77  62  83
  56  40  18
  39  46  18
  51   7  82
  32   9  76
  97  98  26
  53  98  48
  56  33  13
  72  32  77
  44  48  34
  97  74  42
  56  54  15
  12  37  59
  54  64  43
  70  46  34
   3  23  59
  18  28  15
  32  75  21
  26  71  38
  40  54  88
   2  71  60
   7  83  56
  79  43  35
   1  79  69
  12  57  74
  37  49  19
  65  78  10
   1   8  23
  43  78  95
  86  89   8
  67  54  46
  58  14  12
  66  19  84
  42  41  20
  23  41  61
  88  91  13
  67  56  69
   3  25  84
   9  31  59
  50  21  35
  10  25  10
  77  26  61
  45  85  48
  29  81  52
  48  16  40
  13  22  92
  63  62  93
  11  27  76
  87  84   8
  67  90  25
  26  64  82
  54  47  33
  97  37  45
   3  51  57
  87  25  61
  60  85  90
  92  57  71
  97  24  23
  58  91  81
  30  14  84
  55  41  43
  17  92  93
  30  19  80
   1  78  18
   6  76  99
  73  41  61
  22  74  52
  67   8  21
  63  70  32
  88  60  35
  11  20  88
  23  94  85
  52  84  15
  18  26  18
  42  85  37
  77  71  67
   4 100  59
   9  36  43
   3  87  16
  95  98  24
  82  39   2
 100  57  73
  77  28  72
  19  45  38
  11  26  83
  29  60   3
  58  15  64
  67  61  42
  99  88  70
  44  32  43
  56  46  81
   2  90  56
 100  65  39
  85  39  76
  72  59  34
  94  55  44
   4  37  57
  10  32   9
  84  74  53
  33  47  75
  18  37  18
  67  26  76
  29  80  86
  83  85  89
  53  47  95
  38  87  56
  10   9  50
  32  89  88
  99  73  64
  79  92  21
  59  91  35
  20  49  56
  27  70  82
  30  87  50
  23  91  15
  72  51  56
  59  81  32
   8  17  85
  77  22  84
  32  93  50
  11  62  99
  61  26  46
  13  77  20
   4  34  43
  15  23  58
   6  11  16
  23  36  19
  73  59  66
  35  14  20
  14  39   6
  27  37  32
   2  77  29
  93  21   6
  44  86  86
  71  70  51
  28  46  90
  73  21  72
  12  56  80
  95  43  24
   5  57  90
  60  81  77
  51  15  29
  11  17  85
  24  40  40
  89  94   7
  95  97  72
  15  14  30
  58  31  37
  72  19   8
  11  78  98
  58  32  13
   3  85  86
  69  11  87
  32  94  76
  72  21  46
   4  61  68
  72  48  63
   6  47  11
  61  65  98
  88  35  51
  24  27  84
   8 100  53
  77  68  79
  73  36  71
   2  54  98
  28  70  81
  76  68  98
  40  90  13
 100  33  33
  24  49  17
  86  21  78
   1  27  44
  26  27  82
  51  41  80
  53  61  69
  48  21  64
  30   7  22
   6  43  27
   3   7  44
  10  91  50
  64  47  46
  99  52  54
  72  58  45
  39  75  72
  42  84   1
  95  56  82
  82  81  42
   2  65  77
  44  55  35
  12  68  53
  16  55  39
  44  36  63
  28  37  26
   8  34  25
  15  89  22
  68  26  29
  27  65  40
  87  86   2
   5  53  43
  70  64  21
  95  18  25
  23  52  40
  61  62  41
  17  98  95
  35  48  26
  91  36  76
  34  74  24
   3  44   2
  68  90  93
  58  76  11
  99  87  83
  61  27  43
  95  78  87
 100  90  27
   1  92  54
  55  83  83
  15  55  34
  38  21   3
   3  41  84
  11  13  30
  63  47  18
  30  89  81
   4  78  72
  58  73  48
   4  13  34
 100  98  39
  22  64  57
  87  93  30
  95  46  51
   6  67  22
  97  92  43
  61  49  16
  58  87  22
  67  17  50
   4  98  35
  88  66  66
  53  62  35
  20  79  19
  55  36   9
  94  91  10
  29  88  25
   1   6  12
  13  46  45
  63  20  50
   2  63  85
  24  70  86
  12  22  25
  23  66  31
   2  27  68
  77  79  63
  95  54  76
   2  34  67
 100  40  20
  69  49  67
  77  90  78
  27  34  78
  99  32   9
  20  28  99
  23   7   1
  11  28  16
  70  43  60
  58  81  12
   3  59  42
  23  85  68
  17  56  82
   5  37  86
  38  48  22
  72  66  31
  58  36  27
  94  36  16
  61  34  68
  17  53  63
  87  96  26
  23  89  35
  15  96  51
  34  47  15
  72  42  82
  95 100  66
  67  22  29
   1   4  22
  30  23  89
  34  37  26
   4  24  58
  42  52  71
   3  42  55
  37  70  18
  95  71  39
  44  75  25
  69  33  56
  86  36  27
  38  86   2
   5  47  70
  82  41  39
  74  64  14
  20  71  35
  32  50  30
  99  35   6
  21  75  15
   5  49  83
  87  91  67
  24  43  91
  65  46  45
  44  96  15
  24  54  48
  40  46  76
 100  78  64
  47  62  24
   8  79  13
   9  41  68
  38  31  20
  63  53  56
   7  60  28
  72  55  31
  93  41  33
  97  11  49
  45  75  21
   1  57  52
  19  60  52
  83  41  47
  36  75  16
  77  70  80
  50  96  32
  26  57  51
  17  90  69
  35  55   8
  14  96  42
  83  50  81
  76  57  17
  94  39  60
   1  98  99
  68  56  56
  30  96  20
   1  56  54
  32  14  74
  30  88  19
  66  59  72
   4  68  44
  26  54  96
   4  71  11
  98  57  37
  12  65  54
  88   7  62
  34  64  22
  15  31  52
  15  60  84
  88  31  10
  58  82  27
  95  26  38
   8  90  35
  23   9  47
  20  53  12
  95  70  57
  18  54  50
  97  26  78
  87  48  88
  29  87  44
  25  21   4
  13  74  69
  23  60  23
   8  71  90
  99  25  67
   6  18  92
  30  42  79
  56  62  86
  27 100  81
  24  65  77
  83  81  79
   5  34  52
  23  75  74
  10  36  81
  58  48  70
  35  83  65
  38  66  53
   5  70  32
  97  56  17
   9  45  69
  60  96  29
   3  21   1
  48  94  28
  56  79  74
  15  84  90
  53  71  47
  42  91  54
  90  64  68
  11  34  39
  86  31  16
  42  94  43
  44  82  73
  68  53  46
  61  40  64
  27  54  12
  22  28  58
  67  20  92
  83  39  29
  80  75  30
  89  84  10
  73  45  79
  37  74  27
  17  57  38
  18  92  80
  55  45  50
  44  84  80
   8  98  77
  42  75  83
  76  28  68
  20  24  28
  84  85  25
  29  75   9
  32  36   7
  15  45  77
  58  41  35
   7  82  39
  24  47  46
  13  43  85
   2  26  68
  58  35  36
  61  57  39
  76  61  85
  54  49  85
  31  84  52
   6  13  51
  51  25   5
  10  23  41
  95  27  72
  76  17  83
   6  62  24
  14  80  66
  26  34  91
  22  90  10
 100  37  18
  94  31   8
   8  37  23
  27  46  77
  28  64  17
  94  50  69
  73  48  64
  99   7  43
  29  86  73
  80  53  60
   1  65  22
  71  33  57
  91  75  41
  23  31  20
  77  92  13
  12  26  45
   5  90  82
  30  31  87
  30  58  21
   8  12  48
  25  75  37
  99  91  37
  73  25  12
  13  92  29
  88   9  18
  24  98  91
  30  35  83
  17  64  93
  48  36  80
  30  93  67
  10  82  55
   1 100  20
  76  92  69
  26  37  67
  28  54  20
  17  40  14
  45  96   2
  30  91  11
  95  34  62
  53  34  34
   9  21  11
  64  46  78
   9  60   7
  28  78  87
   2   6  89
   1  18  19
  79  37  53
  75  98  66
  34  49  78
   9  82  49
  26  40  75
  87  82  51
   4  70  36
  90  49  56
   9  39  38
  34  70  90
  72  15  31
  27  64  76
  52  41  10
  18  78  73
  89  75  60
  35  91  60
   6  34  75
  67  79  61
   3  39  40
  79  49  78
  48  39  49
  23  35  18
  48  60  49
  38   7  80
  13  64  16
   5  12  65
  26  28  83
  84  39  29
  89  41  81
   1  70  23
   9  85   4
  88  94  83
  60  39  68
  35  80  49
  37  64  76
   2  53  68
  50  41  55
   3  50  78
  19  75  82
   9  87  65
  26  65  72
  66  94  41
  15  59  80
  84  91  28
  71  79  61
  27  92  54
  31  60  61
  69  26  62
   4  62  39
   4  18  40
  20  62  57
  16   1  34
  10   3  59
   3  36  84
  27  49  99
  69  64  39
  20  33  95
   2  78  18
  98  64  92
   3  96   2
  15  86  66
  97  76  82
  30  85  15
   9  75  18
  44  93  36
  60  36  66
   1  53  17
  18  56  92
  55  39  86
   3  93  87
  79  65  79
  13  79  35
  16  14  70
  71  49  82
  98  54  15
  30   3  16
   3  66  71
  51  83  16
  10  75  20
  91  80  13
  16  96  90
  72  39  85
  19  91   2
  99  31  68
  12  77  15
  81  75  76
  66  41  29
  51  60  78
   2  28  50
   1  17  24
  45  21  28
  42  39  26
  24  74  93
  69  90  57
  30  83  35
  56 100  91
  66  50  25
  44  73  22
  51  66  39
  67  13  51
  72  75  12
  83  93  16
  32  83  50
  13  62  21
  10  39  88
  83  84  30
  72  73  18
  55  92  58
  72  30  48
  29  74  35
  22  65  17
  33  70  75
  69  74  73
  58  45  67
  72  94  13
  76  33  53
  65  62  12
  29  52  38
  42  50  36
  73  50  25
   8  47  10
  30  51  31
  24  34  25
  66  96  88
  77  98  75
  56  92  66
  74  70  27
   1  40  25
  52  59  25
  13  18  27
  13  20  13
  95  22  25
  53  22  44
  48  81  86
   8  26  43
  92  78  46
  20  47  26
  11  40  25
  29  30  16
  63  78  19
  97  70  53
  20  22  82
  45  93  90
   8  43  21
  42  14  78
  40  43  69
  11  57  38
  56  37  65
  37  54  13
  50  81  40
  18  57  14
  99  45  45
  18  61  11
  88  21  88
  44  60  66
  72  86  70
  53  92  69
  83  60  61
  40  78  34
  11  68  78
  89  31  38
  10  44  60
  76  49  27
  33  43  63
  68 100  69
  12  74  86
   2   5  57
  86  91  80
  56  26  48
 100  71  20
  29  91  82
  95  90  16
  37  43  28
  15  16  68
  29   9  56
  45  50  34
  38  41  84
  10  81  70
  44  87  74
  53  79  47
  18  79  92
  88  25   6
  43  62  61
  46  78  44
   1  33  88
  55  60  49
  59  25  69
  86  52   1
  13  71  84
  69  56  99
  13  90  70
   2   4  48
   3  83  19
  52  56  44
  96  39   3
  63  92  96
   7  52  70
  92  74  63
  23  14   7
   8  92  97
  66  52  82
  22  40  60
  31  83  58
  73  87  43
   9  80  77
   8  97  11
  26  74  78
 100  46  18
  95  68  51
  69  70  26
  58  84  48
  56  64  49
  77  27  90
  44  99  90
  24  46  16
  12  76  79
  44  45  86
  52  21  49
  42  16  26
  34  57  83
  31  85  16
  52  83  47
  29   3  22
  56  90  90
  38  15  40
  97  28  69
  66  85  25
  69  79  66
  99  83  49
   8  20  69
  17  54  62
   2  12  53
  79  78  47
  89  82  88
   7  19  28
  18  65  71
  99  23  68
  63  77  34
   6  37  41
  13  33  90
  63  49  45
  64  78  79
  76  90  57
  35  36  21
  98  74  97
  35  19  61
  53  33  83
  72   3  42
  36  21  62
  56  65  78
  91  39  78
  44  25  80
  14  60  30
  16  83  17
   5  62  89
  72  23  28
   5  67  93
   5  79  13
  68  37  75
  58  86  20
  88  86  32
  69  17  17
  44  52  18
  51  14  49
   4   8  27
  94  41  29
  44  66   3
  15  35  20
  11  37  11
  52  36   7
  17  61  83
  56  24  72
  19  84  62
  88  83  10
  29  42  70
  36  41  77
  13  63  64
   6  63  81
  87  45  72
  38  35  50
  29  72  39
  42  83  49
  38  14  77
  20  27  69
  65  54  25
   1  47  77
  23  48  75
   4  69  91
  84  41  59
  34  90  94
  53  28  25
  12  47  25
   5  17  35
  37  78  41
  30  10  25
  58  93  20
  11  70  99
  34  62  72
  69  97  49
  18  49  56
   7  59  20
  12  33  47
  52  93  60
  44  51  75
  58  88  42
  98  34  61
  87  79  71
  86  39  65
  29  82  31
  99  82  55
  97  65  36
  12  27  29
  69  92  90
  11  79  92
  89  19  32
  73   9  16
  10  15  34
  93  75  35
  67  11  50
  90  46  17
  48  91  11
  22  92  47
  66  39  69
   1  76  80
   8  70  90
  16  19  53
  32  80  76
  89  50  67
  10  88  39
  95  65  25
  68  54  60
  50  39  23
  30  81  78
  84  80  33
  14  52   7
  13  28  96
  63  37  10
  84  21  79
  28 100  85
  17  18  99
  17  70  18
  59  80  69
  67  71  44
  58  99  10
  97  40  38
  83  25  43
  38  51  78
  40  70  21
  29  84  84
  88  84  54
  11  43  11
  26  90  52
  77  34  34
  12  49  54
  58  55  25
  10  38  29
  99  75  23
  14  83  76
  63  22  74
  44  83  24
  76  27  89
  97  71  83
  57  64  37
  13 100  64
  11  90  27
  82  21  19
  87  16  86
   3  38   9
   6  65  16
  38  16  83
  91  41  90
  82  60  22
   6  90  93
  15  50  64
  71  43  15
  58  83  42
  35  86  26
  16  60  52
  99  81  27
  52  25  14
  31  19  30
  22  71  29
  81  36  30
  15   9   8
  61  90  64
  32  82  19
  67  24  81
  10  21  55
  22  62  96
   5  11  66
  96  36  31
  77  18  45
  22  26  61
  84  81   4
  69  24  16
  23  84  78
  22  78  36
  51  93  46
  63  61  93
  45  81  56
  16  81   7
  20 100  99
  23  45  88
  10  16  60
  11  64  14
  19  96  45
  94  19  51
   5  68  31
  99  80  13
  29  35  17
  38  45   3
   8  62  47
   6  20  63
  42  88  13
  19  41  67
  87  50  80
  97  13  92
  28  34  98
  76 100  29
  66  89  78
  73  82  16
  30  84  88
   7  68  22
  17  43  36
  11  92  65
  17  24  31
  86  81  27
   3  16  28
  14  55  50
  95  12  96
  95  79  85
  96  21   4
   2  76  58
  31  41  72
  71  47  83
  59  84  79
  28  71  44
  82  96  62
  94  59   6
  45  39  86
   5  64  64
  95  74  63
  95  28  58
  96  93  65
   7  96  23
   4  74  92
  67  98  69
  59  50  70
  56  49  23
  61  71  64
  38  89  15
  67  68  51
  71  57  91
  77  24  76
  28  74  44
  17  28  57
  69  63  59
  56  71  23
  36  93  14
  46  62  33
  87  36  56
  83  21  42
   2  18  28
  98  37  62
  68  65  39
  77  64  66
  71  54  22
  33  65  61
  61  98  53
  57  43  40
  73  39  86
   3  73  24
  18 100  74
  92  64  22
  50  93  24
  37  40  22
  84  45  12
  71  92  79
  95  47  72
  63  90  41
   6  26  94
 100  62  55
  14  65  75
  94  85  77
  50  25  65
  72   9  81
   5  40  85
  94  25  48
  59  39  41
  68  49  46
  51  50  83
   4  12  21
  17  33  88
  76  79  84
  19  36  38
  14  82  23
  26  62  87
   2  46  13
   5  20  48
  29  38   7
 100  92  26
  72  38  30
  10  99  13
   2  11  46
  87  35  45
  69  43  85
  35  31  66
  56  57  11
  10  19  84
   9  48  50
  44  50  36
  30  16  79
  27  62  11
  94  84   6
  68  92  30
  69  22  78
  73  19  74
  55  81   7
   1  26  52
  38  50  70
  58  21   1
  23  32  76
  15  80  59
  22  24  15
  45  80  11
  29  58  52
  83  40  73
  30  60  62
  34  46  66
  48  84  63
  44  19  52
  33  62  19
  98  62  39
  63  27  45
  68  70  52
   2  92  99
  95  13  67
  61  70  65
  38  93  49
  28  98  76
  38  85  77
  52  60  52
  26 100  25
  85  41  36
  53  90  79
  21  22  84
  12  18  64
  18  53  44
   6  54  99
  48  83  90
  38  39  71
  24  26  31
  73  80  55
   4  11  11
  11  63  25
  23  55  79
  67  33  43
  30  94   8
  61  79  89
   2  49  22
  13  65  88
   5  18  88
  27  28  36
  32  45  85
   4  79  63
   4  64  40
  16  93  68
  52  45  30
   4  54  95
  22  98  23
  55  52  40
  24  71  58
  16  80  27
  80  41  60
   2  62  46
  53  64  15
  73  91  82
   7  31  46
  72  88  15
  35  45  52
  96  62  76
  32   7  90
  76  34  11
   7  36  43
  99  16  85
  68  28  70
  95  57  97
  92  54  53
  79  46  32
  35  84  76
  15  87  19
  69 100  74
  16  41   9
   5  22  87
  83  19   2
  32  21  51
   5  92  92
  35  50  69
  32  59   9
  17  47  41
  95  67  71
  82  19  79
   5  77  53
  69  13  11
  29  50  90
  74  90  10
  17  62  54
   7  85  16
  13  61  39
  65  40  52
  76  37  74
  86  59  30
  51  96  21
  66  81  83
  22  37  30
  13  49  95
   1  74  36
   7  89  28
  56  74  16
  31  75  68
   8  28  70
   5  71  67
  53  54  23
  48  25  59
  90  43  95
  23  87  48
  56  61  49
  14  89  77
  15  32  47
  84  60  55
  99  66  81
  57  70  17
   6  77  58
  17  20  24
  61  43  73
  16  36  43
  61  37  75
   9  19  73
  56  43  25
  30  52   9
  13  24  32
  57  90  73
  66  70  64
  35  16  71
  24  62  23
  11  77  46
  38  84  89
  52  96  29
  88  55  31
  84  75  18
  79  64  59
  63  64  85
   3  48  61
   9  52  54
  95  24  65
  32  35   7
  31  39  28
  69  53  25
  68  34  37
  31  81  33
  88  15  13
   9  59   5
  85  21  87
  95   6  65
   6  64  59
   3  84  80
  95  53  64
  82  80  73
  69  40  48
  23  82  59
   1   2  65
   4  28  36
  24  33  56
  69  54  14
  18  90  84
  37  46  23
   4  67  63
  14  31  81
  12  20  64
   6  79  66
   8  33  44
  55  50  50
  76  71  42
   2  56  14
   1  95  10
  95  37  94
  80  85  19
  11  33  34
   6  28  74
  56  28  62
  48  82   2
  51  87  40
  79  54  97
  95  40  32
  51  52  46
  58  50  45
  82  59  27
  24  90  63
   3  52  37
  99  21  80
   1  54  13
  10  86  54
  29  25  23
  76  98  74
   8  18  99
  73  31   3
  15  75  44
   6  53  81
  52  80  59
  85  81  51
  18  27  69
  14  41  32
  12  64  43
  51  45  31
  48  80  14
  99  96  88
  51  73   5
   4  63  13
  30  82  21
  98  40  60
  88  82  66
  27  47  74
  12  90  53
   7  25  27
  73  52   3
  52  39  61
  35  89  38
  55  31  32
  18  98  61
  24 100  78
  15  46  53
  55  75  71
  38  32   6
  76  56  92
  17  68  66
   7  41  52
  68  57  68
  79  47  16
  15  19  32
  28  49  12
  29  36  90
  28  57  58
  97  68  22
  87  80  28
  58   7  71
  73  81  12
  59  45  52
  32  86  12
  53 100  14
  95  76  89
  63  57  44
  17  46  51
   9  14  55
  51  82   2
  53  26  52
  63  79  20
  95  20  38
  80  93  12
  14  25  17
  57  49  81
  48  93  60
  86  60  90
   1  90  13
  16  45   7
 100  70  86
  97  78  26
   7  66   3
  79  70  99
  66  84   8
  37  62  60
   7  73  75
  27  40  55
  57  78  24
  15  36  28
  67  77  99
  32  48  32
  99  85  85
  42  31  68
  10  93   6
  99  86  33
   6  69  76
  63 100  33
  51  42  32
  16  39  33
  51   9  86
  53  37  21
  99  42  24
  61  92  88
  56  78  86
  56  34  35
   4  26  71
   2  74  56
  66  86  66
  77  49  35
  51  55  71
  29  48  30
  77  65  92
  51  35  18
   7  14  18
  30  32  48
  68  64  26
  10  83  88
  68  43  26
  22  54  20
  72  36  88
   8  64  89
  60  91  64
  46  49  44
  95  17  53
  72  45   3
   8  56  63
   1  13  47
   4  43  77
  98  71  47
   5  26  38
  41  75   6
  29  14  12
  25  81  47
  11  71  88
  12  70  65
  42  86  77
  95  61  99
  65  37  26
   7  39  79
   7  16  25
  89  25  83
  12  17  52
  45  91  13
  52  27  44
  10  60  49
  38  59  10
  16  84  71
  88  23  88
  68  79  56
  86  84  56
  12  34  27
  59  36   3
  17 100  49
  30  45  79
   7  84  61
  84  93  49
 100  49  47
  26  49  67
  92  37  65
  11  24  19
  63  98  82
  86  48  35
  17  65  15
  69  68  70
  86  25  36
  33  74  49
  89  59  86
  66  36  89
   3  88  67
   9  25  14
  61 100  99
  88  14  17
   4  90  54
   5  13  96
  11  74  34
  95  11  51
  73  84  22
  67  40  74
  23  73  63
  96  41  21
  42   9  57
  78  49  72
  26  70  68
  42  36   2
  63  68  58
   7  81   3
  69  27  71
  10  73  56
   9  94  83
  32  85  11
  99  41  77
  42  15   4
  39  36  16
   1  22  15
   1  67  16
  16  12  69
  54  46  25
  23  50  21
  18  62  71
  61  47  76
  28  79  36
  52  19  36
   7  55  13
  67  28  43
  38  75   4
  38  55  79
  19  21  29
  61  74  74
  83  45  52
  70  78  99
45 63
88 215