100
2494
  45  51  94
  73  63  54
  14  78  26
   7  90  97
  76  78  58
  40  45  40
  39  43  80
  15  44  12
  94   8  88
  69  38  77
  24  44  26
  37  40  33
  79  13  44
  88  75  82
  64  29  97
  85  75  13
  75  89  57
  36   6  91
  74  16  93
  73  89  31
  14  93  47
   3  46  17
  39  51  86
  98  13  73
  69  12  73
  28  93  99
  69  67  80
  68  92  67
   9  88  12
  98  70  14
   8  56  82
  24  82  53
  54   6  33
  85  82  54
  91  80  70
  23  37  80
  88  13  28
  19  51  17
   3  62  57
  68  28  50
  14  33  74
  10  80  76
 100  45  41
  99  33  87
   8  22  94
  17  37  22
   2  50  22
 100  37  44
  20  48  65
  97  78  44
   2  97  51
  92  30  55
  34  95  83
  36  16  74
   5  39  43
  89  47  50
  66  60  86
  14  86  55
  37  39  43
  83  18  26
  91  51  37
  64  49  26
  65  11  71
  28  41  72
  98  85  77
  58  26  63
  92  10  22
   8  45  24
  61  25  74
  85  27  95
   4  89  57
  23  31  44
  14  38  57
  67  30  92
  99  57  86
   2  23  27
  32  81  88
  81  67  34
  69  41  35
   5  30  50
  86  38  96
  81  13  13
  24  25  86
  65  95  50
  22  26  73
  91  93  37
  52  13  54
  10  12  17
  28  96  87
  69  30  81
  11  40  78
  83  13  51
  90  23  31
  90  39  68
   2  38  31
  90  29  21
  83  79  28
  36  18  16
  92  97  43
  69  91  20
  80  40  98
  80  41  60
  19  26  54
  61  11  48
  58  91  81
  68   8  16
   5   8  46
  53  48  12
   1  39  70
  98  82  54
  52  79  91
  29  96  70
  91  31  59
  12  56  18
  67  91  18
   6  63  58
  90  51  76
  25  21  17
  70  88  74
 100  99  51
  45  57  56
   5  97  89
  74  60  28
  84  81  20
  34  62  23
  44  63  26
  26  40  85
  34  84  49
  15  63  66
  44  71  19
  84  61  26
  21  47  41
  24   7  99
  91  41  83
  36  89  54
  27  73  56
  52  44  61
  85  95  26
  77  18  75
  32  53  75
   2  72  53
  91  42  74
  14  31  17
  82  95  75
   1  78  89
  23  38  10
   8  64  41
  83  95  65
  54  89  92
  21  16  25
  90  30  26
  10  40  28
  71  16  24
  98  65  52
  54  78  71
  54  84  21
   8  57  16
  98  47  18
  36  83  58
  66  20  22
  40  78  65
  42  45  32
  19  80  50
  17  23  17
  76  37  89
  11  13  16
   6   9  43
  81  88  39
  77  66  55
  72  37  77
  54  61  18
  90  57  45
  88  20  60
  68  93  35
  12  99  88
  64  37  67
  29  45  58
  35  75  33
  23  97  72
   2  92  25
  75  48  89
  94  64  88
   1  58  77
  66   3  71
   6  71  33
  35   4  42
  35  87  24
   3  53  15
  63  76  70
  27   4  89
  72  51  30
  91  29  56
  12  72  66
   5  76  77
  95  75  17
  70  79  11
  94  97  87
  81  53  69
  35  20  61
   6  95  45
  90  42  86
  44  47  84
  76  33  53
  29  97  60
   3  48  11
 100  93  11
  56  14  50
  80  49  61
   2  31  77
  35  53  84
  82  20  13
  14  99  89
  95  46  35
  84   3  25
  17  99  52
  56  50  52
  15  13  63
  31  97  90
  95  71  99
  10  96  72
  91  43  62
  32  61  51
  36  46  51
  56  51  21
  45  49  25
  82  27  52
  43  51  14
  98   7  59
  98  84  50
  92  31  75
  41  43  36
  83  16  37
   2  28  61
  52  18  33
  69  90  28
  19  93  37
  44  79  87
  95  13  57
  68  97  31
  29  39  62
  65   7  34
   2  30  84
  68  19  49
  68  17  42
  54  25  67
  81  95  37
  92 100  90
  82  61  55
 100  49  38
  27  53  84
  39  57  47
  11  53  42
  17  22  32
   6  81  50
  28  40  32
  85  44  58
  77  88  67
  44  16  75
  65  61  57
  36  88  63
  98  34  85
  68  50  21
  82  75  16
  24  85  38
  94  41  96
  68  39  82
  61  46  77
  67  50  44
  90  55  94
  98  52  33
  34  13  94
   7  46  42
  92  19  64
  77  65  16
   3  20  39
  34  73  26
  72  17  86
  32  58  64
  38  49  76
 100  43  59
  84   4  79
  24  98  66
  32  77  82
  52  81  92
  73  20  37
  78  49  99
  10  28  56
  15  73  35
  24  21  91
  28  57  37
  82  25  13
  84  35  43
  56  99  87
  76  50  15
  90  28  72
  82  53  29
  79  21  80
  31  45  22
  27  35  88
  17  28  84
  82  88  18
  41  49  89
   3  21  46
  68  55  17
   5  29  78
  91  23  58
   7  95  38
  32  46  58
  23  43  20
  25  75  91
  77  16  87
  25  71  51
  16  47  12
 100  30  40
  68  80  16
   6  35  73
  65  25  70
  61  48  22
 100  14  21
   1  97  26
  85   9  82
 100  10  80
  74  27  74
  79  53  98
  68  69  40
   4  46  28
   8  40  29
   1  14  79
  32  20  19
  68  45  46
  86  40  69
  65  35  28
  19  58  37
  52  47  12
  33  38  42
  34  35  25
 100  39  86
  61  21  96
  98  44  54
  34  10  51
  44   4  83
  94  39  87
  23  40  46
  69  10  77
  59  20  83
  66  95  70
  69  58  63
  65  53  36
  92  12  45
  32  60  34
  35   3  22
  68  10  74
  75  29  75
  70  75  27
  98  83  31
   9   4  16
  52  84  85
 100  76  77
  19  22  88
  69  72  41
  36  47  14
  85  60  31
  59  34  53
  15  61  54
  96  39  44
  77  54  10
  25  47  33
  69   5  84
  64  39  30
   6  28  83
  68  22  28
  22  33  15
  66  79  38
   9  11  79
  92   8  27
  83  25  97
   6  47  84
  70  20  72
  69  43  53
  18  60  32
  94  14  43
  44  18  57
  48  63  12
   3  63  95
  24  12  12
  58  51  57
  98  11  50
  19  41  49
   2  90  89
  82   9  46
  24  87  71
   3  13  75
  94  43  63
  26  30  22
  28  97  16
   8  29  80
  98  20  28
  11  75  69
   8  19  67
  82  71  51
  90  41  65
   8  93  68
  15  75  74
  44  95  21
  97  39  55
  54  95  55
  20  13  98
  12  41  64
  99  78  76
  14  58  79
  62  75  60
  58  30  28
  93  55  32
  65  46  29
  56  57  36
  32   6  34
  25  88  21
  84  13  29
   9  63  59
  56  33  95
  41  45  59
  29  31  24
  27  61  89
  61  95  52
  84  16  44
  41  50  95
  33  37  15
  10  76  84
  17  45  31
  68  42  59
  35  21  79
  42  55  79
   7  48  39
  44   9  10
  34  63  62
  30  37  54
   1  56  37
  28  33  77
  65  75  68
  68  26  68
  74  63  31
  93  45  78
   1  80  83
  28  50  93
  30  43  45
  12  45  98
  85   6  93
  90  22  33
  32  25  54
   1  96  70
  18  13  70
   1  23  85
  10  42  69
  88  21  28
   8  33  23
   2 100  26
  84  89  23
  77  13  73
   7  75  51
  61   6  77
  52  20  73
  22  23  68
  65  87  27
   2  51  43
  87  16  14
  34  85  41
  82  46  38
   7  62  78
   2  26  81
   1  76  36
  88  62  98
  14  40  39
  88  16  55
  81  89  45
  81  47  62
  85  70  76
  88  89  34
   2  86  18
  67  49  16
  83  27  35
  67  55  62
   7  21  17
  85  88  47
  36  20  64
  56  76  15
  83  21  58
  67  58  22
  56  80  51
  32  16  69
  27  25  48
  18  89  13
   6  48  42
  32  44  57
  70  18  19
  66  16  18
  15  47  34
  67  99  34
  70  61  13
   1  19  48
  87  20  81
  74  98  82
  24  15  65
  70  53  12
  26  57  11
  18  71  78
  69  96  79
  83  46  44
  45  55  13
  59  53  71
  70   3  50
  10  86  33
  12  33  46
   5  72  99
  60  13  23
  74  13  62
  46  47  15
  34  61  59
  74  71  65
   5  43  82
  72  28  60
  36  52  37
  37  42  36
  25  95  18
   8  49  52
  52  53  95
  79  81  58
  83  44  80
  58  55  75
  34   7  53
  69  97  81
  67  19  65
  90  45  15
  36  73  26
  76  26  34
  84  53  81
   2  14  66
  27  81  80
 100  80  35
  52  65  68
   1  41  44
  24   9  15
  66  52  26
  64  41  43
  86  51  75
  82  81  94
  25  35  26
  68  72  69
  30  96  83
  76  58  28
  70  73  90
  15  87  19
  92  43  91
   1  93  91
  36  85  74
  92  51  75
  65   4  55
  58  86  22
  23  86  39
  65  47  90
  43  49  71
  71  47  33
  91  57  48
  68  64  99
  55  57  79
  96  43  97
  64  42  82
  86  41  55
  42  57  82
  17  43  19
  32  35  31
  44  21  91
  58  37  68
  97  51  95
  13  16  30
   3  71  87
  94  76  45
  92  33  68
  58  99  66
  98  61  52
  27  46  65
  67  23  54
  68  90  96
  90  43  30
   2  93  80
  52  48  57
   2  69  35
  61  81  23
  67  93  78
  23  96  25
  34  54  75
  32  79  68
  92  50  37
  92  42  65
  94  80  94
  68  43  47
  67  72  98
  84   6  96
  21  63  31
  87  21  94
  88  31  75
  74  35  16
  93  97  27
  24  61  53
  94  91  97
  80  97  93
   3  88  49
  93  57  98
  80  51  36
   5  40  31
  73  13  41
  32  71  62
   4  63  93
   1   8  49
  32  88  24
  38  51  64
  74   3  76
  27  95  10
  52  35  51
  27   7  64
  32  82  63
  68  31  10
  17  26  16
  86  43  68
  28  30  11
  19  49  14
  36  61  17
  84  47  73
  30  40  31
  22  97  98
  39  50  44
  27  87  69
  25  18  68
  80  29  65
   5  28  54
  95  20  57
  23  39  40
  70   6  21
  12  17  16
  14  29  62
  83  35  66
  27   9  73
  60  73  79
  15  60  39
  62  63  21
  27   6  18
  91  55  99
  92  58  13
  61  44  60
  30  39  48
  31  78  88
  82  87  57
   2  49  18
  36  63  40
  83   4  32
  34  87  10
  54  13  96
  81  63  64
  14  23  31
  74  81  87
  92  56  57
  12  50  72
  77  60  53
  36  41  70
   8  91  73
  98  25  17
  32  11  48
  19  33  52
  73   4  72
  87  73  89
  58  40  92
  36  98  30
   2  22  24
  82  11  30
  67  57  11
  54  21  57
  34  88  27
  25  13  91
  18  35  22
  32  54  75
   1  86  41
  36  70  58
  81  20  79
  86  97  50
  29  42  88
  32  13  33
   3  47  30
   8  23  88
  24  13  25
  19  97  38
  31  93  61
  43  57  26
  68  38  96
  12  90  55
  61   9  88
  66  73  51
  98  48  25
   2  56  63
   4  20  50
  83  54  93
  30  57  88
  72  93  55
   9  71  26
  94  99  85
  24  46  21
  94  33  90
  99  50  11
  70  47  98
  19  86  68
  27  71  99
  56  96  46
  24  28  27
   8  39  71
   7  16  73
  23  41  38
  15  18  37
  88  48  81
  40  51  39
  93  78  25
  76  23  31
  24  11  81
  48  13  80
  77  48  50
  36  87  38
  91  26  11
  31  51  50
  82  48  18
   5  86  70
  14  49  48
  29  50  96
  92  86  72
  29  55  90
  77  44  14
  22  51  79
   1  10  48
  91  38  93
  36   4  58
  18  16  68
   2  76  63
  17  86  59
  22  93  25
  26  86  20
  60  71  11
  35  63  74
  40  43  72
  75  46  16
  96  45  52
  27  18  94
  36  62  47
  15   9  70
  11  16  59
  76  97  87
  34  27  23
  36  48  63
  30  41  28
  48  21  34
  98  73  13
  85   7  23
  77  87  54
  23  50  69
  80  50  73
   1  12  85
  26  43  54
  67  90  70
  27  11  55
   5  41  56
  59  21  76
  98   3  51
  65  62  88
  88  95  22
  23  42  88
  14  17  80
  99  40  52
   8  26  77
  92  67  47
  58  31  22
  32  27  64
  91  45  39
  27  48  19
  30  33  90
  54  75  66
  18  53  69
  98  88  18
  86  39  82
  23  49  21
  92  55  95
  44   3  76
   9  20  65
  74  75  49
  61  47  70
  15  81  63
  84  73  92
  59  44  52
  48  47  86
  10  26  62
   6  87  51
  58  33  88
  74  89  93
  75  47  97
  93  51  66
  37  55  99
  31  86  35
  82  35  80
  27  16  83
  29  41  51
  10  99  46
  17  39  74
  83  52  29
  83  60  18
  23  80  82
  29  43  78
  25  62  38
  81  87  78
  65  89  49
  76  29  55
  73  75  56
  29  49  74
  52  46  55
  22  49  90
  79  87  56
  47  42  40
  94  37  33
  88  63  53
  88  55  39
  11  47  39
  93  43  73
  18  88  58
  55  49  46
  79  20  20
  66  18  17
  67  45  47
  83  82  15
  93  49  52
  90  91  21
  67  41  64
  65  44  31
  80  43  18
  59  32  79
  44  62  30
  26  45  18
  31  40  76
  77   9  19
  10  41  32
   5  90  62
  90  93  10
  40  55  24
  39  49  14
 100  19  52
   1  92  78
  12  38  37
  73   2  29
  54  48  10
  79  88  13
   4  47  95
  70  89  18
  15  82  22
  79  75  65
  20  75  90
  76  96  23
  35  47  97
  91  30  32
  31  37  79
   5  99  79
  72  30  54
  97  38  12
  35  13  53
  12  26  43
  36  11  98
  97  55  30
  93  38  29
  51  57  21
  83  73  74
  87  46  40
   7  89  55
  66   9  94
  59  95  14
  77  27  96
   2  67  53
  27  62  74
  24  77  29
  83  15  15
  90  99  19
  38  50  30
  15  16  97
  97  49  36
  59  25  95
  94  92  48
  19  78  34
  35   7  82
  70  71  79
  75  13  26
  80  38  65
  59  15  61
   8  80  16
  35  16  99
  28  29  44
  82  18  59
   8  55  69
  17  41  91
  54  16  16
  12  91  88
  52  21  23
  77  79  96
  80  57  69
  29  57  40
  14  80  39
  52  12  88
  76  80  49
  77  73  66
  28  49  34
  80  78  93
   6  21  76
  72  50  69
  20  97  88
  83  62  27
  66  63  50
  81   9  72
  20  62  76
  59   3  94
  25  89  30
  94  49  85
  52  60  66
  18  73  70
  26  42  34
  12  40  18
  16  26  72
  92  72  62
  98  95  32
  34   3  24
  87  75  88
  77  11  86
  64  55  93
  74  20  11
  56  78  21
  29  93  86
  24  62  44
  26  49  89
  66  13  68
  73  21  40
  98   4  40
  11  21  36
  74  62  22
  36  15  36
  52  62  99
   8  30  65
  69  93  51
   6  13  25
  84  88  71
  59  61  14
  61  35  86
  32  76  26
  15  42  69
  30  55  99
  15   4  93
  77  25  83
  22  42  11
  44  46  44
  81  71  39
  59  27  64
  42  43  48
  27  63  62
  12  78  47
  59  65  68
 100  50  96
  65  48  30
  70  21  20
  15   7  16
  99  96  27
  52  25  24
  35  71  39
  67  29  45
  79  48  78
   5  51  83
  32  70  93
  22  38  48
  64  51  83
  66  46  66
  74  48  58
  17  78  10
  74  47  79
  69  80  51
  12  30  15
  83   7  98
  24  83  53
  68  14  11
  82  47  78
  68  58  13
  12  19  15
  91  22  37
  68  41  20
  69  45  17
  98  63  31
   4  48  65
  31  39  88
  65  13  73
   2  94  57
  58  78  67
  74  44  16
  61  62  48
  74  38  22
  28  38  42
  77  61  27
   1  69  75
  40  50  73
  40  42  42
  94  12  51
  86  42  49
  38  39  13
   1  50  50
  67  96  91
  35  46  87
  34  82  99
   4  13  25
  56  41  96
  61  16  89
  91  37  49
  87  60  60
  70  95  62
  24   3  91
  91  97  27
  67  43  31
   8  14  20
  85  62  62
  85  13  40
  89  69  14
  40  49  16
  72  31  92
   6   3  40
   5  49  50
 100  78  54
   1  43  10
  87  63  94
  56  97  98
 100  58  37
  29  51  32
  84   7  67
  54  71  23
  79  73  15
  68  33  91
  37  57  87
  31  33  11
  95  89  49
  31  38  50
  24   6  43
  61   7  77
  19  99  14
   5  91  62
  92  90  59
  19  28  32
  91  86  30
  72  78  92
  12  55  48
  76  55  98
  85  81  36
   8  72  12
  36  81  53
  70  16  42
   1  49  57
  46  63  84
  94  78  25
  96  38  71
  92  29  76
  64  78  82
  24  35  17
  29  33  89
  90  49  98
  20  46  48
  62  47  62
  44  48  50
  53  62  17
  67  28  89
   9  60  32
  70  44  16
  81  60  38
  58  96  84
  38  42  11
  90  64  20
   1  33  99
  92  40  40
  51  49  67
  82   6  51
   7  13  77
  60  47  76
  10  91  91
  75  16  56
  79  35  63
  85  84  64
  17  96  80
  82  84  14
  13  63  86
  60   3  21
  66   6  45
  14  72  44
  59  73  49
  10  49  57
  23  30  88
  17  19  17
  84  51  90
  12  29  44
  24  54  24
  28  37  74
  24  88  40
  69  55  22
  45  50  11
  76  19  31
  56  30  53
  72  41  67
  94  50  44
  14  19  53
  34  52  14
  80  28  68
  95  48  84
  48  46  70
  64  93  99
  10  58  94
  11  46  29
 100  86  33
  27  75  11
  96  49  73
 100  33  90
  85  53  96
  35  62  85
  80  55  49
  84  21  74
  66  25  96
  17  93  20
  32   4  83
  66  35  84
  79  62  78
   1  31  34
  86  45  62
  72  58  36
  18  95  21
  38  55  78
  80  93  91
  41  78  39
  82   4  20
  31  42  34
  11  95  28
  24  81  83
  17  51  69
  52  71  69
  99  26  92
  77  75  97
  12  37  95
  24  70  41
  22  55  23
  56  93  36
  39  41  86
  25  79  48
  98  66  75
  64  57  86
  83  81  52
  88  71  43
  84  87  62
  70  62  33
  96  57  70
  66  27  13
  92  37  16
   6   4  77
  90  86  69
   9  16  52
   7  47  80
  17  64  45
  67  97  26
  55  50  84
  80  42  40
  26  93  89
  99  49  66
  83  65  34
  22  29  37
  61  13  50
  72  55  72
  74  21  58
  99  38  31
  61  88  81
  54  88  43
  99  45  13
  89  46  67
  14  64  29
  94  72  26
  57  50  18
   9  73  67
  27   3  67
  29  30  38
  78  45  33
  78  55  26
   2  58  99
  26  97  54
  36  34  18
  74   7  74
  68  76  27
  42  49  61
  64  86  52
  10  64  77
  74  52  48
  74   9  57
  80  64  88
   3  16  24
  54  70  35
  94  23  88
  30  78  36
  24   4  87
  83  75  59
 100  96  84
   5  37  54
  90  38  24
  36  77  72
  74   4  63
  31  41  59
  10  57  14
  66   7  97
  14  57  91
  10  37  28
  36  71  62
  74  46  22
  85   3  90
  72  40  13
   5  19  78
  80  37  82
  66  44  54
  18   7  79
  26  50  73
   6  16  50
  36  44  33
  83  20  60
  62  13  27
  72  91  69
   8  51  31
  59  48  11
  54  66  41
  28  55  28
  25  16  22
  82  65  49
  60   7  61
  94  51  22
  53  46  34
  92  57  61
  13  21  27
  64  96  87
  36   9  70
  11  63  28
  31  57  31
  31  55  35
   3  11  64
  85  21  76
 100  97  13
  33  49  22
  98  18  22
  18   4  91
  70   7  68
  38  40  66
   4  53  20
  19  43  26
  44  11  42
   2  57  68
  65   9  60
  14  90  69
   1  38  60
  85  11  73
  67  76  16
  74  15  65
  67  80  87
  96  86  41
  37  78  90
  65  71  81
   8  10  59
   6  44  63
  52  27  39
  32  84  64
  33  78  38
  44  89  13
  76  30  93
  17  55  23
  52  87  74
  35  60  27
  96  55  46
   9  47  44
   4  95  54
  95  62  51
  48  89  76
  54  20  44
  18  46  92
  34  65  98
  98  35  24
  94  55  45
  18  30  56
  59  98  71
  36  32  74
  30  86  21
  58  97  93
  28  31  60
  36  84  51
  28  42  88
  85   4  83
  68  51  25
  15  62  69
  91  64  38
  41  55  26
  79  71  36
   8  37  69
  34  20  27
  12  58  13
  92  22  34
 100  40  57
  96  78  99
  94  17  28
  23  57  82
  32  89  47
  74  82  60
   4  62  55
   6   7  74
  34  15  29
   8  99  90
   2  19  28
  63  47  71
  59  79  65
  24  20  87
  22  37  22
  94  86  21
  61  75  37
  68  56  32
  17  91  15
  77  46  77
  72  64  16
  90  17  16
  36  25  61
  53  89  95
  34  25  24
  23  28  15
   1  68  62
  87  62  55
  87  53  21
  15  65  88
  28  39  66
  31  49  37
  23  99  48
  24  36  33
  86  78  81
  26  64  30
  98  79  17
  93  50  55
  98   6  75
  79  46  36
  14  26  93
  68 100  84
  17  31  21
  56  39  17
  65  88  28
  73   3  66
  10  23  35
   4  71  17
   9  68  37
   7  63  27
  38  57  27
  54  60  83
  12  86  78
  36  65  81
  14  45  35
  24  53  91
  32  47  88
  75  21  18
   5  56  65
  64  45  26
   2  29  63
  19  42  15
  99  97  79
  76  51  54
  33  93  90
  69  29  88
  15  53  98
  24  59  86
  97  43  33
  69  49  43
  44  73  69
  92  80  43
  74  11  31
   5  31  59
  30  50  11
   1  57  37
  72  97  66
   9  35  30
  56  23  28
  56  91  94
  77  47  92
  74  77  40
  14  91  12
  32   7  43
  99  43  27
  56  22  25
  94  28  27
  34  89  45
  77   3  46
  70  63  74
  92  78  21
   9   3  90
  26  33  40
  92  45  79
  82  63  48
  62  46  66
  56  28  63
   5  42  32
   2  41  96
  14  97  11
  66  87  78
 100  23  98
  92  26  10
 100  17  37
  28  51  59
  35  48  25
  12  31  40
  34  70  22
 100  67  48
  44  14  28
   4   7  45
  85  48  22
  36  60  69
  37  50  91
  42  50  47
  27  60  60
  54  11  84
   6  79  44
  34  48  49
  27  44  56
  39  40  45
  34  66  10
   2  40  49
  20  21  14
  43  78  37
  33  55  72
  12  49  65
  86  37  62
  36  35  17
  59  35  69
  79   9  29
  37  49  82
   5  78  60
  19  30  79
   8  42  27
   2  45  92
  72  49  92
  33  42  59
  66  70  55
  79  18  67
   5  23  56
  32  83  21
  26  31  80
  10  93  82
  14  22  87
   9  75  43
  74  25  68
  36  53  43
  52   4  67
  84  46  98
  69  78  60
  20  47  35
  62  99  28
  76  45  78
  76  93  93
  92  41  71
  89  16  94
  69  22  76
  36  27  77
   9  89  60
  25   4  91
  34  21  24
  79  11  47
   6  53  55
  10  19  24
  83   6  43
  54  47  89
  15  79  18
  74  87  97
  94  67  13
  27  47  72
   7  33  27
  59  89  56
  77  34  44
  64  97  11
  83   9  31
  31  96  81
  46   8  88
   5 100  10
  92  99  46
  87  47  91
  74  18  91
  19  64  36
  77  20  62
  69  28  18
  90  40  97
  23  29  72
  86  49  90
  90  31  87
  67  22  60
  73  62  17
  59   6  24
  59  13  56
  23  78  34
  85  65  24
  17  33  69
  92  14  78
   8  41  54
  65  79  38
  19  96  52
  61  18  54
  59   4  46
  66  61  38
   9  87  70
  34   9  42
  60  89  49
  61   3  52
  38  43  61
  71  89  95
   6  75  49
  54  27  19
  96  33  88
   6  11  68
  34  44  50
  65  73  57
  80  45  62
  72  43  41
  84  65  40
   1  40  42
  66  15  55
  69  14  37
   5  94  94
  64  43  35
  61  60  41
  28  43  96
  30  97  86
  56  31  48
  78  51  94
  77  63  71
  10  33  69
  17  40  53
  23  33  80
  19  55  11
   5  14  64
  68  67  68
 100  12  89
  34  53  71
  80  33  24
  72  33  26
  77  89  66
  33  97  14
  82  16  16
  25  87  50
  84  25  85
  26  51  74
  22  39  75
  53  13  15
   8  86  93
  59   9  66
  61  53  34
  18  75  46
  14  37  69
  70  35  18
  15  89  54
  68  57  83
  32   3  12
  93  40  74
  10  39  71
  10  78  25
  81   4  63
  83  48  12
   9  62  77
  18  63  56
  65  27  47
  18  62  14
   9   7  23
  60  95  81
  95  47  35
  96  97  57
  24  52  97
  32  65  36
  32  34  72
  74  95  60
  74  61  12
  23  26  44
  32  21  35
  41  42  22
  67  86  60
  76  31  37
  69   8  56
  72  26  44
  58  28  59
   1  42  82
  32  75  72
  87   7  83
  15  27  35
   2  42  91
  80  86  78
  32  48  30
  53  20  66
  24  16  16
   1  55  94
  92  49  24
   8  76  88
  73  47  62
  90  58  77
  26  38  25
  65   3  64
  98  46  56
  14  76  25
  83  70  62
  12  23  63
  68  86  14
   8  78  12
  19  57  99
  96  93  42
  85  16  21
  69  33  65
  12  64  78
  85  89  63
  91  50  22
  92  39  90
  94  38  31
  67  14  82
  52   7  12
   1  17  49
  32  15  90
  76  42  15
  20  63  61
   8  67  55
  76  99  50
  85  73  28
  58  23  32
  84  11  17
  40  41  66
  87  88  43
  73  71  49
  26  39  71
  77  85  30
  54   7  90
  60  21  72
  98  81  65
  26  78  36
  17  29  72
 100  90  95
  30  38  14
  30  93  51
  72  42  65
  12  22  39
  26  28  50
   1  26  40
  59  47  26
  25  20  20
  98  60  96
  73  95  71
  91  28  42
  93  39  18
  32  18  30
  19  31  53
  83  61  96
  54  53  35
  96  51  45
  85  87  76
  44  53  23
  34  11  33
  67  42  32
  70  65  56
  60  48  31
  43  55  94
  11  88  41
  91  96  47
  24  75  10
  70  60  43
  32  52  62
  19  37  17
   8  96  61
  10  31  53
  25   7  16
  15  71  87
  77   4  70
   1  45  59
  33  43  31
  87  45  84
  95  56  89
  74  70  82
 100  56  48
  23  51  94
  99  86  68
  32  66  40
  96  41  56
  56  26  49
  76  22  90
  92  28  86
  99  39  47
  91  40  11
  52  15  89
  60  46  53
  22  30  62
  76  43  60
  83  66  98
  66  71  28
  64  33  75
  97  45  38
   9  21  41
   5  10  30
   2  68  77
   1  29  12
  94  29  17
  60  62  61
  10  43  34
  59  11  53
  99  31  64
  99  51  38
  24  84  81
  18   3  79
  43  45  57
  68  91  63
   2  12  17
  81  11  95
  56  17  16
  34  60  32
  22  80  89
  59  75  63
   5  96  73
  74   6  49
  66  53  37
   4  88  36
  54  18  35
  22  78  66
  64  50  18
  25  44  65
  52  85  11
  38  41  84
  92  17  21
  64  30  55
  36  95  21
  73  46  71
  37  38  84
  27  89  56
   1  90  71
  30  51  41
  83  71  20
  66  84  90
  96  42  20
  74  84  36
  53  21  40
   1  99  74
  73  11  11
  12  43  70
  77   6  38
 100  72  28
  54  44  36
  99  42  80
   4  75  65
  68  78  19
  19  39  61
  12  28  74
  87  95  44
  27  13  40
  34  81  46
  83  11  79
  12  97  34
 100  51  26
  79  89  22
  69  94  56
  32  85  99
  14  50  70
  96  40  44
   2   8  42
  10  22  13
  84  62  40
  81  62  11
   1  64  83
   5  12  49
  58  38  54
  92  64  87
 100  55  95
  54 100  45
  84  48  63
  19  38  12
  90  76  96
  31  43  47
   8  17  80
  32  98  32
  70  82  82
  25  11  15
  89  13  10
  87  89  67
  81  16  13
  54  79  24
  49  50  21
  76  28  47
  96  37  50
  84  18  74
  70  27  87
  71  63  91
  71  46  87
  70  87  25
  90  33  46
  19  29  95
  38  45  88
  73  88  76
   5  64  87
  98  75  52
  10  17  10
   2  96  21
  23  64  72
  97  57  95
  99  41  81
  22  28  57
  68   5  46
  84  75  12
  34  18  84
  56  49  25
  74  59  30
  76  40  17
   5  17  46
  22  57  46
  54   4  33
  15  70  82
  94  26  18
  61  20  29
   4  69  90
  81  48  39
  64  38  49
  70  81  31
  68  29  40
   8  90  70
  74  83  91
  66  88  14
  52  11  44
  52  73  10
  42  51  61
  70  11  74
   1  94  17
  40  57  96
   4   3  95
  73   7  96
  11  20  87
  59  83  95
  32   9  59
  60  11  34
  29  40  91
  13  47  78
  98  27  23
  82   7  66
  74  79  29
  74  34  51
   5  57  89
  58  80  68
  53  16  18
  60  53  54
   6  18  87
  25   9  52
  35  88  24
  14  43  58
   6  89  60
  84  44  18
  70  25  28
  26  96  88
  36  21  85
  84  20  77
  74  73  80
  98  21  64
   2  43  61
  75  71  86
  98  54  53
  54  15  40
  66  48  29
  25  53  22
 100  22  92
  82  44  12
  10  72  68
  36  82  94
 100  42  14
  77  84  69
  60  16  64
   8  31  41
  14  41  15
  22  45  56
  14  39  63
  44  35  98
  76  41  67
  25  60  40
  15  88  83
  66  75  11
  99  28  30
  83  47  57
  58  49  38
  69  40  74
   9  46  10
  17  57  57
  56  86  70
  54  62  61
  56  29  27
   2  39  30
  68  99  58
  17  42  90
  18  48  82
  15   3  34
  27  79  25
  81  46  14
  24  48  55
  77  95  76
   2  10  98
  85  35  24
  87  71  80
  77  83  43
 100  38  22
  21  94  59
  10  50  85
  68  23  30
  52  82  43
  83  84  77
  54  85  50
  57  49  69
  87  13  55
  15  48  85
  44   7  89
  80  39  93
   5  92  42
  24  63  95
  15  11  53
   4  16  33
  85  15  95
  84   9  38
  69  92  68
  67  37  98
   7  71  33
  94  45  46
  52   3  88
  59  63  70
  59  54  88
  12  42  75
  52  75  32
  83  88  14
  56  58  78
  53  47  67
  52  61  43
  83  53  66
  11  62  14
  15  84  18
   2   5  21
  36   7  67
  94  93  36
  66  85  96
  17  38  73
  11  89  59
  67  39  74
  10  29  63
  73  53  98
  58  39  90
  94  96  73
  69 100  14
  90  26  80
  14  42  24
  79   4  57
  11  71  37
  74  65  97
  15  25  37
  44  20  26
  76  64  10
  44  60  86
  21  14  69
  34  16  72
  65  63  68
  46  16  38
  34  46  86
  56  38  55
  59  77  52
  73  72  76
  36  13  47
  87   3  27
  54  52  70
  81  75  99
  35  11  45
  34  75  10
  92  91  75
  10  55  69
  22  99  59
  41  51  19
  99  64  24
  60   4  28
  32  63  63
  56  72  10
   7  88  76
  17  50  29
  26  37  53
  29  38  19
  84  95  14
  58  29  97
  72  96  12
  24  65  80
  85  71  73
  28  78  75
 100  41  57
  23  93  54
  99  37  84
  35  95  64
  10  51  30
  84  63  46
  39  42  15
  28  86  61
  76  91  63
  66  65  74
  94  90  35
  94  56  21
  82  62  28
   9  95  14
  80  96  80
  84  60  47
  53  75  17
  54   9  55
  72  19  65
  91  39  18
  53  71  98
  85  47  45
  60  75  86
   4  11  23
  79  47  39
  15   6  12
  37  51  25
  54  81  26
  58  43  52
  68  12  70
   2  80  90
   8  97  16
   1  67  58
  10  45  38
  34  47  47
   8  50  22
  98  16  63
  77  62  89
  69  37  66
  76  57  30
  82  13  28
  14  55  47
  23  45  31
  66  81  78
  94  31  95
  94  57  33
  15  35  12
  68  30  69
  74  88  75
  94  10  91
  52   9  37
  72  90  14
  98  77  51
  44  87  98
   1  91  36
   1   2  81
  69  51  82
  33  45  84
   8  43  97
 100  28  47
  93  37  44
  67  17  56
  85  63  65
  66  89  63
  91  49  74
  60  88  28
  17  58  87
  27  20  69
 100  64  31
  72  80  84
  67  40  26
  24  89  74
  70   4  77
  10  30  69
  56  42  10
  25   6  56
  94  30  71
  72  22  98
  67  26  84
  80  31  22
  34   4  38
  83  51  33
  52  89  48
  56  64  13
  74  54  76
  58  22  28
 100  26  83
  92  76  87
  99  80  89
  98  53  81
   2  99  49
  77  21  55
  93  42  87
  22  31  14
  53  63  48
  17  30  17
  27  88  34
  16  63  82
  59  70  31
  43  50  42
  48  16  17
  92  96  86
  58  41  95
  67  78  13
  69  39  27
  95  63  59
  86  55  43
  17  80  89
  89  21  52
  32  73  51
  62  21  31
  98   9  84
  59  85  64
  69  17  55
   2  33  21
  52  95  50
  70  13  23
  77  52  26
  69  19  49
   3   7  37
  52   6  23
  68  94  61
  29  37  11
  81   7  14
  51  50  40
  66  82  40
  69  76  80
  65  16  92
  91  78  58
   6  88  19
  68  49  19
  24  71  98
  69  23  26
  64  40  71
  23  55  27
  34  79  74
  15  21  69
  71  21  15
  98  71  59
  41  57  98
  36  79  91
 100  31  75
  92  38  72
  76  86  87
  91  33  33
  91  99  42
  59  88  51
  25  14  36
  80  26  34
  72  99  86
   5  80  38
  77   7  15
  97  50  93
   2  64  68
  15  20  32
  97  37  35
  54   3  71
  82  21  59
  31  50  25
  33  51  15
  32  87  66
  48  71  70
  24  18  73
  15  95  72
  58  57  70
  15  46  33
  61  89  94
  22  43  55
   1  37  91
  59  36  86
  69  64  33
  18  87  97
  12  80  15
  83  87  53
  90  37  25
  10  14  25
  59  18  17
  52  16  63
  33  40  87
  93  86  32
  22  41  35
  35  89  81
  44  75  96
  36  54  68
  99  93  26
   3  75  40
  69  26  38
  36  66  18
  61  73  27
  76  49  50
  97  40  18
   8  28  85
  12  57  62
  90  78  78
  56  90  55
   8 100  78
  58  64  25
   3  95  54
  20  16  31
  66   4  75
  90  80  68
  68  40  22
  61  63  50
  70   9  39
  24  34  48
  19  91  11
  79   7  67
  67  12  22
  72  45  88
  39  78  75
  89  63  42
  52  70  20
  85  18  51
   5  67  35
  44  81  63
  30  45  43
  61  71  28
  67  51  63
   2  37  96
  84  27  98
  33  86  25
  59  52  29
  56  55  39
  88  47  65
  85  79  28
   3  89  55
   1  28  42
  18  81  55
   1   5  33
  72  86  44
  69  99  37
  22  64  16
  60  63  41
  67  33  68
  24  66  96
  54  73  46
  25  48  13
  72  76  54
  87  11  81
  58  93  11
  98  89  78
  83   3  33
  92  93  72
  94  40  78
   6  60  93
  66  21  63
   6  46  98
  59  84  24
  95  21  13
   6  20  14
  11   7  53
  14  30  71
  12  14  18
  85  20  86
  56  45  14
   5  50  63
  66  47  94
  69  86  44
   5  33  82
  65  60  55
  18  21  40
   1  51  68
  72  23  40
  53  88  75
   9  13  30
  82  60  28
  66  62  53
  60  26  86
  54  46  42
  36   3  53
  39  45  79
  87   4  21
   5  55  91
  65  81  77
  98  15  60
   5  38  10
  72  39  58
  24  79  68
  88  46  65
  25  81  95
  79  63  98
  77  53  48
  69  56  91
  56  19  94
  10  56  14
  35  73  38
  83  89  34
  92  23  36
  22  40  64
  60  20  84
  67  38  95
  12  93  81
  38  78  88
   2  91  68
   5  26  53
  64  28  45
  59  81  87
  62  71  53
  26  29  72
  11  48  13
  82  89  72
  12  51  44
  99  55  48
  85  61  87
   6  62  76
   8  38  57
  33  39  93
  18  47  68
  59  82  70
  70  46  19
  72  29  18
  76  38  85
  82  73  94
  78  50  79
  37  41  44
  24  32  55
  69  31  68
  67  64  95
  29  86  46
  37  45  56
  74  85  45
  25   3  88
   8  58  22
  56  37  64
  54  65  66
  30  42  57
  61  87  38
  74  66  75
  73  48  83
  17  97  95
   2  17  22
   9  48  28
  94 100  51
  17  49  91
  99  29  26
  77  71  86
  61   4  35
  86  57  65
  22  96  88
  79   3  81
  24  47  84
  59  87  48
  81  21  96
  80  30  93
  12  76  42
  72  38  24
  82  79  55
  74  53  92
  64  31  71
  10  67  85
  90  96  64
  72  57  61
  29  78  78
  54  82  13
   1  22  61
  19  50  23
  12  96  90
  34  83  17
  26  55  90
  58  42  74
  62  89  40
  97  41  14
  98  87  52
  24  39  83
  10  97  69
  81   3  29
  68  37  36
  25  73  51
  22  50  72
  98  62  98
  59  60  55
  77  81  89
  87  48  53
  77  70  41
   1  30  79
  71  13  77
  59  46  82
  68  96  50
   5  45  18
  77  35  63
   9  29  89
  25  63  56
  20  89  21
  53  95  43
  75  63  68
  20  71  37
  81  35  81
  28  45  22
  79  60  98
   6  73  90
   1  72  71
  54  35  29
  12  39  70
  65  20  17
  42  78  16
  82   3  93
  33  50  20
   2  78  41
   2  55  21
  85  46  31
  25  46  94
  62  16  36
   5  58  78
   4  21  98
  10  38  20
  32  95  31
  18  11  96
  83  63  42
  59  62  12
  85  25  16
  74  32  68
  10  90  30
   9  53  68
  78  57  39
  26  41  43
  18  20  66
  30  31  98
  54  87  91
  52  88  76
  36  75  52
  94  42  65
  58  50  43
  83  85  51
  67  56  13
  58  45  97
  65   6  33
  22  86  89
  96  50  81
  69  57  65
  69  50  15
 100  29  51
   8  12  57
  59  71  33
  66  11  19
  55  51  99
  94  19  10
   7  20  41
  30  49  44
  14  28  59
   5  93  36
  77  15  98
  59  66  38
  14  51  97
  34  71  82
  24  27  20
  33  41  10
  99  30  84
  37  43  40
   1 100  43
  93  41  13
  54  63  52
  79  16  17
  81  73  94
  70  48  97
  33  57  68
  84  71  41
  24  73  49
  77  82  28
 100  57  48
  17  76  13
  86  50  30
  61  79  89
  19  23  71
  76  39  82
  32  62  27
  59  16  50
  27  21  25
  90  19  16
  90  50  94
  52  63  55
  19  45  81
  24  95  11
  73  16  46
  97  42  78
  44  88  63
  39  55  65
  19  40  78
  69  42  60
  79  95  73
  62  48  16
  53   7  59
  74  24  89
  94  58  75
  13  46  87
  94  22  59
  65  18  79
  88  42  55
   5  22  14
  84  79  89
  34   6  23
  44  13  65
  67  31  74
  65  21  38
  18   9  50
  24  60  30
  53  67  44
  59   7  93
  46  21  79
  70  84  96
  14  96  98
  56  40  35
  95  16  70
  74  36  46
  90  97  66
 100  91  24
  56  43  92
3 17
95 49