20
12 20 18 0 4 0 1 17 1 0 20 0 7 5 19 17 20 13 1 20
12 1 1 20 11 14 20 0 19 20 2 17 10 19 0 0 2 13 19 0
0 17 4 15 17 0 13 1 14 6 0 11 14 18 14 15 9 4 16 0
6 0 9 1 15 6 0 1 4 20 6 18 0 0 9 13 17 20 17 15
7 2 0 1 19 19 19 1 1 16 14 12 15 18 4 20 13 1 17 5
8 2 10 0 19 18 14 5 18 2 6 20 12 15 17 10 5 5 6 8
10 14 8 19 0 0 16 0 0 17 5 10 19 14 2 8 13 16 1 3
4 11 10 9 1 0 10 17 17 10 3 2 5 15 2 8 18 11 11 5
12 1 17 0 16 8 0 17 18 3 13 12 5 20 7 18 8 10 17 7
4 1 20 6 9 12 5 0 1 3 15 19 20 12 18 15 5 1 5 14
3 0 8 12 18 4 10 7 0 2 10 2 20 19 6 12 7 16 12 9
14 14 10 15 18 1 8 14 1 0 5 14 20 18 10 1 1 2 2 16
10 15 2 15 5 15 0 18 9 2 0 7 4 3 19 15 2 18 3 11
6 14 20 10 19 17 3 17 17 17 6 0 14 14 18 7 4 11 9 7
12 11 20 17 11 13 10 11 2 2 12 15 0 13 9 12 20 6 7 14
18 1 17 6 16 5 11 5 0 17 12 15 14 0 0 3 3 16 0 15
14 11 17 7 11 12 18 11 8 2 10 5 14 20 0 15 3 6 3 8
1 5 17 0 11 15 18 7 12 4 17 19 1 16 7 0 14 18 12 3
11 10 6 4 8 18 4 12 3 0 5 0 6 17 2 3 0 12 0 3
17 18 20 17 19 10 6 19 11 18 7 11 13 1 13 2 12 0 1 17
7 12 13 9 9 1 2 9 20 11 2 0 3 14 10 17 1 1 0 3
0 5 1 12 13 4 9 3 8 20 6 2 19 2 20 6 10 3 0 0
