33
53 5 61 5 72 4 0 15 23 4 89 4 89 0 12 4 87 82 2 14 2 3 13 76 79 87 14 69 14 53 2 86 1
53 5 5 79 4 90 95 90 23 49 89 85 11 91 86 61 19 82 90 72 58 89 85 5 79 6 89 88 71 53 79 24 88
0 230 488 169 88 432 430 178 396 104 177 107 162 40 174 245 462 61 392 15 202 221 494 160 479 325 93 199 345 388 34 396 414
177 0 52 195 215 478 134 412 454 453 252 347 188 344 22 479 416 443 386 248 340 311 60 114 319 253 411 449 443 275 148 85 174
247 13 0 267 56 459 61 158 72 432 238 408 334 112 182 278 450 397 300 172 335 410 446 231 194 214 412 305 151 317 386 328 194
223 439 95 0 432 156 389 151 485 307 123 47 220 452 7 179 480 109 245 233 321 110 212 308 167 314 175 419 5 464 428 379 318
349 92 419 237 0 274 14 0 208 343 403 356 488 220 380 17 353 15 88 68 408 35 64 87 262 229 316 13 445 255 73 155 53
326 453 430 99 182 0 180 131 205 180 194 52 107 387 109 194 32 95 394 20 219 252 305 132 337 432 29 482 89 58 446 384 368
211 395 307 35 140 26 0 356 445 132 69 246 91 104 111 239 138 364 22 126 429 424 411 435 282 111 225 301 361 405 234 21 365
265 282 451 223 473 160 129 0 457 111 241 41 499 124 258 433 205 250 55 299 166 129 97 19 142 413 310 401 83 75 1 329 178
27 70 30 30 111 436 435 98 0 132 275 345 284 284 71 249 124 26 104 455 264 82 35 80 57 290 298 310 439 1 449 66 178
158 24 17 499 329 305 139 283 285 0 469 111 6 474 399 187 464 114 321 480 340 275 185 305 317 386 438 473 217 267 277 315 200
184 58 406 112 217 215 265 453 200 326 0 413 183 395 333 208 233 419 315 166 462 320 114 456 401 135 30 69 160 460 254 363 227
172 282 411 211 66 254 101 323 208 94 93 0 433 425 482 180 462 492 411 440 154 34 458 295 118 393 129 100 497 290 52 7 197
326 226 435 394 416 132 55 225 402 255 366 277 0 258 278 14 231 382 235 32 19 462 398 99 238 210 489 355 494 98 379 33 194
488 412 107 165 125 333 31 365 493 161 109 34 132 0 127 326 78 381 210 480 124 108 288 126 309 284 378 213 114 236 31 190 15
317 35 10 153 25 21 96 4 333 196 212 211 496 278 0 234 386 464 466 4 301 166 306 86 288 402 452 382 16 191 124 265 11
391 82 423 94 434 98 455 304 161 120 223 204 21 44 392 0 247 79 303 460 216 489 343 445 12 354 292 407 445 274 261 437 249
420 422 328 451 363 280 247 175 376 165 193 1 225 463 358 200 0 345 86 17 271 52 287 15 364 216 478 221 97 244 149 134 428
205 131 232 193 404 45 438 117 449 164 354 252 320 241 453 335 333 0 320 221 397 326 171 372 238 320 449 68 135 399 203 363 358
400 399 144 120 343 42 404 5 172 367 74 199 350 180 307 401 85 415 0 419 333 268 123 382 299 97 45 317 223 119 281 500 254
283 316 353 325 383 363 98 443 244 486 110 47 197 227 154 254 171 346 59 0 111 401 415 410 420 376 131 201 49 194 303 496 448
20 167 416 246 244 277 378 289 303 367 116 132 290 127 70 159 229 198 373 235 0 179 315 191 356 116 208 78 82 103 398 105 457
7 122 433 399 283 317 329 247 280 135 189 28 351 497 324 465 300 462 436 400 410 0 4 10 4 281 364 85 178 62 272 441 172
491 206 102 261 248 365 113 299 339 291 341 340 426 117 174 239 253 345 436 264 228 272 0 128 40 301 93 84 33 466 240 312 202
90 161 137 331 301 296 17 262 52 212 406 69 47 470 16 302 145 67 160 306 179 247 269 0 29 484 81 491 490 342 71 381 311
303 60 144 146 280 379 133 400 402 176 445 164 123 231 429 1 140 289 368 170 23 171 188 147 0 150 91 411 30 441 196 83 84
428 109 302 98 124 385 418 196 333 266 316 144 375 373 7 77 336 353 232 464 8 323 451 445 376 0 3 137 299 63 389 174 40
453 145 166 440 427 344 334 283 415 445 367 131 257 419 95 236 251 163 328 415 298 57 75 17 187 126 0 314 478 78 278 279 47
41 471 374 87 309 475 21 144 364 19 41 11 75 301 140 363 422 436 318 48 273 108 145 96 135 374 273 0 168 5 306 213 418
156 257 379 466 379 389 52 121 435 190 107 94 78 147 323 239 375 190 123 253 124 482 299 323 160 430 198 401 0 206 443 10 2
50 255 151 319 197 49 65 166 190 300 108 83 371 495 62 491 471 206 79 377 392 387 243 222 389 33 157 375 235 0 377 468 287
289 374 369 200 1 415 159 263 259 244 82 311 272 89 194 157 47 176 27 238 89 161 107 9 457 472 209 249 128 241 0 201 9
218 394 330 149 41 194 353 170 101 419 264 76 52 29 40 54 254 103 58 473 210 123 388 93 195 35 125 335 302 158 158 0 281
63 464 245 19 454 127 401 147 28 322 306 415 228 165 136 437 1 313 307 198 49 162 359 198 327 93 461 456 490 417 74 265 0
