95
11 28 11 7 59 12 30 13 64 68 27 15 94 4 92 74 75 73 20 9 17 26 96 14 33 30 10 0 83 1 9 100 92 83 93 97 98 14 24 84 21 88 2 0 30 32 88 77 97 10 10 98 78 90 5 78 31 94 31 15 43 5 67 12 66 76 73 99 97 10 24 20 87 40 92 7 16 35 87 86 33 79 8 9 14 8 8 52 19 98 72 79 2 87 24
37 35 92 100 59 80 4 75 64 59 33 1 23 95 40 28 47 33 88 100 2 16 8 14 96 42 59 88 38 87 95 89 89 19 93 42 10 89 97 82 21 16 65 95 42 18 64 41 85 72 10 98 21 90 51 71 10 39 97 97 43 37 69 96 13 89 48 21 95 87 84 20 79 57 7 100 69 13 82 86 40 79 69 82 48 83 8 26 81 29 4 79 16 9 69
0 6916 2238 6698 4549 1310 2790 4827 5424 483 5543 5797 2483 727 2727 3005 6687 1883 5758 6349 6331 3522 4860 2630 4816 317 6707 5817 6193 5400 3470 4761 4351 846 1593 4461 3540 5745 6286 6199 3843 2071 1198 2449 3463 183 3737 793 6427 855 2210 1008 6038 3331 5715 4671 1567 2545 3896 6294 5548 4204 2403 4694 5732 6236 3234 2711 3003 5761 4269 2123 4431 5400 4588 2725 3124 6147 1336 6046 2190 5444 2115 6779 4295 1732 659 3081 6322 99 2505 6720 1526 3427 3256
4495 0 1548 2975 4308 2346 4399 2447 5855 70 6493 5981 5301 4455 4885 1290 5864 3320 3839 197 10 2910 4795 5641 4975 6819 3081 5319 246 4934 219 1229 955 5710 492 907 1223 3673 3201 4416 185 6219 3570 1030 2166 754 4564 6341 6016 1386 2545 2515 1838 2867 2521 2724 733 1499 5411 1526 2713 456 1331 5517 281 3068 3523 4264 1847 4723 6045 417 6735 1244 813 6243 5377 5163 2959 5527 4291 500 1961 364 4975 6224 1845 971 3442 1279 1454 1564 3348 1935 5087
317 1767 0 6005 5933 5743 6083 3950 1556 3150 4215 5057 5671 3276 298 5115 3707 3941 6305 3125 6618 2247 1812 6398 1552 3372 584 6977 1746 3618 6053 2876 3501 778 4183 2330 1815 1362 266 1992 5777 4340 5611 1163 1048 17 4610 2498 384 978 429 420 1559 6099 6080 1372 1851 3855 4822 3980 3972 994 3491 1737 372 1466 6369 3702 1150 491 1122 808 4053 4168 4339 6145 18 6278 933 2505 2214 348 239 6980 4610 4272 1948 3967 3994 6565 1554 88 6637 5581 2621
6488 1598 4492 0 6713 4762 3849 2591 4274 4430 5398 6126 6614 3034 3735 3874 4413 2807 2571 822 5681 1572 3043 3012 3707 6338 2802 4568 5771 2569 5531 4653 2911 3262 5860 4406 2332 6458 4482 1600 6384 5606 1896 423 974 2238 6441 3558 5075 3184 2406 3946 5749 2949 932 3561 1416 4520 2913 1319 1306 6061 5939 6744 2522 6461 6878 5748 6159 2153 481 6413 4135 1654 5494 1811 1405 6951 4065 731 108 2766 4561 3171 6080 5517 5816 1855 771 3146 5630 3565 5115 3875 3610
3890 208 3235 5351 0 3291 449 273 6466 5570 1383 3334 2946 6834 4964 6917 1370 5308 468 2729 6824 5766 1496 2306 1754 4655 446 5101 6892 2257 1524 484 1855 1787 4562 1096 5330 2936 6716 1745 1510 4037 1771 4329 3974 5290 2979 1597 3298 437 2663 211 4442 490 152 2146 361 295 1350 68 4654 2740 2974 2961 6937 3888 3282 5406 6495 6521 65 4214 2331 4283 1203 4035 5630 6325 5345 234 2676 1741 3706 165 5476 1148 5915 1322 6078 1377 6367 4253 2254 1684 3122
2861 305 621 5479 3454 0 1106 4242 6437 3027 6843 4803 6228 172 4953 4093 5694 6229 3841 3660 6107 3493 5881 5906 4586 6314 5079 3926 3462 2453 5267 2309 2698 21 3155 6471 5008 2797 4831 1207 245 3800 740 4015 221 5095 3024 6689 3100 1367 3415 2088 1878 6003 2873 1833 3252 2703 5653 636 6130 1641 6275 2301 4959 3527 4472 3374 6332 4688 4657 4474 3093 5554 4564 2395 5201 3332 4472 6283 955 1897 5579 2843 5083 5018 5602 5575 2020 1681 4803 599 5651 80 2416
5133 1043 2791 4904 2528 4297 0 5611 1188 5800 5862 4659 3747 1728 5349 4180 1363 634 4432 3117 1676 3929 6996 3568 3964 4426 4939 4550 5363 5083 1374 6197 3423 6795 1545 669 2761 3180 2164 3556 2390 4845 837 1561 5614 5806 5733 5874 5265 1834 2812 694 2724 4238 6938 6285 281 2341 5822 3437 3411 3872 5289 4051 4243 5136 1634 1850 4058 1776 980 2228 3203 2768 5217 3284 2501 4411 2674 4983 1632 2916 1099 1151 1441 5563 1470 6406 99 1707 6052 5583 3965 4430 4598
3456 3922 1891 2646 393 4911 6956 0 4537 6504 4197 6464 6099 5592 5731 68 144 68 3928 5087 1191 2500 867 3811 6166 2421 6862 2890 1436 3647 3478 5102 1588 4183 4748 4077 4769 4753 5962 1645 2436 3346 3547 4826 6100 3692 3198 3810 1797 562 4210 1311 1186 470 6517 3355 4363 2830 1263 2263 1920 4635 4213 4143 249 3669 732 2972 5687 972 660 6578 224 4234 2032 940 2248 4276 2512 3460 3770 407 6769 1145 6863 6853 4784 997 5327 4355 4246 844 2013 2045 3914
5301 1868 5592 5631 2473 6229 2304 1730 0 3232 6001 25 1968 4050 5143 2377 324 2390 2630 2062 2098 1282 5745 430 6176 2743 1162 1185 5994 1531 4230 1375 1740 5384 5843 2752 4664 3729 4415 2025 5240 5214 105 1077 4697 4934 3246 6490 120 4525 6315 6227 5261 50 1925 4188 886 5438 2433 563 6331 2026 2327 6151 5974 4817 4680 3962 5800 6226 5140 1834 3597 5864 1330 3305 3511 2280 4584 5800 4166 799 1054 247 2626 1769 4400 6692 1096 3892 3907 671 579 6593 5234
1218 4323 6640 305 2025 5089 267 577 163 0 1050 4218 1963 5074 5910 6106 4445 683 3821 1510 2035 1346 1887 5234 3822 2351 72 4280 2978 5860 2180 3599 5299 6514 5309 5448 732 1691 6092 2657 1504 1321 1099 2057 4526 3350 5243 2655 1728 3537 1744 6738 4183 4515 2240 6010 2769 5606 2882 6200 148 40 704 3568 2112 4459 2754 686 918 2328 2667 4193 1516 1171 5187 6921 868 6870 6595 2885 1113 5271 5484 5408 3405 3113 5449 466 2195 5253 3291 5273 6540 4032 4039
5232 5166 2804 19 5812 2229 3686 3622 3410 1153 0 4353 3805 1244 2714 2205 660 2463 383 3328 1245 2252 1503 139 6389 6602 2928 3492 1799 3378 2820 131 3052 5506 4619 2095 586 2711 4935 2377 1412 5864 3701 1072 727 413 567 766 3561 1450 816 6619 2945 1721 5425 1312 2737 502 1756 4683 4231 2212 2219 3946 882 6487 3425 271 6356 1786 5608 2068 403 4510 4276 5812 3198 2307 1906 6111 20 4379 4303 2772 695 2266 5021 2774 4578 1299 6445 6385 6849 5837 1045
3706 852 3952 4902 1116 4767 4224 712 1566 4424 6657 0 443 4841 2033 1560 3631 1145 5788 2818 2028 1219 2353 5750 4954 6565 6627 2909 1162 1925 710 5622 6889 3303 350 1004 6225 473 4811 6671 4934 891 3441 1593 6191 5102 3658 4882 3019 2058 2945 1203 699 774 3755 1314 2638 581 5770 2893 1965 418 6030 2982 6486 2616 150 6543 6822 3290 5347 1748 4582 1163 2875 1615 5032 4827 4618 5955 2893 3803 2106 3349 5226 47 3089 6917 2855 3701 6934 1042 6219 2938 1164
1346 5765 2772 5765 1631 5688 1067 2377 5997 1834 3121 1791 0 6454 1624 6082 962 188 1115 309 4669 2179 3812 2880 120 5201 6270 4600 4978 6760 2387 1465 2512 5050 6351 5734 4689 279 1622 2462 6350 379 594 2683 784 3882 3046 6886 3693 6044 101 4504 3260 2786 2427 1582 4128 806 1450 6487 4561 4247 463 197 6176 4225 5136 4678 1183 3848 4098 6149 6634 6795 1058 4778 2710 1996 3114 3303 636 2422 1804 3915 352 5625 4945 1554 6772 6236 3853 5786 6938 1095 6335
2006 6700 2482 765 6736 1081 4484 3309 3077 3617 4867 4412 6884 0 6771 1424 1813 2549 5492 2777 1749 1342 3791 4182 2446 5506 3914 5985 2080 4079 3107 1582 6763 4894 657 4245 6117 829 1888 1042 3706 3690 1770 5660 591 983 6100 4602 354 885 1581 502 2651 184 1000 4766 6146 2646 4896 2999 2610 1976 2651 3189 2303 2924 3598 5357 6774 4414 6412 683 6132 2664 6994 1777 5922 6740 2809 5369 6448 5416 1061 2980 5944 2463 3974 5584 6882 6124 6428 2861 963 6397 775
2779 1130 2978 3854 574 341 3411 2177 4583 4597 1940 6698 6238 2162 0 1549 6865 6340 1432 6644 3770 6349 755 3834 2923 3707 1030 6379 15 2178 1524 6798 4717 5879 2511 1105 5341 6963 2477 1609 1997 6770 3156 1966 6646 2710 2465 6696 1032 4611 5334 1390 1445 3421 1300 4152 1030 3312 1218 6792 1601 3387 6695 791 6326 4100 6679 6059 3770 5646 3343 442 6039 6074 3018 5550 2191 529 5477 5132 3729 2912 1526 3321 1815 1400 1052 3424 3968 1297 5281 1184 1157 1073 4147
1107 5154 1307 392 4666 577 4720 6846 481 6077 2097 5137 2387 6609 6748 0 6599 419 6006 4350 46 76 4540 4804 3690 1431 4585 3389 5189 2715 884 4355 1734 992 2034 6989 4424 2306 3502 849 1474 4495 6598 5631 3162 2319 2703 5992 119 4310 4031 3189 4361 5259 2510 3503 6547 1442 3098 3720 904 1988 5534 4790 2178 5862 5977 727 6442 6497 3943 6169 6999 6581 4602 343 350 3640 2668 314 2303 4029 4609 6972 1964 186 1999 6023 434 5079 3748 328 5279 2168 6618
3998 4106 3392 2569 689 6431 1724 849 4336 1657 5219 2346 2745 1263 3004 2005 0 5694 6094 746 1621 2463 3185 4862 2454 6103 5662 5808 2436 2362 4178 2665 2692 2867 1971 4058 6736 6325 6432 1385 3066 5498 133 4748 2521 2621 6334 3404 240 4694 5876 4291 1667 5093 810 4970 952 3724 1749 2179 4700 3566 4809 4253 1420 1853 3966 5724 2769 974 4512 6682 4641 6962 2082 2138 2844 1037 6888 6306 626 4929 2636 5068 4273 2642 343 5881 6227 3721 5369 6158 741 482 5340
4023 3340 4140 5964 3155 843 4573 4125 87 3312 4854 2903 3297 250 528 4816 5240 0 5576 4655 3357 1799 2964 4008 2715 3118 4418 5492 4939 2481 4492 4598 1386 6094 3309 4202 4277 4353 5134 2039 3510 1723 2572 2735 1251 546 2509 306 3461 5557 1038 2438 4410 4541 5704 6705 5574 6495 209 2311 6516 3567 5535 6551 6131 4478 6541 3766 3223 5601 2867 6773 6142 3722 146 5629 368 380 4965 2971 3697 1966 6878 2716 3730 1389 3615 1559 3810 2287 1583 4167 2484 4399 5447
2277 2385 1435 539 1819 2968 5472 5603 4249 3335 3776 5703 1467 595 3745 3444 589 5603 0 6733 2107 5313 6337 5869 6814 997 3832 1947 5531 3321 6417 5365 1027 5608 873 1824 734 3772 3621 1456 5013 3915 3044 380 6747 3322 2367 608 3271 665 5667 6418 2223 6226 2533 3275 2653 4886 4640 3078 3803 6184 5198 313 4796 4209 2830 1204 4375 3857 3899 230 200 5360 6792 3468 2220 2221 3366 5376 4839 1206 2107 3246 4523 6026 1226 6494 3833 4416 3566 5477 3778 147 6021
906 420 1494 2129 4633 3244 2270 1103 949 1325 4041 3800 4470 527 5363 2416 5352 3175 1317 0 6256 1767 2393 6053 1655 1473 1808 4889 5202 175 3997 2694 6672 5049 2740 899 3913 5946 3188 4247 2148 1944 5508 904 4355 3232 193 1637 2730 1754 5702 3444 368 1830 4407 6093 6144 3995 1464 4065 4424 1304 3842 6662 1006 2554 5192 2808 6625 1283 5890 5894 767 2842 4659 2248 1219 4029 4100 2137 5540 5759 2045 5555 153 5294 5787 1443 2189 4747 6263 3816 1029 4337 3717
4057 4773 1707 5972 5094 362 4898 4209 1544 5359 6678 2606 2621 2399 4246 3785 4207 2496 3468 2166 0 6278 4611 427 912 4881 4090 3358 5626 3402 2512 1539 5175 3188 5690 6173 3669 1764 6381 1972 2486 74 66 200 607 3248 909 2402 6987 4870 1455 2558 4099 4406 6701 5104 5441 250 6862 301 6986 1950 3879 3236 6018 6768 5318 2832 2928 5597 5754 3257 4795 2889 1448 5194 5132 6395 754 3784 6980 3647 1166 1487 1052 5859 825 5375 6755 2200 6640 4354 136 596 2190
2486 2830 6427 13 4843 6981 2112 6202 764 786 3210 4220 6369 6761 6 2193 5157 1668 4784 5447 2392 0 123 3969 2530 5047 6007 3451 3682 477 5782 2915 4417 4800 6166 1572 6780 1113 1433 6073 3352 1250 4266 5299 1346 3497 4209 1564 1683 5689 5655 1187 4216 4349 4708 6954 3017 3969 1473 168 4899 3527 2928 5992 5465 5391 5390 6223 3276 2491 5319 775 4050 4737 4313 5837 4783 230 5393 953 4076 3848 2371 1369 4627 3573 6185 1860 1574 6457 1176 5261 1261 1955 5310
198 265 3820 1346 2375 5982 469 6410 4397 429 6967 3151 400 6264 6908 1277 4907 3188 3519 1160 6651 2853 0 1337 1978 3582 4032 4843 1103 3531 1186 2815 4871 30 4125 4908 509 6880 2961 3053 3716 3273 1772 4023 4294 6095 6619 1808 4928 6335 1106 3769 4955 1275 4475 5923 6202 3875 4910 3487 1330 4412 1731 3589 5225 2027 2767 386 6100 1714 3556 2919 1694 5321 388 880 6010 2331 89 6583 1737 4918 4347 3143 6562 24 1947 5725 5848 3594 2043 6502 3563 2540 794
2583 309 3316 2753 6329 593 519 1262 2509 5619 822 4629 3356 2947 630 6840 2605 3412 6213 3656 934 6537 5627 0 999 2991 6855 5880 5 5331 1443 6991 5628 149 5 749 6045 6947 1162 6073 6951 5892 4459 3332 3895 3826 1989 294 3805 1854 2668 1446 4739 919 6421 5601 4768 5256 3053 778 6663 5479 2672 5098 1120 1998 2160 6248 64 4170 3956 2809 2857 104 3127 682 36 49 5852 6506 842 1856 2980 843 4985 5307 5295 2047 2343 5244 574 978 4101 5708 479
3763 912 4014 676 4919 3836 2103 1017 1013 4692 896 257 212 2757 821 5470 4221 4307 3384 6317 6215 1587 1133 2236 0 3935 6062 1146 3803 2282 6555 1109 2592 5067 1450 4514 6423 4907 488 2187 3589 6627 3849 1897 3068 5526 3822 2890 3629 571 483 3964 6730 4740 4644 1867 1812 3066 1412 6096 2909 6105 3070 5532 6867 4964 1325 3115 2271 2730 741 3360 3919 4754 3396 4100 5874 3241 1404 4078 1492 1999 6633 2537 3699 6070 5658 5038 116 418 4946 6815 4704 3462 6440
4055 1438 4225 1958 2400 1985 2593 3531 718 4622 4616 5309 1289 2841 3563 4785 3896 6898 6508 74 999 2011 4222 5862 4274 0 2194 3704 5938 2530 2179 6165 436 5303 1586 892 2093 5256 2176 1795 1561 4150 3788 6927 845 1717 314 3531 6979 6659 2339 6301 3688 4074 1667 176 3325 4762 4920 2738 6919 1233 5333 3922 2466 2754 6184 2740 2345 120 6533 918 6301 1146 6273 2546 1279 238 5527 2472 1870 1500 4345 5883 2477 3678 4838 6930 2826 3741 1086 4862 265 1241 1618
320 214 3532 2250 4897 4036 2784 4586 3644 4549 297 1088 1890 6557 1585 3336 2341 139 3555 4981 2675 5099 4689 5796 66 3728 0 4542 5212 1219 6312 6376 854 1112 6483 6864 6155 641 2996 628 5201 6288 4835 6320 4938 4861 1012 2349 3956 1893 5231 929 3517 3382 36 4791 152 3420 560 3888 2827 3841 592 4471 3629 2311 2965 1961 1574 6009 3944 1058 1162 1579 30 1673 456 3341 6039 3863 2774 2261 6069 2993 684 1045 6125 5855 6722 3522 6645 5714 5721 6002 4708
6980 2270 5652 4019 6183 637 6304 5051 3903 3132 5987 256 4823 2389 5089 968 109 5160 3039 2074 5298 6665 3875 5674 1819 6396 1685 0 3793 6766 3567 2016 5706 2206 6276 1646 6387 6475 4745 14 5208 4072 4105 3661 504 1129 1694 6358 6521 4676 2977 3931 3836 3894 2863 6730 1481 5096 5315 71 6349 5689 2714 1447 4190 4477 1867 6517 6022 4196 5298 1995 6839 5776 4481 6486 4033 4991 4411 1905 273 1536 3089 916 195 1553 2354 3435 5918 1299 6600 2153 4149 1817 1646
6034 6751 771 6441 188 4104 4624 3522 2578 2091 3855 4698 6447 2005 5196 6612 1524 5114 5011 4950 3796 1071 2536 6199 34 3715 888 2775 0 2066 3819 1669 1600 6189 3676 4961 89 3214 853 3115 4816 472 3457 4823 1011 4074 1352 1798 1422 6067 2790 1767 4805 6754 4908 6917 2404 635 86 6934 4831 4700 2694 6610 3053 1369 293 5807 3676 6553 2219 5423 2722 2055 3247 5352 2141 2921 6632 1846 3228 5676 4059 6149 5732 5569 1918 5735 2714 236 4055 5509 1625 5397 1847
2711 5437 2211 283 1981 2425 423 5913 3789 4921 3047 687 3294 2210 4777 3655 5979 2597 3292 5534 2116 1306 1233 2803 6926 353 5609 69 850 0 3435 5076 4956 4405 5804 517 3313 2171 4822 2256 2725 269 2611 2827 79 4837 2918 6592 1416 1219 6533 6098 1069 943 3785 593 6106 6277 3563 368 2839 967 448 4113 610 3437 4264 3592 4036 3466 6647 2837 2710 5539 1674 6773 2948 3939 3991 1221 5291 4838 754 4401 1592 4680 5794 292 2611 6222 4768 5445 2852 5445 2381
2762 2119 5127 4420 2276 3166 2436 973 2962 6639 6372 6006 1369 2143 2627 2471 2077 3462 5444 2147 5195 1854 3280 5608 3455 4550 4699 1595 5799 1642 0 6352 3050 5386 3591 2019 4517 6333 6754 4630 5861 4259 979 1997 5223 892 5703 5386 992 125 1469 2607 4629 5469 6473 5334 1438 101 2252 3627 1643 718 6005 1550 2846 5812 2412 2652 3066 4701 5725 5480 5571 4743 19 5165 6531 4544 2072 1914 6465 5768 4655 3213 364 2849 5900 3974 2822 1269 1763 6854 1071 6783 5722
2259 5448 4514 903 1888 709 3747 4229 5309 499 3020 3754 5091 5147 6300 1420 1683 2756 1894 6068 204 2113 718 4328 1600 630 4015 652 4555 5686 3993 0 2853 6240 810 2785 5189 6639 2659 1709 996 3843 4021 1438 4256 6362 3933 5885 2848 6044 201 4923 4987 281 3994 1952 552 6082 6752 4673 5940 2354 6417 6590 3800 2347 2788 3096 6272 937 5855 1164 2460 5748 6621 255 4810 5248 2394 6643 629 6636 6669 312 24 2941 5186 1795 1473 5740 975 803 288 2136 1656
1770 1888 2533 510 4010 4123 2315 4049 5024 5352 1921 1042 6521 3359 5809 4298 870 5065 1692 5937 377 5300 2828 3000 1323 1158 944 4058 3816 5234 4822 4862 0 973 3677 3115 971 6554 6386 3605 3565 5354 6148 1284 5672 5469 3975 5868 716 3779 4270 6733 308 2647 4214 546 1376 5019 4945 1744 2998 666 2240 4916 4338 2655 1865 1406 4166 5504 189 2317 2289 6658 2178 5494 1137 1193 4993 1587 4750 1666 4454 4690 1101 1931 323 6825 132 5187 996 497 9 6434 538
3636 854 6705 6222 2515 6174 2117 2149 1758 6927 3841 2195 2052 13 2163 3624 505 3681 4892 3522 4701 2522 6294 2936 1536 2021 5525 6497 5775 702 251 5078 4648 0 6815 1064 4704 2012 5703 1409 5229 1620 4881 3170 5370 4872 1023 3439 3314 635 5607 540 1023 4125 2899 131 3577 443 3170 6840 2835 1392 1036 4829 2518 1474 2125 5561 984 1416 566 6175 1690 4011 6565 142 3257 4811 4299 4706 3912 4711 631 1122 6329 612 4922 5856 5256 4423 3063 800 291 887 5595
3460 1586 2763 5453 1079 1723 246 5964 27 5767 5574 446 3115 3580 5909 4753 2648 5616 1843 1064 5948 5066 1145 565 1957 4448 5138 896 3744 4602 758 5106 1196 1627 0 5130 1062 1086 6561 5417 5422 6940 2617 4026 828 605 6919 983 6059 6232 4224 6890 2782 3548 3113 3390 6062 3732 472 4560 6215 3296 771 3747 3837 3915 5128 3371 3519 2105 6434 4931 4338 256 1928 3842 5302 6043 2540 4806 5888 3193 3682 664 3325 3358 3443 928 1935 2050 4372 6623 2710 2047 1365
2237 6350 2 2508 3846 2395 4550 193 5033 2133 912 5786 1202 2611 32 6556 4037 3528 6282 4967 1672 2024 799 4708 3331 5960 4320 1779 6823 1325 2616 2148 4346 3520 6648 0 411 3369 4789 1293 5660 2938 2763 1950 4475 5888 682 6488 4381 3159 4163 1574 5118 3009 4555 1806 4198 2312 6389 3370 1595 576 1731 1547 1142 6605 6012 3399 3106 5015 1832 6574 3777 3652 4445 2764 5540 2256 5868 670 352 482 6773 4079 2872 2124 608 4947 4726 309 5256 4161 3065 4543 4906
1314 2269 6292 5404 3395 4965 4723 4562 1906 5608 4598 213 4550 4695 1072 5420 1183 2150 3771 4047 5929 1046 2874 2814 5395 3256 6500 3863 5546 2308 6300 2848 7000 3036 97 4910 0 5781 3092 6831 2452 5708 5487 3367 4640 1375 799 2513 632 4587 5922 4505 1126 4255 6735 2527 6885 4178 2745 5794 1739 4142 4803 243 2042 4465 804 3572 810 4660 3470 3067 2295 6714 5102 4475 451 729 4923 858 1824 5930 6194 765 4397 5681 2700 2552 4570 415 3093 1738 4581 4747 87
6715 5073 4114 5916 1314 6842 4264 4371 3578 2587 1084 5260 3253 5335 3074 5830 4635 155 6400 1096 5132 3409 2730 4262 1585 2350 6128 4932 1982 6538 5772 6853 2378 1370 2302 185 782 0 6646 6876 6522 6385 4994 837 3038 6240 6021 4130 2951 1839 4507 631 4901 2511 579 6282 4600 3215 6455 5219 4079 1638 6274 559 2387 6114 766 2551 2794 6709 792 6739 1101 5152 4855 5706 4645 21 1511 5386 6240 214 2935 2736 3433 6283 2918 5976 543 182 5101 5960 6833 5453 5706
134 889 1668 3478 1322 6517 428 4089 5222 62 4233 3373 4677 4468 4878 60 2893 1665 2409 4334 1362 3105 2349 5488 4957 358 1378 929 5478 296 2796 5416 3912 5760 5147 378 6038 3980 0 1716 2647 153 4565 3553 3262 5558 6896 835 921 2051 5061 6988 4074 2776 3593 2346 1538 5695 352 135 3220 5819 5357 4632 3192 1026 1469 6938 102 4417 2389 417 4832 6123 4982 2745 6318 6177 3 3441 3282 4420 5509 931 2766 3763 1753 4042 1670 5783 4681 4457 6070 6552 1573
4569 1821 3660 1035 3948 6972 4093 3482 657 4488 2962 4154 1600 2189 3980 4904 2782 6638 109 2746 5448 2339 1480 4762 6914 2997 858 1767 4059 4569 5042 812 1932 978 3571 525 6868 2903 5659 0 5734 6687 851 5147 6964 2233 2287 1013 3816 1338 2327 5685 2761 2461 3648 5824 5504 5089 530 6864 3194 855 1996 1229 3844 3786 261 5289 5238 6579 6877 3272 2875 5465 1120 2075 4073 5820 2356 2634 5028 6601 540 5314 1017 5519 3920 1310 1074 1701 3532 6011 5982 4919 1874
2678 2159 3763 684 3113 6068 631 2802 4318 404 4102 3681 1592 724 1093 2738 4673 6815 2581 2343 6899 6489 484 5612 4388 5289 2974 4515 5490 2510 2704 2987 5197 1126 1537 2866 3718 356 3858 6467 0 3888 1952 2211 1917 3535 492 1350 3689 610 453 6532 486 6095 4301 1446 4189 1958 5217 1965 2792 2412 3359 1536 852 1268 2965 5736 2015 851 6053 2081 3357 5596 3565 410 576 3980 862 3895 3996 2531 4818 5526 1591 2770 5588 3534 1446 1148 2891 2154 5552 3546 1236
1121 5350 5123 3271 3058 3567 2626 6190 5633 737 1356 4440 439 529 3192 3846 3140 2015 439 2320 1315 5440 891 3499 6011 5002 958 4815 5816 5677 604 3903 837 4695 6777 3779 1360 5270 1771 6369 6255 0 6325 6576 4048 243 3488 1976 6549 2043 4511 1395 4315 2976 4224 5333 2814 4194 1973 4718 6995 6585 1510 3472 223 6504 2948 5539 4014 793 3911 2328 2315 2773 82 1436 4333 5668 1676 2673 2609 1829 3840 5863 5106 2599 6035 2874 2752 499 4771 2882 5583 5744 5092
2459 569 790 1610 4548 3176 4039 2447 3646 5258 5733 6347 1242 2194 6891 1565 1426 1649 513 5267 3215 6286 1076 5901 3893 6737 6232 4332 86 1318 603 3684 5253 4144 3192 4726 6293 1762 1554 1521 2474 5771 0 429 1518 4922 5066 1200 5042 2841 3123 1263 740 438 5215 2247 6574 6286 6370 2426 3297 762 6011 2075 1730 1611 361 310 6533 1687 2629 632 5237 1023 2480 87 6341 2657 4293 175 3526 1203 2139 5265 4549 2359 5410 3509 2321 983 5055 1552 3741 999 3547
2509 4384 2975 130 5976 393 5019 3995 4613 2352 6248 6244 6486 4470 5752 2955 1764 4776 664 1202 4968 3973 6992 4734 1907 4937 6881 4296 6797 3828 3662 287 6622 6652 6514 2815 2513 5697 5702 2006 2234 579 3262 0 4872 5833 4483 5447 3047 6809 6056 1373 6108 4379 4318 3965 5635 2081 5893 2163 4643 5319 1134 342 891 3783 1733 3753 2031 827 1276 1808 471 5213 4239 5685 2906 1774 3313 5851 2110 4511 2348 412 3781 3367 2132 3473 5787 459 5471 6179 3860 5501 4877
6685 4510 3327 1671 1301 2005 3517 6539 4337 3382 1474 3 1851 3366 1343 5698 5072 625 4236 207 739 2308 35 3477 2535 385 636 5744 6860 4056 2507 334 3409 1776 3925 145 2355 2111 3902 105 5422 2773 3581 2029 0 2252 356 1546 5873 4172 1197 4795 6717 6555 5049 6559 3015 2857 6318 2739 4597 2559 4182 2165 1565 5829 6254 6278 5594 2553 5026 661 916 4148 1638 1753 4465 6445 2213 4207 1550 6930 1461 2869 6464 6547 2074 5709 6971 1769 6050 926 1914 5274 3091
4108 2485 6411 5581 6974 5260 3363 2925 2124 3594 6549 3430 4511 4981 1110 3762 4079 328 4611 831 2550 454 934 412 2643 401 1708 1034 5085 6583 5171 6410 4333 5443 2796 2536 5448 3483 6662 387 982 696 4485 6865 3841 0 2193 1942 1235 840 4125 6155 2882 1509 6555 3590 5977 6141 3424 333 549 108 5341 6180 5522 2653 4110 4866 3783 561 4022 6917 1545 1951 5492 991 4146 2697 1519 1144 361 5764 505 1991 5253 4694 6065 2730 22 1854 2557 20 6405 4965 5773
592 1489 5066 4747 1824 3995 6343 3150 6014 3669 3317 1989 1384 71 2446 3506 5658 1596 4570 1499 6696 3421 1397 6829 4257 1786 4306 6611 3810 5185 142 4425 5073 6295 244 4027 3299 2412 6138 6424 5747 3609 2712 6673 67 3615 0 3231 4860 2418 1845 6464 3174 5801 4244 5338 6236 3565 3321 5037 604 3958 3604 589 5980 2290 3912 1237 4242 3585 3383 4072 5321 6762 3852 692 1203 3290 2304 2631 6897 1453 920 5563 299 2292 3481 4710 4179 4452 5033 6472 4130 1094 4831
6716 2678 813 1638 6850 2355 4197 951 5650 225 2607 3280 1852 4860 3326 1434 5685 5001 3754 1445 767 206 4994 5464 3594 276 781 6867 469 2973 4769 4970 6003 6414 931 6452 2607 1988 4931 6238 3311 5562 946 4070 1753 3600 4591 0 3772 3039 5452 4020 3418 3247 6506 2649 2847 5514 5918 471 6034 4908 6765 3082 474 6918 2048 3482 4006 2939 4366 6315 507 4767 5675 684 5584 4777 2574 5134 4613 5141 1728 1530 6458 1996 6142 1300 283 5867 2362 2955 2990 3539 1051
6062 4073 1220 6086 3955 6239 2800 3880 6540 5816 4442 1640 5126 4031 4786 3363 5050 3636 3175 516 3718 4841 5607 6694 2181 6352 6685 1351 6211 3653 473 142 4814 5044 4668 1368 5921 826 2890 6302 4937 1885 6233 2914 5041 3288 2464 6524 0 4839 2647 6474 1060 3274 4003 2980 5425 4 5344 2024 1150 3347 6080 290 1792 6728 4009 5218 4433 3201 5280 6140 6245 6046 4021 2669 819 6468 1908 6815 4179 266 2459 3412 1299 6534 5064 4875 6102 1270 2125 3203 3421 2128 6747
1976 5389 5026 5612 3289 6875 5881 2326 1532 4940 6742 2174 3862 4239 4985 5156 4656 6860 2537 3798 739 3287 5243 2345 6795 901 4674 133 1174 4219 1551 3615 5800 1773 5229 5393 4671 5541 2689 3104 6090 3928 2895 1334 6606 3202 5515 5200 3966 0 1926 2421 1945 1378 4497 6662 1136 3795 1823 1155 6961 1540 526 6834 4296 4692 5191 6802 4067 6567 5933 4157 1016 6493 2962 6825 5681 5309 4083 4565 1482 3652 1779 805 1917 5941 3360 4323 6704 3939 5636 312 2157 6475 1664
2755 2266 1889 6376 6774 6994 5534 4381 3788 3852 6596 4752 6004 574 5849 4241 6572 3835 1656 2248 1043 67 177 5751 5987 3140 5482 3512 5783 675 147 2028 954 642 6316 5722 5330 2094 6851 305 4972 6421 3344 6068 2502 4615 5968 125 5763 1674 0 327 4208 5649 4426 4528 2000 5185 54 5200 901 281 6611 4730 2444 164 242 6035 975 6618 5656 108 1854 5253 4621 6280 4212 460 3281 2517 5651 303 3419 917 391 3167 4012 949 3609 3689 4436 6426 3674 2875 3767
4144 807 1430 1383 3921 4896 1631 1781 2343 1008 3325 2559 6122 5100 3746 5836 459 6230 3210 3678 2680 5395 156 2202 4148 3741 638 1518 6492 3037 1731 5320 3222 173 5538 1473 5081 3671 5464 5811 565 3895 630 3590 3531 506 1646 5143 952 2675 2233 0 6822 6432 2596 1249 2458 1039 1213 6722 1771 4322 3330 4181 6214 4452 5959 3354 6623 4252 6655 770 1308 1781 3907 4090 1894 5635 847 4502 1904 2758 18 3780 3037 2801 6811 1794 3653 5634 5044 2136 2862 4883 5950
344 1329 6333 5425 5410 1084 1493 5455 1019 1776 5892 2588 2745 2474 6449 3384 205 4912 2154 6900 6202 2486 1089 1529 3940 2029 3196 6372 462 5325 6865 872 6883 6339 4298 38 6767 6753 5810 5623 1542 275 963 2792 6411 607 4423 3062 1862 3100 1089 6024 0 4747 1668 5537 1157 392 1851 2720 2983 5572 6403 2769 729 909 3809 6381 4081 5810 3164 3155 6562 3725 1497 3005 1953 5260 5229 3504 1004 6250 4130 4890 11 5516 4840 2884 5361 3524 2905 6343 6269 5840 6367
1422 4569 5145 2022 4490 3337 1708 1608 142 21 4436 718 5769 6845 5009 313 1194 4 699 3681 2125 925 5015 5818 3603 1483 4753 6192 1229 745 139 998 5501 1796 5367 4012 6667 1000 1178 2069 6366 5908 3298 2725 3889 4898 1653 4164 4993 1336 6149 6121 701 0 6605 6457 6686 4173 4961 4542 5692 3224 172 2039 5672 6737 4334 5467 1403 4652 5411 922 1002 2459 1801 5591 2640 4580 830 1465 6265 3649 4454 6056 654 4323 6166 5976 4971 6478 6179 3206 5778 2400 5736
4945 2807 4638 3564 461 1458 3283 160 5858 2379 827 4816 1093 5917 5934 2575 2893 4702 1774 5408 187 5547 543 6595 6955 2670 1937 5622 325 2988 2943 592 1924 1383 2068 6665 275 3275 716 1467 3642 709 3661 535 5839 6073 6470 2540 5831 4973 6857 6278 6311 5165 0 3812 5044 1139 6865 4433 5747 4860 6331 5826 3131 6340 5693 697 556 534 149 4923 335 605 4640 5706 6908 5534 1937 718 5350 2748 2722 4187 762 2824 5493 3499 6754 5779 5350 3090 2479 4876 2433
6484 3549 5173 316 3071 5610 1968 6556 6502 2066 770 6406 3054 4599 6020 6423 6198 4880 5552 5833 159 4502 5464 446 4693 269 2863 3996 2544 1649 1863 5973 2898 3138 6798 1450 5220 541 1644 1914 3376 957 4010 3765 3902 1038 4818 4134 2256 2958 5288 2365 4486 4980 1182 0 1230 5978 1147 3122 6767 5572 1835 3754 2961 5875 4408 6347 4121 1674 6468 345 6413 4322 2883 5097 3934 6795 582 6471 1023 6224 6762 12 2114 3680 2209 1854 4067 6286 2490 4243 5945 905 3998
3310 6264 2615 5325 455 5920 2491 3745 3907 2976 5962 1116 5670 410 1970 928 766 4712 3602 951 6184 2055 2314 5392 3508 4279 3370 2974 6409 614 1651 1230 2619 6506 1731 1672 5164 1077 281 3081 4936 2610 5086 2908 262 4776 5922 5532 386 155 6623 6155 3068 4916 739 5314 0 6584 1823 969 5780 3214 2324 4794 1551 2081 1864 366 5905 771 4013 1302 6364 5616 4474 1574 1272 434 744 3540 763 3990 1737 3959 2887 6153 5781 276 2975 2397 834 4156 4556 6557 5491
5902 3921 5199 4951 5040 4803 3930 6939 6718 2338 2859 6945 5021 5338 4527 5584 5778 2328 2023 4559 6255 666 6978 5490 6946 4888 2663 2794 5082 3663 4661 2605 5818 101 2871 781 2115 5400 436 6631 4191 2137 4200 4812 6629 4179 279 225 2130 148 1077 3114 3114 824 2596 5198 3381 0 4686 3160 2492 6440 5636 2159 3391 2066 1089 931 6888 4055 1076 707 5279 5882 3132 2946 3558 4113 5327 786 1499 6564 579 1376 2143 4118 6224 5136 6085 4722 6636 5619 3856 4271 1290
5818 5574 4485 4339 2362 2844 4660 239 4090 2532 6594 5101 4104 2706 4711 4994 2568 5091 6551 3123 6023 2558 2258 4913 3507 1655 6415 4310 660 2155 6122 4076 3324 3302 3194 5523 1952 2109 6304 3445 2020 4055 2540 775 1671 1023 4213 5241 167 869 4094 5987 1498 6957 6060 1310 2095 6802 0 4178 2174 2784 5017 3418 1726 2166 4471 6121 4166 394 154 5623 6018 4548 2935 6366 664 5677 3174 183 1868 1695 3027 3893 5040 5261 4985 6229 6245 1898 789 1905 5720 3835 4275
2481 6354 2640 1060 2300 1948 6145 1210 57 2821 1045 5206 6163 5446 6129 1756 3516 4338 1596 2404 5582 6589 5063 1327 2377 6483 25 5117 3458 2711 4644 1956 2523 3038 3578 2408 4987 6069 4117 5284 3057 4299 6444 3682 1465 1704 1858 578 6780 138 1335 3675 2801 2431 5940 6427 5274 1887 5360 0 490 5499 6470 599 1213 3522 5884 1161 3775 4117 726 3169 3964 3046 4636 3585 140 2201 4926 2743 1381 4049 2483 3779 2022 1273 4313 6618 842 4464 3079 4756 6981 3872 6571
4850 5235 2772 4697 6878 1797 5549 4547 6689 3181 4398 4162 6495 3742 6969 5310 5053 5450 266 268 1566 6016 2171 5727 4956 1257 2918 6880 930 6312 6371 1322 4762 3784 1569 6066 1058 5787 3686 1157 1284 2875 471 3380 2838 4269 354 3137 3182 6938 3309 5874 1746 4364 5824 582 661 4361 1918 1689 0 4784 4758 3547 2962 1866 6641 5770 2497 1104 1594 1395 6400 3198 1709 4298 6430 2022 5451 4942 4228 1493 595 4791 4241 4109 327 968 2676 3220 1545 3006 6003 4490 1221
5204 5461 6340 4017 2758 6800 5915 6411 3305 4724 624 1535 3355 3946 5296 6359 5271 186 6882 5147 6689 4477 3025 6500 5344 1802 1991 6881 1816 4385 5032 4046 6109 2151 250 201 582 2557 2096 5339 5896 3665 4632 4780 3800 6327 474 2019 5404 1625 2706 6794 2825 3329 5080 5953 4515 5696 5660 3373 1261 0 4248 6136 3648 181 433 6665 3846 4289 305 2864 1969 109 6028 985 4003 5394 5772 3957 4699 5714 6862 1347 534 4303 3734 6660 5402 5746 2300 3262 4294 262 4896
3701 6333 6348 6417 6022 2974 4846 4624 4544 946 5399 495 6092 27 5790 404 6088 1142 1980 4890 181 3904 6092 6371 1266 4424 4071 6735 4878 5282 6872 5575 3937 473 103 4474 5119 2542 1347 1964 70 3004 6336 3599 2309 4105 769 3612 4396 6184 3431 718 2866 1450 5185 2774 4544 2832 6012 4175 1030 5798 0 2531 610 2910 2038 4695 3148 5469 6453 998 3549 2580 2131 2320 301 818 4155 5069 6933 3934 6375 2737 495 170 3390 3325 121 5901 3872 3392 1280 4477 1866
4950 108 4667 6089 6240 2263 3588 1404 6197 2723 4963 5149 1920 1253 1093 6376 5676 3652 2600 980 4989 5466 5909 1895 5915 3892 307 6664 3880 2895 3243 854 1253 5257 1422 3556 6926 6121 2603 6103 5053 2897 920 1060 1493 6073 1255 1082 955 5272 5399 5401 685 869 1259 4714 4901 5281 909 722 6202 592 2091 0 974 1944 1124 4003 6120 790 485 513 4526 2551 6074 5500 5405 2354 5601 6169 1971 182 664 6331 100 5635 4486 6689 1140 3629 2723 1889 3807 2714 4525
6438 1608 5706 5704 4801 3740 2892 948 703 4690 6393 407 3940 1706 4966 6649 3687 1606 2932 3255 2715 125 4297 4617 1562 1720 5741 869 5634 1027 5171 736 4937 1028 1801 1066 2846 2846 5492 1194 4361 5205 3181 601 1767 6603 6175 1925 1160 2990 173 1177 4124 2930 6875 4746 6823 3916 2917 6329 6542 2735 5433 2266 0 227 507 5531 5131 2126 5943 6001 2934 249 2312 6670 5805 5349 2277 2627 5263 1287 5153 3805 6107 3994 6694 1434 1980 6815 2212 6159 3652 6055 3726
3166 4947 6033 3935 701 1004 6467 1737 4657 330 6362 1531 6285 2044 5047 3996 5314 6547 1728 4174 5167 3491 2926 3735 688 4579 6374 5215 5417 4100 5269 2645 6948 2253 4790 1753 2547 5830 3601 3843 4630 3544 2240 2344 6879 916 827 5714 3491 2044 1089 101 4653 789 5233 2876 1471 451 5823 6911 2250 2387 6981 6528 2393 0 974 1425 2711 5712 4208 2245 523 6907 172 2883 187 4295 5854 4307 3133 6159 6781 5290 2390 6558 6064 1859 5252 5493 1863 5270 6427 3325 3202
2038 1997 6995 6551 1665 445 3630 2667 6320 354 2274 6144 607 3110 3589 5647 5351 5394 1294 3768 3755 859 5200 75 4736 3615 2589 3765 6800 4985 3484 594 2967 6636 6655 5726 378 1197 3857 3558 2786 1583 2051 261 6563 4847 2918 258 1238 5071 6214 4223 3004 6617 6344 2493 965 2648 6348 3241 705 4898 2741 4809 4620 1622 0 1684 3993 1164 4099 6916 6945 4434 3229 471 6023 1546 1820 3383 2254 4880 5920 2502 2878 4114 6165 5051 6313 1649 1410 918 6109 6590 965
214 1717 2275 3184 4525 1084 3820 2723 2054 1830 6545 4336 5447 6973 1212 1562 909 5560 6492 2906 5850 465 3531 5220 162 1668 867 1019 2638 3834 5124 2372 4479 5593 2724 5273 2198 3389 2248 3272 6488 1439 6945 1400 1453 1947 5306 1301 5541 1719 389 2221 1344 4152 5175 1758 1950 3749 6285 4815 3154 5169 4232 1118 5439 2573 475 0 1566 4343 387 6247 638 2313 6429 2991 6523 2114 3302 589 426 5568 4409 6486 5126 1 4818 324 2294 1659 4994 4421 6809 5134 6337
3637 5178 648 2751 2391 1746 3364 1977 3260 5657 2166 1899 3680 6172 3177 3289 409 103 1210 158 5443 1965 4242 1765 3993 5672 3998 965 6204 953 1026 3289 1324 6504 2314 4531 3114 6940 4034 4163 3113 5078 2674 3567 4567 4392 447 355 4661 4271 1681 3938 5885 6464 929 1875 2902 3719 4721 839 4433 3194 326 5557 5642 1813 3828 373 0 4394 2985 1349 1284 3304 5558 4072 5562 1873 281 4004 4679 6478 1149 2956 5494 1020 6756 2353 3724 6582 321 1460 3614 3019 5906
2035 2764 52 2016 5245 2919 4496 3511 269 1822 5254 3210 6470 3255 5137 730 6621 2332 2936 2354 2441 972 4331 5493 2387 1482 1460 184 110 755 6633 3672 944 1048 6115 2127 2748 6264 6926 4913 5501 4584 4049 1451 2993 6599 5491 5404 1352 4707 2840 1820 6426 1213 6501 889 1040 741 3102 3027 1655 3365 4051 527 2647 1916 2227 6072 3974 0 6053 2016 180 1403 2313 4394 5958 6199 4575 2524 5011 4521 6729 4150 6690 6876 6283 6339 1857 2047 3984 1546 4899 2223 3708
3360 2318 1178 3136 3168 3887 5206 3246 4175 4754 3941 242 3530 4992 5915 6104 1502 6818 2161 585 5732 1911 5829 1441 5829 6683 6220 3881 2269 2840 766 5642 5734 4170 2102 5136 3963 5693 5583 512 189 1600 4303 4820 4015 6499 290 1043 6035 5215 2566 672 4422 5132 3193 4395 4939 380 517 3866 6170 2922 6250 4752 1659 1600 3492 4708 5345 2852 0 4993 430 3245 5398 3717 4537 3587 4205 3807 1232 4201 6776 1002 4715 6871 6241 2367 2997 1606 2281 393 2915 3426 3934
4763 4307 5113 634 6887 4487 3500 4627 5937 2709 4925 213 630 5101 4867 3552 2117 5035 6552 1273 2029 584 4750 1255 4395 4923 2162 6260 607 2940 5721 5632 4817 2273 6867 6503 5069 4322 5196 4811 2298 2846 334 3307 1309 388 3521 5830 1615 4494 3618 6920 4091 4922 1081 6092 5770 5894 1406 2594 5914 5739 6330 1433 4475 2303 4826 4332 5883 3473 533 0 1660 1569 921 4524 2999 1756 6556 2240 5908 2685 906 4436 3860 4590 130 2130 546 199 1856 4593 2282 835 2439
6441 2687 2189 1323 2168 4254 228 3825 1723 6194 2422 4543 1640 6683 6146 6822 1936 6396 5747 5604 6569 2487 3276 4695 5423 2247 3703 1490 3635 342 2068 130 641 884 3659 324 370 6418 1957 5833 4182 4781 3013 5852 5373 6260 4025 2522 459 3576 5078 228 6486 5666 6935 270 2960 1295 1161 1832 929 1788 1337 5744 6507 2376 3582 1990 2840 6082 6870 5704 0 249 3018 4232 5849 4609 5731 5125 4225 265 587 4282 5924 3689 1390 3162 3692 6604 6374 2350 3324 6798 560
1155 5418 3104 583 3009 1832 5384 5658 5566 1257 3140 6474 5501 5594 6009 5170 3907 5036 4397 5035 5333 2227 3080 3192 1801 3360 2594 3673 6438 6027 135 2789 1367 1503 4050 1839 3833 4631 5569 4203 5026 1184 5022 6398 5968 2905 2817 1087 3349 3254 1731 4652 6948 6574 1512 1419 480 2183 3983 3084 6786 6150 3262 436 3254 6197 2506 2330 428 6459 2269 1962 3472 0 5047 286 1565 1558 3758 6525 4426 2884 4778 4832 2838 5788 1870 389 2295 1129 5371 3341 4112 2552 6376
84 3247 1066 4044 2164 5361 603 1546 3590 5705 4021 6503 6575 4072 3445 2101 6815 1319 274 6267 6900 2676 3517 547 311 1394 6337 4633 615 5658 5314 4793 6192 2152 5975 4352 1222 3211 1488 891 1924 4040 5146 1818 1839 4552 6634 5352 1721 5019 906 823 946 5641 2361 1711 5187 6608 5082 4488 2576 1482 1622 3930 2336 6958 5411 1895 4907 2522 1570 6281 665 2953 0 2203 5936 2043 5366 6150 3684 4658 87 690 3897 3127 1477 4117 1576 5421 19 6435 413 2518 2833
88 3687 2596 6354 6464 5190 3615 350 5106 4314 1463 850 5374 1589 2425 6296 2264 1641 3607 4645 5517 2140 2522 6921 5588 4150 76 4963 1589 4297 3117 1456 1375 4702 276 5124 2453 3253 4703 4949 6330 284 941 346 1865 4510 4298 6886 2754 895 4375 6149 1075 4469 2516 1692 2395 6974 197 696 439 6578 2919 5146 6771 554 4494 6459 4769 5487 4104 6815 3504 2534 4675 0 4831 4504 5252 1739 6581 2180 2931 5929 1195 3249 1818 1469 4925 3966 953 6526 865 3075 4474
2054 5547 2143 3052 6264 3278 6271 6866 2594 1702 3743 5729 3477 5886 4747 6632 4824 2792 2715 6810 2977 362 3733 1853 6605 6152 292 708 3948 5919 4699 1300 1842 789 1127 3737 3812 2638 1215 1055 3214 1979 4783 805 3877 6406 4072 2789 6661 3492 6363 2342 1678 5428 6411 1891 6975 2091 478 1447 5948 6236 3548 5040 5914 678 127 6035 6786 6120 4550 5417 229 997 4004 5723 0 1341 767 5526 4956 2167 4520 2310 3102 6496 432 4075 1511 2755 1938 5393 2393 593 5041
6539 6534 6969 2768 5218 3461 2933 4653 763 1820 5563 1899 3267 6314 5686 4224 1858 3901 3 112 523 3036 3924 4988 3923 124 1157 4416 6004 3138 4317 2184 184 3232 48 2083 213 1711 1574 1219 2254 2584 1307 24 1837 4482 1649 3476 6377 2496 4322 675 4253 6061 4803 1386 1513 6216 2684 2955 1060 1910 1364 5594 2250 5797 4363 1236 4306 3427 5966 5626 1976 5393 4569 1584 4169 0 3354 4689 1386 1610 4956 2788 6077 2590 6200 2947 4902 154 200 182 2684 3022 3015
4638 5747 6843 76 2987 6913 1426 552 2140 3955 4264 4820 598 6788 3209 2150 4017 1082 896 6707 3220 4060 163 5476 5919 2395 2616 6667 2680 384 922 313 6090 3813 6879 3857 625 5899 5621 4559 334 4339 159 3338 2498 4437 6590 579 4553 6446 6822 6801 1373 940 1967 2744 4882 723 5140 4039 4130 2418 1429 4815 86 6691 1045 6574 6982 2430 3611 504 6877 2193 3962 6135 662 6672 0 3480 6935 4180 2325 3815 384 174 6077 2675 3002 1596 2397 999 1797 126 2458
6793 904 3778 1111 683 6622 6019 4704 2874 2528 1803 3945 1597 654 128 4599 2655 6788 3638 4533 2047 5978 1839 1427 118 5168 3674 3394 6403 6700 2034 1731 1180 6778 3842 4402 4888 5519 235 5591 5091 1783 5028 915 3296 2679 5426 3142 4169 926 2656 6252 87 2486 1952 4971 743 2991 2793 6086 1483 6903 3486 4312 5367 5440 3266 4017 4882 4001 5409 3708 6157 4186 5831 2240 6444 697 250 0 5759 4060 5782 276 1729 1008 147 1575 481 1956 4238 5888 4459 3221 5914
2125 5693 2822 4497 5963 531 4 4007 2714 5742 4494 4030 1110 5090 4900 3466 3369 6619 3520 2171 2642 2722 2165 3826 4954 1221 152 6983 2636 203 5558 6278 3147 1766 5620 2440 804 6533 6555 4787 757 1692 3753 3153 6915 45 591 2855 1969 4222 136 2025 3301 2639 960 5149 3262 3760 3296 6279 4872 4949 5230 6464 6473 6790 233 2841 3645 2846 676 1738 2892 874 5021 6183 2146 4972 229 4014 0 7000 3543 3976 4265 1619 2065 5997 5005 5867 4398 240 3654 5220 2161
1086 101 4603 2972 3545 3734 5835 3991 4032 1056 2196 1367 1769 470 4121 2913 3771 5838 3331 5890 3224 5357 3351 3791 6798 2460 3999 1660 2663 1575 1535 421 4328 2257 4987 4400 6220 1057 2010 62 4163 4813 1991 6642 805 6621 1187 2125 115 4248 4555 5663 3886 4320 6265 6766 5203 3486 317 1382 1448 2738 5434 4636 1728 6056 2167 5434 4792 1580 998 5194 1952 5862 4542 2275 3594 128 4075 3122 1994 0 6643 56 3316 2443 2547 2308 6143 1907 5549 3415 3413 2567 6093
6778 5120 1999 893 1875 6907 6719 1458 2612 3524 4559 5355 1271 6114 4525 3179 4999 882 7000 1227 1790 5836 5494 2437 1547 4771 6373 3282 3392 3096 414 4981 2235 2308 982 4247 3266 2517 3464 5597 5606 6702 5267 1330 6675 6189 2673 476 460 1100 1079 4433 5361 1674 6891 4694 2709 3463 4465 2075 2820 3153 4554 6937 3630 5596 104 4461 3306 6151 4754 388 1779 3451 1866 1222 226 153 1666 1856 2044 5855 0 3309 559 1975 5720 2375 1607 4833 6247 1543 2448 5373 5144
2387 1052 3585 3543 1662 5712 3724 3558 3794 3177 4829 500 6423 559 864 1996 1822 516 6206 1437 3431 672 101 3973 5130 4788 5064 6466 4412 6083 4768 4176 3082 3137 2309 6941 6930 4945 6270 5349 1611 1240 68 1272 1638 6830 3233 5593 1154 885 1950 5216 709 6409 5157 4869 5994 1754 540 497 168 304 156 6365 376 4648 1649 2732 3812 5826 751 5115 753 1472 1360 195 3244 1516 4201 2837 4797 5270 5308 0 4110 646 2390 1883 1197 6853 2817 1256 985 6659 2249
6429 1880 4149 2437 6119 3348 4451 2389 4812 3182 3309 6680 2326 1926 1599 187 2134 4380 3381 103 5130 3596 3581 2249 3882 1930 1333 861 5702 4377 1951 6477 2149 4766 4124 2808 2894 3019 3471 6154 4860 6056 5247 2405 2270 3317 1429 4704 3124 3150 5059 3114 916 5429 5118 4154 2995 1474 3825 1405 4584 6760 1996 5358 5761 1279 3852 4457 3490 5596 6819 314 6364 8 307 1103 1986 1834 324 1838 3111 3261 1049 6827 0 1832 2586 4274 2434 1937 6322 1641 2115 2291 6237
6474 6575 2526 360 6923 5795 3398 1344 2698 3720 284 6923 1093 4582 1157 65 5827 533 1310 1586 2446 4370 3782 934 3176 5942 5540 2420 4723 2914 3542 4862 4836 6502 1934 511 4973 3456 5621 3777 2242 808 3571 3362 2390 5079 1687 2646 6355 4515 3463 398 5424 1577 3101 3187 5530 3397 5084 2932 1681 756 2144 1724 1787 749 5246 4949 828 4119 4274 873 2587 3587 1453 1109 6630 507 5418 5750 5800 592 5340 349 3993 0 1023 2995 206 5418 5325 1966 1619 3290 1983
859 6999 23 269 4566 5799 2685 1988 6545 1053 1131 4437 2376 710 6108 6613 2547 4986 1456 5272 4343 3253 5078 6590 2937 4388 3489 4598 4815 5602 2441 1920 6113 4977 942 3313 5454 2812 5592 2427 1263 5513 5161 4551 972 4979 6127 6919 4958 1902 5405 4470 5993 4138 4408 1177 3254 1508 4634 1113 970 4431 3269 715 6486 6457 5581 1880 6402 4886 5111 2078 5413 3236 1004 6625 1109 3684 6195 5675 6211 5287 2714 6905 1953 765 0 973 1391 1800 3606 4158 362 5381 1154
646 3202 616 362 4705 554 517 6043 1783 5223 6809 3866 3983 6494 1553 5244 6963 6475 2652 1375 2496 381 894 6895 3181 3696 777 4510 2114 735 2291 6336 5154 171 5684 2570 5703 698 3658 6065 3183 233 2599 5079 4430 1811 5318 233 2269 4978 409 6307 5935 2098 4248 4662 2850 1905 870 1952 994 6653 6032 5733 2934 5804 3211 1123 2966 5616 108 5635 1802 942 441 2983 1898 2892 4817 1602 1415 4231 6133 2320 5727 4800 6089 0 759 4 3872 3140 5681 3665 1248
5989 5773 4602 1159 83 3518 6845 6981 6523 4876 4898 3974 211 4596 4039 3379 4091 5439 1018 2157 4104 6302 1777 628 3159 1030 1806 2728 2475 5454 4210 1792 2781 6793 56 4671 2083 734 3409 1505 1460 1803 1519 3884 130 2032 945 5259 6363 95 879 2055 4396 4067 3972 1842 11 4492 4632 920 4320 642 4934 58 4117 6331 4199 913 6058 5769 2272 906 3685 4542 901 2820 1929 3740 2398 4404 3609 3049 2735 255 1615 951 1009 1889 0 6931 5931 901 6866 3745 469
144 759 725 2641 4402 899 330 4453 427 5450 788 4806 2512 4340 5599 112 1015 2963 3016 3620 2189 6665 4392 2596 1342 4587 5108 5870 3720 2551 489 4892 4375 2423 4299 5562 5099 4764 6699 3776 1842 5242 6384 1462 87 6415 6119 4370 4985 5484 3889 6621 5535 1084 2757 3788 4131 6368 2587 3683 4213 2689 4917 1868 4644 1326 2262 6133 6331 3939 1586 1108 5848 3652 4430 709 2276 2244 4884 1947 1520 4616 6956 2404 3890 3497 4210 4240 1607 0 6386 3887 5043 862 6636
6136 551 4555 5496 1235 1774 1934 6420 469 4092 5237 2948 5783 1576 6384 294 2611 389 4028 1918 1619 668 2689 1307 994 1368 6038 3091 612 1153 3159 895 1981 2769 5019 4018 6550 302 5413 4521 6769 5600 6362 6322 2412 4873 3542 3679 4354 1346 761 5471 5961 2040 3543 2020 6434 144 5900 5551 5933 2788 2354 1064 5224 6345 3660 3754 4687 6569 2834 6891 2702 5336 2778 5428 2824 4089 2258 5962 5336 261 6597 2001 2883 6018 2103 1418 3877 3592 0 3630 1411 4812 5169
4968 390 2977 2703 3900 3170 3679 3835 1886 382 826 2519 1178 1397 6605 3367 3262 4850 6358 3471 4608 940 4705 4976 1013 6020 3962 6961 625 2901 5719 6800 319 6190 5404 6913 2385 1986 4174 4402 1425 4782 800 665 175 5887 1845 902 3158 4090 2122 818 404 5892 1194 1919 3915 4343 5856 4124 6037 3912 6895 2388 1873 2558 5724 6754 5670 564 3710 5473 6294 500 338 98 3185 5423 567 6718 5491 2039 4176 4039 6466 663 716 6417 4908 30 3779 0 6892 4524 1118
3293 4398 4767 3969 4181 5049 274 4888 2674 1028 1798 2537 1376 4643 6472 1925 6416 2651 1405 5236 1789 1777 2199 5512 5479 4526 966 245 108 6610 2938 5193 4084 2926 3626 1084 3648 6401 2188 99 5535 4220 4782 2539 4786 5580 4926 3122 916 3745 2254 5099 6346 5588 6555 5530 2558 3754 1152 2766 6830 2709 3630 138 2781 5874 2924 2973 3737 6237 3459 6961 1818 6494 3000 4532 4717 4227 4374 4544 6871 2893 5730 1651 2390 5804 3804 3983 2086 6186 6705 5525 0 587 6106
5287 6659 4323 1141 6069 2690 1521 6096 4258 5942 4026 989 699 633 4823 8 717 989 6419 5767 5605 4664 956 3290 2164 2089 5255 1778 4345 222 6809 6823 945 145 1637 5872 2471 196 5293 1101 1793 2183 3578 3347 352 5308 5579 3974 6009 5622 4452 2832 3196 3890 4424 517 2389 1900 4288 3259 4814 4471 1993 2033 4531 2283 4188 1294 6193 3559 3483 3525 219 4428 644 3965 2809 5142 5709 3006 3015 5886 4399 6103 4021 1625 6085 5052 6863 281 1473 5257 1003 0 4113
1221 5181 643 5560 514 5890 5010 3641 1158 2332 5382 3899 2144 6168 5357 612 6459 3625 6626 1613 6347 3289 617 1572 6842 4012 5407 2562 5105 472 2974 636 5855 1872 5851 6904 6892 3805 3374 4485 6054 6587 5095 5509 1631 6914 1366 2718 2590 3499 1236 1200 4838 3625 3053 4276 6310 3423 890 4761 3578 5235 3322 4329 1761 2973 4852 6209 38 558 4310 2812 4732 1358 1433 2003 2378 5158 6277 2451 6819 4492 6378 3598 1453 5867 4165 6299 5139 425 3809 2990 567 2971 0
