61
5 21 50 32 71 41 93 83 25 65 0 93 3 9 85 6 5 25 2 9 82 98 100 97 31 81 11 76 15 91 89 86 66 1 22 58 96 2 36 81 16 88 46 87 2 9 89 100 21 4 69 5 21 27 21 41 2 75 82 86 2
69 83 50 28 7 41 61 5 84 6 72 2 26 78 71 47 77 84 53 62 82 17 29 20 98 21 77 93 88 83 6 16 66 76 87 6 6 69 95 12 89 21 46 11 54 9 10 41 84 73 0 72 91 72 95 5 58 4 0 4 72
0 1852 1935 708 1326 476 1284 2884 901 383 2768 312 2950 932 1491 460 56 0 29 861 783 2603 2308 2558 666 351 2863 543 1446 1684 1788 2713 1373 1173 2613 732 111 1480 2176 2991 2711 1591 2167 1745 2043 1102 412 1408 1431 2362 2382 930 1931 1853 1729 1784 1374 87 823 228 50
2812 0 453 1951 48 2848 2152 2866 230 85 184 2163 2429 1291 2120 2292 821 2494 383 1943 127 2071 1951 1188 1383 2498 437 1271 1891 555 1773 24 96 1936 24 919 978 51 2025 2417 387 1539 2629 2294 1768 958 777 1384 2402 1594 2488 180 1932 2626 1336 2706 2756 2372 1420 2543 231
691 1786 0 1251 764 363 771 1312 1474 331 1798 215 1274 335 1042 2694 2965 2781 888 1559 1752 1069 1235 1431 949 1958 2709 1088 2859 2278 1192 2366 2369 1688 1362 2979 2213 927 1512 1081 2842 1947 1582 1446 1624 279 182 2556 775 1975 765 883 1677 1901 487 1503 214 2927 337 2150 2235
2189 2255 1517 0 1114 398 1897 63 1817 2896 497 207 281 1966 1450 16 185 1861 1775 121 2139 2426 1479 582 2314 1511 1295 1991 1105 2701 371 2685 2923 1997 1828 1002 1422 249 813 402 2977 1433 1045 2421 2731 978 929 2763 2098 1207 2327 2916 413 2481 15 2466 2905 441 1994 337 322
2149 580 438 2147 0 169 1164 1880 1754 2591 1505 1954 2454 229 454 899 1738 2741 1779 1167 175 1073 1914 1944 872 43 2314 1463 2476 1535 1942 1662 1835 2800 101 555 2019 416 2664 1030 593 53 2045 283 1916 2987 2741 1558 2771 2795 2434 1702 2678 2504 625 1749 195 480 1037 646 2522
1932 2891 779 308 2935 0 1477 2702 299 2269 411 2580 2733 2387 1303 226 2052 2202 856 2611 1899 2781 2909 1263 1756 601 2551 1458 1382 2926 1013 530 2587 2581 1069 2376 627 1061 641 975 240 1046 1472 2770 365 2349 93 1215 1325 2964 959 2871 1950 561 1196 2069 2325 207 2376 2485 1064
311 1169 1288 2866 807 2468 0 2721 2713 1509 2083 1127 2064 136 2874 2493 2654 2315 1487 2041 1865 362 682 1912 1517 2462 2694 2657 1647 887 513 1050 1484 78 1602 339 2755 366 947 432 2588 1428 2449 2002 671 1091 1670 2698 2378 1802 1030 2012 2457 2673 1386 1162 1287 2469 1830 910 1898
2314 1966 1168 1339 2635 572 2591 0 938 2333 906 2905 1841 742 282 1320 2710 42 1074 2880 654 1469 1396 1926 663 1275 1846 1005 1886 1049 2509 30 2783 2563 2272 1909 2094 553 2513 1423 1645 84 4 1247 2055 2418 2132 2923 1320 2280 105 2115 94 527 409 2447 211 389 524 1574 1371
1892 79 2666 1530 441 928 323 1956 0 2718 2579 594 1091 1078 788 1229 1080 1167 314 642 2319 654 1163 195 570 2365 120 1315 1510 1828 792 2024 2591 179 2887 533 348 2676 2305 2213 1268 2369 1839 214 840 156 2132 2668 791 416 1475 548 623 670 1435 829 2181 136 757 2574 2542
2461 2607 1693 667 1350 1806 2168 2431 1404 0 127 2192 1589 1689 2702 1339 2837 963 776 2742 665 1445 250 2990 748 1551 2594 1233 1500 333 1793 998 778 584 114 853 2476 1860 2405 498 449 7 1976 1070 165 419 183 180 668 2614 2606 588 793 1652 2067 1706 1702 426 1496 744 159
628 2730 1586 493 210 481 346 1737 1786 1859 0 2634 7 2691 400 1074 949 149 102 2992 1976 1831 835 1700 1712 2814 666 37 2844 2392 1123 2781 685 1925 2877 2041 1649 1110 1832 1899 2314 2626 2835 1300 1601 1660 1892 1203 1102 352 2435 674 1304 1291 1589 2717 1201 1958 2473 1101 2370
1994 1248 1398 2512 1888 999 2768 1921 685 2736 2403 0 813 181 417 959 2761 1525 2175 1364 1031 1691 2464 1264 399 1526 607 1937 1248 565 560 2598 2546 2890 1081 2769 2948 2464 2640 923 206 2749 1772 709 2355 776 602 2979 1742 313 46 1185 1955 1359 2606 2365 2493 795 330 1348 2412
1528 2192 1661 1548 1667 89 1386 2293 1410 192 117 2772 0 2387 593 1429 1262 2929 2127 2965 587 2275 201 1169 2925 2471 641 988 751 1995 191 2186 2954 967 653 207 795 766 1955 469 2284 1258 2879 748 647 1730 759 1855 1703 2267 1277 684 1413 187 1141 90 1904 210 65 920 154
126 579 29 1995 1174 1275 1269 2973 1666 1407 2317 2784 2795 0 28 1806 999 1836 515 1729 2413 2711 2291 100 1147 746 1588 70 2347 492 2535 566 2605 590 2729 1823 966 721 1338 1226 130 266 2348 1480 474 1818 2759 1297 2933 2058 2670 73 2123 1754 2441 2670 1646 1569 2617 1497 2520
2531 1966 2706 2177 1683 1484 1051 2257 990 1156 9 1352 2773 2146 0 1199 2071 517 105 1629 317 1721 95 2184 1296 2867 1329 586 1464 895 805 2573 1231 786 1394 1158 2423 272 2627 703 2690 986 2126 1512 1917 1446 2714 2009 1996 1918 1325 2380 1956 1026 2229 1428 1917 2693 409 813 2391
1218 2179 2151 2401 2390 866 720 2059 256 2422 34 1035 2200 447 1196 0 2102 1083 1842 2405 509 2486 2513 1997 1606 741 2292 1791 584 271 1900 1336 718 1684 2999 1529 1699 1897 2117 1950 2299 2179 589 2656 1467 2912 662 286 1183 1363 927 1524 1024 2077 358 669 2406 2488 2457 2518 2256
786 1205 297 1168 1816 2974 2694 120 1003 2495 1473 1462 1659 2267 1736 1819 0 2201 700 793 1739 761 420 955 1373 1186 2236 1407 1072 1891 1146 2136 699 1250 471 493 617 2384 630 2746 42 731 2594 2393 1699 1899 1971 1481 1681 810 1134 168 2105 2981 1945 2788 1799 2771 2614 2397 2456
29 61 29 1683 2180 510 1071 371 1633 2643 1038 2941 1238 615 1563 1491 2187 0 680 1793 2035 1747 2044 2037 2555 705 1044 1434 1520 2068 2614 1582 1371 1633 770 241 1805 562 508 201 2793 1438 1870 1213 541 970 823 1987 1806 1776 107 1573 313 1274 2437 416 283 2819 96 1814 870
402 963 1833 1076 1483 1616 174 2901 491 2942 2937 2051 427 2283 1867 1820 361 862 0 876 1678 2272 801 2397 2413 1060 2670 987 741 1385 2572 10 843 1736 2204 1019 139 1024 1127 884 899 549 2462 184 2647 1176 498 508 2569 656 1813 589 745 2308 2504 1179 1999 1598 1892 868 2245
2235 45 462 2013 2115 1391 2782 51 1939 2706 2669 2255 21 825 1795 379 2331 1043 241 0 2714 868 997 2636 2560 2064 2006 1698 2486 2669 2203 786 1542 2513 570 1416 1505 977 1965 2486 1785 342 451 105 1125 758 1886 2868 470 1668 1675 287 248 2826 2244 522 1853 2846 130 868 2180
114 247 70 450 1808 841 2175 2533 2617 1905 292 1638 647 872 577 809 2243 1638 1008 30 0 1835 1276 2512 934 1542 2271 2792 2275 2335 313 725 2611 1139 644 566 471 882 1940 1436 2247 1138 741 1516 747 2888 1793 1935 960 2576 1187 2403 1235 2657 63 17 301 1529 905 1911 1180
294 393 998 1143 1797 650 502 2223 2967 372 2945 2827 1236 477 2259 2350 2318 1459 1334 2336 200 0 940 2252 1410 2260 2803 1728 1731 2243 2214 1202 8 2491 955 1580 1552 1462 494 1866 1631 533 1163 945 282 1055 164 1426 533 965 644 59 2738 2830 1255 1497 771 1448 1208 56 1307
2360 1980 898 251 1162 2115 1019 605 2513 1586 459 311 177 243 328 1526 621 349 2837 1262 737 2325 0 562 1173 215 752 2007 1813 948 951 1691 378 2780 1468 116 2724 765 2404 886 172 1933 1833 2491 1370 989 817 2619 8 1877 1844 1188 298 971 2152 1189 1962 557 2762 2737 2935
2502 448 1588 365 1694 2101 478 2043 1810 305 671 1896 2853 190 2075 871 669 1556 491 2481 1208 869 522 0 1008 2465 2123 2814 2840 1247 498 825 304 2410 2952 1416 150 430 2668 202 2062 2859 2115 382 1475 682 2653 2187 1568 2092 1294 882 1262 515 299 331 1609 563 1131 249 2472
1240 842 179 2584 1278 2780 1121 64 2804 2924 1410 2292 749 1964 498 1232 692 2157 2069 1979 2552 1240 1630 903 0 1435 2240 20 1324 2965 1224 1586 2972 446 2666 1259 499 577 2471 1188 2471 699 2438 457 1019 2570 786 1338 767 2766 696 2607 412 80 478 132 2001 934 1634 1234 51
2229 2687 1972 2134 2898 1023 628 1077 2164 2722 2458 2010 119 695 1055 2722 162 254 1150 336 1664 1305 2951 1583 2591 0 43 1930 1397 1194 1040 678 1769 345 621 2780 1955 1820 198 84 2647 1811 2201 2005 507 1649 1756 2636 2843 2913 453 2048 1161 855 1335 1415 272 1038 773 1678 151
2411 2119 666 2903 2673 1651 2480 2974 469 2715 860 2872 1063 328 2887 463 1922 1418 1319 1550 2086 1891 2950 2902 610 777 0 1092 2354 1190 749 575 1625 1792 1048 2360 1677 2565 891 1748 1332 678 2899 2098 281 1819 2622 355 809 446 1588 1582 759 2426 253 421 2615 1972 151 379 677
215 1136 79 428 2043 2634 1134 2099 1285 1119 847 1136 1367 987 1253 1542 2296 2903 1892 2748 292 2628 1142 2998 761 2538 2889 0 1204 2301 2764 2321 455 1277 2548 1056 1703 2393 2950 2625 2755 1226 413 2742 332 1191 484 1276 1652 246 146 1462 933 1964 1970 831 2871 2674 926 664 2941
2718 614 2848 1616 2721 323 1643 1253 1589 441 2734 6 933 653 2914 2022 2520 1076 474 2289 2984 1062 689 856 2902 1352 842 2849 0 1161 1057 2870 442 1976 2286 596 619 1466 557 1780 441 1419 522 2911 686 1452 2869 339 2711 1757 2863 2597 1616 2420 1433 189 2588 2603 1294 2379 939
226 2348 2200 1598 1248 654 1423 778 600 451 1468 1701 556 2263 507 496 460 1778 474 2209 560 168 2000 247 2023 2934 206 2605 899 0 2202 1023 2833 2892 2828 179 2574 1864 19 32 1946 2059 1582 613 1965 1452 2224 1163 379 1866 743 425 872 2996 1896 988 1501 364 631 1926 2827
2413 1355 994 1158 2568 51 1847 1728 1367 1869 2254 1076 1501 2806 618 1327 1594 387 852 2372 2053 933 2513 2562 311 2761 2785 1690 2644 3000 0 2821 1972 147 150 1560 1143 134 987 1727 1975 2988 842 79 857 2581 186 2177 1606 140 2263 929 2837 1713 1760 1454 1101 295 2756 739 364
1858 710 2237 1005 1176 541 1287 859 2440 2612 320 694 1055 1365 2084 1052 2616 2427 2490 1044 1012 1791 1142 1153 1229 845 1739 2887 2711 2757 593 0 1314 2357 57 2035 1080 1123 2715 1459 103 2012 2519 1839 714 2183 347 2130 408 1596 750 934 2014 1528 2061 1823 609 794 1700 2453 1186
417 1934 2864 1989 2984 892 916 1219 444 2952 2703 268 2113 1129 2172 1831 1132 147 2521 2669 1595 2301 2639 317 206 2289 1724 1431 1774 2556 1352 361 0 1960 1768 37 1419 2080 1244 1413 107 226 2064 2246 2390 1995 1439 771 1270 1718 1163 1336 1894 2354 2117 1063 1925 1971 594 2612 1418
1801 1833 1866 2201 874 1504 738 1102 1172 536 234 1075 131 1483 2382 445 1045 1890 1946 2445 2874 2389 2784 89 990 2793 1529 2372 2808 2628 1919 2804 1614 0 1381 2401 1229 2903 2633 1595 62 2413 158 163 2128 1273 1584 842 2948 1164 1599 595 1549 668 1633 980 678 1786 1064 1885 2334
976 1022 615 231 779 1272 2345 2402 1821 1429 1618 2444 628 255 1605 1476 252 2401 2886 903 2277 2716 2516 2921 427 1642 834 2370 1423 2751 2299 440 2403 374 0 782 314 1616 1552 624 2148 1678 1305 163 2892 1424 1014 260 1402 285 2429 2751 953 2669 1086 1403 1137 2094 1989 1319 1629
2651 2228 134 2055 1804 1213 516 1875 1653 1671 98 85 2297 2911 1486 951 952 1443 2304 2074 517 903 1391 1939 2583 525 2783 1643 1893 1528 2348 1619 63 2581 388 0 180 640 912 1986 1390 973 472 406 568 1732 1628 1916 226 2298 1035 2294 1361 564 2681 757 1025 2594 709 631 774
2095 2229 75 1713 1154 2860 2164 1174 385 1677 2548 1366 1820 920 833 2361 387 1866 1385 83 701 1170 751 2444 1476 157 784 1889 2612 2634 1712 627 1742 1896 558 1647 0 2856 431 1095 2225 1203 2840 550 2525 2526 329 1218 1997 963 522 1727 1757 916 2374 2469 876 2381 65 2269 2480
618 938 2035 2684 1635 441 1859 1593 1739 2046 732 2560 2183 155 2099 1804 662 2297 2862 1117 1123 1028 1820 1622 1803 1070 1486 928 2691 1976 183 391 2092 1753 1439 2411 1458 0 1076 659 2218 1366 2439 2646 1572 756 2735 845 1065 32 28 85 260 1392 389 1029 2995 2087 623 1096 1756
1888 2872 2187 2332 107 2941 129 2994 836 1663 1387 2580 2901 2279 1214 1255 2399 2466 1396 2055 1238 620 2226 2199 2741 323 1622 2992 1563 500 637 451 2511 353 2304 2895 943 2846 0 1866 58 255 939 1066 1213 2755 5 2076 2992 905 2658 327 337 1376 1809 2730 2898 2 940 2210 715
2050 2335 1025 52 1701 1084 2163 2575 1479 1578 204 2478 1249 1893 2057 2643 673 2906 477 614 2603 1436 536 1828 2271 577 1499 1804 670 721 2438 2424 508 1807 1864 2018 2981 1293 1701 0 631 72 2100 1511 1255 2568 2342 2311 2310 2667 1404 1068 2280 332 1736 2030 1848 2502 2050 98 2311
408 1747 1649 1016 586 1983 1531 2651 797 674 2767 504 2255 540 838 2276 85 113 1637 577 1018 2564 201 2747 1885 184 2986 1350 171 2685 2961 547 2103 1366 1508 497 2851 1223 573 848 0 1535 1728 2076 473 1513 508 1206 2088 13 1768 2104 218 2949 1269 1308 1592 1403 759 1724 1840
2612 2837 775 2112 2715 474 1615 2124 546 1918 2539 2658 1661 2104 1494 570 1891 742 1538 2239 869 1186 165 2615 735 1524 1251 726 2281 166 377 2576 999 38 2822 744 2108 1863 1347 2812 10 0 834 2454 2506 1540 875 2787 1527 1089 340 1107 132 1421 1180 2713 254 222 541 1075 2408
352 1984 1438 1263 270 2932 1116 1462 2663 1567 400 2802 2412 428 1282 2938 2520 2 2285 618 2997 2412 63 2 321 2591 2978 498 2603 2979 2525 1911 1428 1669 1640 852 126 1631 795 1143 619 2031 0 393 2752 2401 2043 2253 1309 333 2856 2348 1145 2185 480 856 926 2678 27 1787 1695
1204 1225 44 1340 292 15 21 2508 2788 361 795 1277 361 2137 2275 2269 877 1004 2248 246 419 1757 2446 205 1613 391 1720 290 2108 1644 901 436 434 2011 384 110 91 1181 352 2345 1809 1846 1450 0 2708 2664 680 485 958 1687 2598 491 1630 978 2810 475 1111 2172 621 1935 2752
2103 209 937 1538 2840 1650 813 1315 2369 1638 1238 1555 244 207 1699 2885 2032 1991 800 776 1314 605 2613 1247 2617 1316 2371 2943 2127 568 1335 973 1170 318 1440 1680 2038 1455 1757 2517 1389 602 1748 639 0 856 2843 1087 1585 2601 2425 2159 49 179 2120 2921 2016 1484 2761 1738 616
1811 839 1028 851 1111 1513 307 1981 1978 2275 552 1218 1527 2051 1670 2956 2789 32 428 862 1809 2513 1832 940 1588 2545 1084 934 2642 187 2273 679 382 897 2253 932 769 669 1778 1624 2969 362 736 134 1513 0 2991 2854 1002 2701 1581 1746 714 75 1425 2041 2109 1174 2966 528 2285
1681 1057 1180 2651 1174 1005 51 2800 393 2701 491 2689 1091 548 102 2369 1059 801 643 1862 2521 1062 1576 2074 2970 1211 1603 465 2084 113 532 693 137 91 1514 964 2099 1730 1193 1965 1562 1950 127 466 810 2810 0 679 1430 1003 59 1523 2135 1146 2185 2010 2484 28 1598 1947 2233
522 2706 2733 366 476 2779 2942 2638 275 1284 269 2229 2695 2072 2709 2116 2083 434 1007 1695 811 2242 398 1507 1449 15 2053 65 1466 240 1667 1211 1646 253 1916 1555 990 1270 840 675 2576 1690 453 498 676 13 717 0 195 1432 2588 1656 1189 969 2601 1283 293 448 2625 2509 2880
1509 2848 2449 2452 2573 2018 2992 973 2423 1723 2650 273 2702 2165 1673 1342 2566 109 2067 1024 2181 415 46 2212 1302 889 2271 2857 1661 2432 779 2741 722 1626 2900 1529 864 2446 945 2690 705 2737 2775 2034 6 2232 1745 1759 0 1569 216 484 726 2725 2795 2004 1276 1685 1644 1669 1226
2885 634 2184 2278 30 2721 2438 1163 620 1796 1919 800 2793 2581 1799 2271 855 2931 2475 1921 2780 1728 2139 1891 816 117 658 1324 392 83 665 1009 1472 2536 557 2829 923 1778 779 705 2586 2894 330 2761 81 1759 1982 1509 1105 0 896 1652 2014 2763 859 2227 2834 653 2192 2148 2121
1627 459 1087 2657 14 1592 380 1189 885 1637 715 686 2653 1575 2126 38 1377 365 1335 2064 202 1482 2067 433 1746 579 770 609 2600 1196 757 2059 2895 2103 2965 1030 272 37 2972 2070 2014 1154 2833 1308 586 125 2489 1575 2809 951 0 2324 1167 881 1391 2294 918 1252 2843 791 1383
2433 1740 2635 2457 2387 822 2458 1163 101 1738 2361 696 2313 791 1162 2330 947 121 849 1039 181 2534 1624 2109 1306 294 1412 947 2047 1566 2563 1113 1411 2372 907 560 528 1201 2969 151 2404 29 364 1472 2176 2124 1888 2488 221 1420 930 0 2067 967 1168 115 1119 1211 34 2073 1250
2826 607 522 2800 2614 458 404 1622 254 2617 2690 1527 157 1217 414 192 1763 261 1473 1828 1539 1730 1486 2849 1216 1161 2374 717 2903 1263 1688 1710 523 2268 2073 323 1886 682 2006 2483 125 1119 2667 2044 2334 1222 2334 1021 1184 908 2198 1894 0 975 1357 1044 417 1269 2845 2731 2573
586 918 1126 1059 890 1484 2333 920 2227 795 1406 2404 1481 1950 2014 683 2485 704 2722 1307 2308 1539 865 1936 2715 2895 1984 2512 1826 419 856 2239 382 2444 2308 425 53 630 1117 1984 2344 2775 2286 616 43 965 1554 704 308 2574 664 1220 2491 0 1034 1136 1314 2015 2454 2349 2387
2033 8 2214 2799 1947 888 820 2771 2472 1995 1377 156 1221 2529 1703 1209 544 756 2938 459 2907 2453 968 2335 1935 387 809 304 1606 1813 2275 213 1294 1609 2182 2206 2700 608 721 1181 812 2601 87 905 307 1855 685 270 1721 279 1952 2437 1711 1223 0 2675 347 1193 2224 2846 1139
732 427 1647 1723 616 1824 2727 1686 2522 1220 2591 86 2110 2138 120 1712 836 236 2607 2894 2003 2546 1009 2751 2825 1629 1006 1195 1327 2688 401 2510 498 1054 2464 2838 109 2062 2249 1026 2847 269 2844 2859 133 10 1260 2223 769 631 2460 417 344 123 915 0 710 758 809 1085 218
1719 1767 992 1735 2153 2294 823 446 2795 1439 2490 1842 373 2171 725 2545 161 2272 1212 1286 567 496 404 1739 1636 2243 2066 2084 417 1576 1335 416 2809 2737 1545 1528 2295 2635 550 2431 2344 1704 2515 307 1620 1830 2886 132 1134 1806 234 590 2151 2119 747 1285 0 285 960 2107 1858
1138 799 602 1785 2359 81 993 981 2854 933 2355 487 511 2140 680 2036 714 1909 2010 472 827 138 2925 56 2223 427 213 3 2758 230 1558 366 2874 2667 1078 2646 907 921 753 2969 1646 941 880 5 927 1553 216 1578 2097 1509 2015 1081 2697 1258 658 866 2368 0 2785 2475 301
107 2177 1992 2921 456 2016 862 2444 604 2241 694 2092 1358 2302 2088 438 1474 1420 272 2403 231 438 1768 1242 56 1533 189 1359 2932 1215 596 444 2070 1079 631 910 2384 421 607 242 2647 724 1719 2814 61 1396 2062 1843 2017 1676 2019 270 480 2713 262 2109 2510 2253 0 1896 1312
343 124 380 2399 1483 679 1184 2337 462 738 105 2556 11 2472 2389 191 1335 1534 2533 2037 1135 2407 790 456 2549 2171 491 242 839 1906 2202 384 1605 1972 324 2189 512 697 2199 455 465 2812 2322 2324 2974 1121 1726 355 259 2966 421 2597 2671 1810 2953 1192 1520 1334 1453 0 2597
1599 202 1954 2664 1412 330 1606 1645 1678 2198 1445 1508 902 2758 2113 1859 109 826 1647 2272 2590 1089 2060 2523 1368 1578 284 1425 1439 1476 398 829 878 1874 2839 1161 877 585 958 2721 0 1075 1648 1026 1950 83 2157 914 391 2480 515 1119 13 2810 1730 1512 2693 2129 716 867 0
