100
9 30 1 2 0 14 80 34 31 64 14 100 100 42 10 93 95 92 95 0 6 88 4 95 93 6 20 4 6 100 60 5 32 98 78 93 59 100 89 0 0 98 30 98 2 0 3 69 94 97 86 91 74 99 12 100 3 9 67 95 99 10 3 4 97 0 1 6 98 23 99 94 85 1 22 87 91 62 92 15 26 92 88 41 7 98 1 31 2 4 5 98 1 34 13 64 92 17 95 1
73 90 100 96 93 91 15 94 31 39 96 4 2 89 10 2 38 4 1 99 65 5 98 5 20 91 39 96 79 1 60 97 32 16 15 31 28 7 0 95 97 3 30 4 97 92 80 15 3 5 4 1 74 99 12 26 100 86 6 15 3 97 97 96 11 94 96 98 2 93 16 8 20 100 93 9 0 88 3 87 75 8 2 76 95 0 97 31 80 92 5 2 94 31 49 0 92 99 4 98
0 2570 4825 4028 188 4359 7865 6598 2992 837 3872 7050 3396 2017 8376 5286 1532 1039 590 811 1094 5087 2071 1165 9454 4207 2458 7750 1874 3909 717 2508 6689 6043 3159 3169 5637 1260 9266 4893 387 9079 2551 8010 2953 576 6441 6108 8302 4567 3296 2722 8729 29 6254 6147 3960 993 3238 7172 3962 6539 1856 9206 9121 9783 8337 1493 5294 1218 5645 7002 1595 6809 6034 1017 2237 6319 9508 634 6915 2904 2229 5187 1636 8267 4025 2898 1741 3362 8214 7076 9378 9466 4156 1660 2749 1014 8031 9839
4719 0 501 1434 8892 675 6871 9528 7047 1273 4915 2275 8843 7288 5225 6974 4313 2939 4206 1718 999 1105 5363 1877 3769 830 8242 4132 2808 597 8613 4260 9265 3737 215 9346 9745 4699 7637 2497 6545 1661 4107 2307 7188 6896 6597 8507 4133 5432 3009 4784 7464 67 4413 9880 4078 5286 9905 1488 8884 4196 1663 1923 8234 3960 8234 2330 8124 1524 3396 8567 2620 4458 2558 9218 2320 8687 1374 268 1593 441 6670 3112 5445 4113 171 7430 8956 6571 7111 9657 3410 2093 3589 7213 9072 8190 6698 398
2318 3516 0 9071 541 849 3832 1121 5544 4351 9836 5275 8634 144 6433 4657 3980 3466 2260 5896 1152 2071 9266 6516 6067 661 281 8823 6035 7336 6682 1690 5497 5854 8784 9476 9706 1511 6826 3871 2851 4449 4718 909 3460 2576 5592 504 8035 7063 2221 9673 8908 5504 8264 9910 1564 9050 2866 9570 3545 1093 9621 1544 6405 4726 4395 5166 6952 6302 9833 9672 2035 2590 3641 7845 3967 2498 1917 5415 5973 3494 7864 5591 8550 2971 5826 4439 2259 9660 6991 938 6064 8737 1184 2698 1489 5293 5271 2529
8084 844 1404 0 8713 6573 506 1265 2259 718 3787 263 1428 6808 8778 3780 6994 4284 3728 2823 3787 4556 3290 4177 5139 7652 9676 6305 9159 976 8758 3805 9990 2538 8459 9627 4013 7669 9211 7736 1516 4257 8490 3519 5677 7977 9831 8747 9182 4087 1376 9137 1108 3969 1614 4255 5506 821 488 4872 3110 6547 6566 2771 9568 8911 3088 2213 9806 9057 2046 9490 5385 9069 1079 5477 4175 5295 1471 9112 21 3112 2177 9710 6738 8397 3587 1579 7630 9946 3539 2299 2853 9671 4508 2808 9493 3871 3522 9564
1474 6587 7620 1986 0 2065 4887 1857 5931 1471 4731 1740 9702 2286 4838 9563 1131 9036 5857 9540 8654 5385 8064 4775 631 8626 8676 4312 7928 3130 756 7824 7330 5326 4160 2180 4744 2592 2000 1503 4892 5668 1852 7544 1691 1652 1533 5924 1582 7361 1867 561 6665 824 6742 9779 687 8681 2996 7338 3410 9440 9639 9426 599 8579 6213 66 108 6485 6862 5271 2044 6550 4841 7412 3878 1263 6220 2477 1416 2906 9984 6320 3294 5003 1214 2105 6420 9424 8043 4517 3313 3861 8559 171 6156 5758 4556 6229
7512 3585 5003 9352 2060 0 4425 5313 1291 2840 7905 6842 3111 8374 8538 1039 9202 9281 5632 8811 9997 9401 6574 490 500 5199 3811 449 3289 5755 6584 9958 2806 266 2856 8603 621 7255 5354 468 7541 3097 9454 5710 5865 4845 3669 984 9186 2463 1213 6194 2367 7454 3351 3921 1804 4291 2865 8133 8704 1066 2315 3518 4550 6945 3506 8717 8087 8297 3480 3375 5968 3807 3845 4095 2815 5797 9621 9035 9187 1978 4379 7854 190 6783 3602 3744 9047 4863 343 6706 8394 6130 2381 7275 1157 7099 1359 5318
2499 3112 6713 5094 6869 6075 0 2029 2646 5666 8176 3955 1391 6446 9544 6630 9945 2974 3054 4063 1482 9839 9007 895 7041 3765 7240 6104 3775 489 8401 8895 5315 7670 8796 1058 688 7629 5746 4771 5913 8518 4506 1205 6533 5893 124 4731 6933 4147 4710 358 754 6879 7485 7965 6649 4796 2569 4234 5726 3878 4454 6311 7845 7055 3544 6417 6568 1980 8704 4727 6002 6109 6218 7334 2913 5014 2462 3675 3907 1787 781 3583 437 4944 7937 1483 3482 6299 6486 8148 9578 7961 9277 299 3301 9308 5095 7906
9358 8758 6396 9343 5379 4604 8001 0 4095 9675 8773 5317 208 8041 526 543 7091 4244 5281 2808 9825 3879 5328 1984 5163 2228 5442 3267 2262 5952 3548 6283 7781 3252 3407 2051 770 2599 4240 7817 8004 6070 4764 5394 8146 2095 850 5350 4920 842 8003 9618 3010 7589 9051 8383 9734 1425 5473 2781 7900 4744 9167 7664 1467 8010 1247 2606 1048 5387 5173 2080 7160 5592 4348 543 9637 4746 3381 869 4672 951 8095 9167 3175 8894 3619 4678 3790 6979 6628 4396 5432 8834 7425 448 6850 6012 4043 1720
6249 5509 5570 329 286 7657 9701 4954 0 3171 3173 4808 7679 6913 1723 3010 4637 6461 8608 1751 9275 5475 6308 5094 7824 5397 210 8602 1294 601 2134 3041 6618 4634 3242 1576 1355 1893 5772 5427 6385 753 7660 3451 7645 4536 1881 8936 2524 3418 8646 2365 2104 2582 6983 7430 251 5709 3848 9530 7211 3914 1285 5589 8493 4554 6066 3068 2777 7868 1291 6220 4617 276 2339 3899 2505 8145 4920 526 2614 6295 8704 8777 5707 2091 5806 6320 1862 5488 9516 1436 3649 7416 4011 9463 1833 8414 8418 1096
4060 6655 3212 1741 5755 5857 3053 7913 8227 0 2921 7934 219 7563 8266 2061 3127 6781 8945 5450 1471 6195 5311 5795 6818 2439 8530 7276 518 6996 6012 2206 7655 9539 3723 3744 3427 6065 5407 6010 3566 4954 3095 8968 6586 610 1303 6972 5842 4797 8037 4860 3588 2199 7392 4554 8127 8818 5240 2520 9115 2817 3551 106 94 285 867 4639 1299 3431 9980 6957 2078 3654 5856 6294 9571 7290 7772 357 9802 430 9979 2786 5541 4623 8597 9668 7596 4045 4183 7995 8219 4652 6850 4126 2068 7419 7330 9134
1078 5405 9970 5210 1666 2124 1503 8369 1179 7677 0 9649 3143 9485 6219 194 851 3129 3552 4042 9181 19 6917 9971 3017 8859 1091 1123 4585 6028 9098 9658 8 3133 7367 2383 6833 7781 3418 176 5670 3615 7210 8580 4930 5259 682 8258 4164 6309 6857 8808 2245 9684 1590 2047 8675 4788 1786 6093 7568 1923 4996 6012 2234 2404 8126 8078 1696 6022 6212 6725 9934 4310 5670 2104 241 6998 5037 4182 8559 7806 7701 7699 8888 4679 3559 7598 1107 5785 6767 6161 8338 6832 329 7703 1361 5822 5497 3387
1955 6609 5104 8835 2657 2248 9223 1680 7515 1801 2792 0 7586 283 379 5457 1922 3392 8545 671 9156 6281 614 9952 4500 571 8947 9868 1824 7009 4553 5026 1658 9500 4075 1910 2825 5116 5759 6917 1576 5043 1694 4021 6958 44 5893 7011 727 9828 4229 4361 5307 4676 2531 5746 6134 8706 9454 2583 7039 9049 1580 5383 7078 1821 6392 8460 8859 5534 7014 4981 1901 6303 2472 5126 7463 2896 3952 552 8714 2449 5079 4170 2420 7601 554 1257 8585 3330 127 9403 2481 7024 6210 4489 9373 34 2782 8177
8353 5134 2918 9288 5089 3629 1134 3690 441 4736 3932 9040 0 847 741 1803 3584 8027 1175 6612 4794 4209 900 9771 3720 4873 8875 5223 1334 9338 8038 1427 4272 9791 8399 7 7615 2061 9986 8039 212 7 1069 8634 9924 1660 8675 9929 8416 6369 4759 5563 5465 2841 420 5436 2649 3811 2065 6769 1312 9171 8001 6810 7507 4361 1112 9517 7826 3817 7282 1600 2854 3086 8924 91 5957 5651 4012 4082 149 4467 974 52 69 8359 9293 1203 2652 4257 1205 7121 7581 7564 2924 3347 7491 820 1397 5857
8153 684 5375 1303 5734 966 7026 5479 3004 1453 1447 6702 1280 0 367 303 3938 1173 7814 6029 6152 4834 9024 8878 2268 1619 3195 5621 8659 1638 5432 3260 9364 1585 3703 7237 2071 6448 9174 7010 697 3124 5126 9466 5498 2710 4383 7894 5459 4128 5184 815 691 5663 9614 6771 6634 2668 2588 4379 2017 8708 4155 8720 4385 7901 9809 7090 1892 4449 3244 3899 1059 4799 5598 6791 4851 5857 8390 4630 2006 5826 2131 2855 9474 3624 5284 8670 8082 7196 166 597 7065 9735 6720 4945 9201 5793 2055 6035
2797 3428 2836 3704 5043 1025 6602 6593 7583 1842 4059 5090 6835 5566 0 9853 9296 106 1427 2873 6030 8374 6106 3134 5291 8482 3614 3112 8806 624 7575 2265 1275 2990 7508 3108 2564 2230 5927 5411 9895 1207 2453 449 5043 9969 9512 3341 9000 5268 5820 2381 251 4749 6802 7028 3912 9883 1762 7617 5603 3523 3934 8834 3913 3350 171 9332 1312 9000 1637 8961 3637 1828 340 7895 3531 2672 2142 6206 8403 3539 5253 6911 9898 4037 5343 1551 6945 378 1773 2311 457 306 5045 3214 6995 5765 3977 6550
5205 6498 424 1554 2701 9366 2264 4765 3344 199 5078 7115 3821 7283 6697 0 8280 94 5325 6487 7445 1741 9017 9108 1221 1589 9261 9804 8791 916 4280 897 7429 8981 6907 9028 7053 6943 1446 3355 5650 2704 7472 1327 5024 4831 51 6843 218 4885 800 5554 4038 5487 846 6386 5184 3301 4235 2801 2249 8583 5633 1511 1659 2255 44 2390 651 4772 8626 5518 3962 3229 8669 4275 978 1493 8749 8363 9602 5031 9492 8162 8172 8573 6726 9971 3242 8074 5742 8831 911 9005 7215 5575 4473 8552 366 6888
3413 7270 1383 156 7370 4341 2962 7567 9520 5535 8105 2599 9136 2406 5419 9665 0 5096 2880 8151 3151 8964 2351 9123 9249 6777 21 7439 5816 5863 5229 720 1612 2420 9081 9315 6679 4252 5615 5480 5562 4089 9614 2115 7279 7592 102 9068 8126 3877 2066 5985 6395 2667 9309 8601 5994 7568 2849 9769 8250 6401 9264 5760 7130 6301 2722 390 2194 4412 1309 278 2219 3363 4906 8453 1856 9427 3075 5926 2596 2351 8619 9643 1102 9201 269 5862 6605 5031 3683 2987 5507 6711 9209 2865 7422 9445 2177 7303
7158 7071 5422 1530 3622 8855 48 5306 1268 3964 2951 5456 2384 2286 8840 5251 7086 0 127 4591 1218 4450 6879 675 4938 6889 1445 5819 1932 2568 2031 8666 3986 2524 6863 9648 7010 9881 3434 907 123 9904 6900 6714 3848 9441 4361 1955 419 8295 5251 9360 3169 7746 3889 2936 4638 7644 3059 4173 9473 2637 4611 8108 5798 8783 8188 7955 2740 8192 3877 337 5792 7869 2321 7709 2639 3873 7767 3158 405 2830 3464 604 8445 5413 7029 4352 982 4706 3157 6824 5221 8541 3710 4702 7905 3023 1866 1761
4005 9893 504 8012 99 1214 4906 7250 7080 6293 8290 738 4732 3102 6888 3223 3893 384 0 3729 4038 114 6909 4168 9417 2023 1742 9331 8710 1527 1347 5406 847 8722 8965 5089 525 4056 1381 640 5875 871 4910 6091 5130 5765 4951 9495 4053 3871 7912 2391 9674 4211 5626 5701 1744 7557 6910 1077 6287 2275 6685 8276 417 3729 8888 6811 7778 4075 7778 3402 3945 3027 7324 6313 3251 4522 3480 1390 4231 9483 9102 8579 1955 3061 3753 3530 2967 4945 7776 3066 7421 2649 4685 8011 4936 6499 6713 2278
8283 2346 9072 4357 7693 5129 2885 6452 9047 9647 6613 8372 6084 1399 2852 7461 1275 8147 7693 0 1417 178 2099 3724 6611 7811 9247 7619 2055 144 3217 5180 2348 1026 8578 2214 4065 8302 3445 3788 4380 6715 8178 7828 7957 6774 27 7378 9328 6490 2959 2734 9235 8239 6649 4590 520 4070 8427 5676 4030 1813 2519 9790 1530 9689 8174 3226 7783 6448 1291 2696 1013 5352 6041 7583 712 4313 5362 7272 7352 8999 2028 2405 3936 2706 8668 292 3018 1025 6182 2285 901 5735 931 6507 8122 5703 4075 8913
1157 3978 7412 9484 3798 2442 1423 5490 5744 2054 6079 9088 5618 8406 4068 8634 288 7033 7124 401 0 5706 2788 788 8688 9644 6674 8484 3362 9167 9413 5428 3352 3983 4423 8958 1338 8364 1662 3513 8211 9458 364 6871 7496 3419 9489 899 9479 9526 446 35 4201 7408 2564 2104 8199 1392 1148 412 3051 2365 2528 2697 3618 728 5729 5890 3307 5783 7177 7645 2744 1489 9314 4798 8297 6139 1243 7235 2417 8481 539 7571 4039 4285 1890 1655 1348 5796 5451 7476 6887 6945 1389 5252 4450 1388 9362 9121
5150 5092 7647 8782 1834 8101 7812 5678 8382 1023 5398 6100 9618 440 3781 6020 780 1966 7170 7063 2492 0 4283 952 3200 7022 6196 3793 2663 2008 5950 7862 270 3309 3270 9511 3111 7848 1624 1705 7132 2267 6785 2380 6362 6699 1573 2759 461 9748 189 7409 1424 711 13 9190 769 5194 1221 9577 8887 3592 8820 3024 3069 2511 9894 5486 3136 2932 19 3090 5177 721 5259 6988 5031 6716 3602 8990 4194 2194 2887 7892 9280 8249 1003 358 7254 6639 9734 1520 6719 2875 8146 2013 7470 2313 6972 4528
7671 6959 1462 4912 4734 907 8009 772 1461 5893 4141 188 5109 632 4529 9770 4050 1988 1480 6897 3597 2105 0 3035 7944 1405 2022 809 8821 2414 5729 9377 203 4652 6872 6141 6721 5587 6730 901 1602 9040 874 7030 8365 7507 6318 4376 1143 416 1268 7994 4942 2265 3947 7789 1541 2461 352 8519 38 8238 7963 637 4449 5114 8440 6789 3782 8022 2632 1520 8496 7236 1636 807 2796 6354 7340 1281 5348 6573 1082 7294 1708 2324 7328 1517 1552 9372 7738 7745 9912 3738 5751 1183 864 9883 1404 8653
8902 6033 9842 3973 5068 4447 4843 8659 5331 674 6513 8878 4708 1101 5352 5481 5592 7324 4815 5026 3006 9190 7043 0 6197 366 2754 5488 7574 8632 3629 6865 8410 4560 5259 949 4750 4797 4918 1326 2764 2928 6245 9461 3871 2925 1950 3195 9070 3 3582 5493 3421 6500 277 7189 3046 1303 8265 1717 3729 45 9365 5767 5039 8973 7095 2388 2891 1141 6725 4758 8513 6171 2541 9746 1893 3737 3069 6207 5028 9495 587 4812 6841 1848 8085 4197 3947 2786 6392 8411 975 9268 6258 4512 5946 2249 7310 4298
6507 2580 5996 3302 9125 4814 2278 823 2473 2210 1632 9435 8587 4856 4437 7163 2618 9391 5395 5217 6350 3948 7913 3223 0 8381 957 503 688 9675 5827 4103 3034 869 7066 6750 442 7508 5943 4378 6489 7009 1877 3241 8988 7719 4849 7092 6746 6517 2722 8011 6568 304 6499 6706 1531 7743 1690 3071 5387 5781 8469 1494 4105 4020 7706 4651 9285 5518 7921 3297 8998 4068 9999 4336 139 7014 8257 4416 9758 3503 8153 7838 4809 6628 1964 1141 3590 904 6552 8458 6435 1609 6077 9621 3610 9834 5967 3921
8276 2484 5917 6861 348 2917 6379 1148 5102 1157 6656 4957 4380 3278 9591 7288 6391 644 1041 7032 1226 2605 8470 8847 1092 0 6281 8115 3856 3646 6528 593 4418 2483 6543 6781 125 9591 7246 5876 8451 1878 9774 6090 6243 5110 3695 1548 7514 4647 7620 4391 8328 6621 221 9142 1565 7330 4870 3899 6088 2264 3356 8754 7045 2832 9339 8245 9789 3397 1957 3289 265 1117 9494 9822 9316 9120 7133 1196 4339 8914 8601 5900 4215 2626 6437 902 7001 3587 828 8973 6570 4592 9221 7455 5826 2340 8962 799
3410 8733 1094 3644 3991 9583 1131 9625 1572 7359 6934 8151 6635 31 2158 7693 8913 306 4192 3908 4904 8974 4168 8536 776 260 0 7287 8513 9760 7789 8151 192 1270 2382 4968 1889 9309 611 5840 7459 89 6047 4817 6680 6382 6967 86 4132 2379 3441 6191 1946 4435 3356 7839 7081 511 1968 1328 7825 423 3994 7737 5587 8227 7352 540 8624 5685 2452 3781 218 6520 5075 4659 7939 9850 1194 1315 2930 7230 9982 5819 3966 5133 3351 2197 8135 504 193 4600 8312 7651 6617 4559 1466 2099 9911 146
6309 3413 596 6901 8746 7116 3922 9024 8824 4 4916 4688 6314 7869 1330 3950 5375 2504 5774 2385 8261 6687 6366 8670 9359 2247 6527 0 2601 5229 1478 5639 9959 5847 4974 939 6411 4232 5933 2286 3127 5685 7005 3974 9481 156 3923 7781 3342 2114 6802 9876 4281 1226 2524 5798 6526 7202 1160 2760 1397 5100 750 9811 4147 8083 8191 9552 1216 7352 9947 3190 3266 1448 5451 1911 3324 8121 3944 3515 5211 8319 7862 7269 758 9805 4562 1222 2851 1756 5491 5408 373 7554 7481 9398 9823 4674 4107 7806
1600 2963 5817 8313 3365 3762 7182 9429 772 7590 1453 7883 5600 1872 1534 2430 5046 8587 8545 7027 2677 3826 3084 5375 977 4447 8668 902 0 4003 6168 577 5860 5258 2275 1035 1561 3911 6675 9735 3687 3346 9855 9269 691 8016 6268 7555 4249 6450 7842 3586 3863 4266 7423 1609 2195 4094 5311 509 5511 9238 5554 2788 3158 2738 5050 703 1929 5270 872 648 9331 695 8706 6143 2066 5984 2796 7452 2807 3988 3445 4798 2194 1218 1812 4236 8193 2879 1216 8646 2972 4796 7993 5092 586 823 5685 1232
5564 5709 3615 6882 7893 2273 3957 7982 5048 2066 1640 4129 3077 7931 5066 1766 1601 7643 7318 4672 4368 5095 3752 8842 8046 1053 1938 6342 628 0 756 4560 5494 4485 2878 627 3314 1878 7770 1273 4998 8586 7145 1368 6878 8308 8109 864 5575 1195 6706 9680 5398 1942 7528 2530 9097 8935 9035 9393 5782 348 4982 2823 9354 2918 6444 1993 6163 4252 6033 7617 4019 5991 2818 6740 9991 9406 2158 4959 318 9290 4211 7912 5734 1133 5586 3325 3306 3961 117 2051 6190 8096 2394 3818 3727 2613 5485 8374
7294 3713 8620 4106 3932 713 6815 4116 7974 8204 7275 3512 812 1129 2299 6497 4536 5770 3495 5209 7511 8189 9066 1774 3134 9843 2235 2037 2355 733 0 7523 4593 8978 1537 8428 5560 9623 8902 6187 123 1883 862 5262 7504 5919 4560 6751 8990 2518 2220 2173 3533 8243 613 2168 7030 7236 1714 7202 4058 4461 1804 1058 626 7449 3210 9390 8979 9098 3465 4710 1088 8586 2965 2472 2301 516 443 9332 2410 3756 902 7481 1462 3542 125 9058 3796 6132 250 5037 1719 3055 7521 6497 3370 7728 5013 3316
1404 7221 2216 5343 1427 5067 3584 6263 4250 186 8537 561 7169 5706 6589 3360 8925 8919 9265 6385 8216 4220 2520 6822 948 1717 7096 5675 9988 6763 2724 0 7052 9829 6136 9708 5468 5231 410 9460 9502 9305 4021 3590 8137 8145 2866 3191 827 4660 6959 8332 6404 7781 4352 9726 8650 1961 8724 6255 6168 5664 8049 2972 8417 3090 6632 7598 1620 489 1272 5403 2475 5360 2902 1181 1822 2583 673 7447 6055 8120 4152 2534 4732 8358 3015 6443 3354 589 5401 4810 3045 4961 8267 655 7815 8827 5514 7857
6968 9549 6442 4752 2387 1859 2865 5024 9340 6195 4830 2106 4 2644 4809 1919 8139 7245 893 6051 296 1056 3297 50 4967 3621 550 909 8204 9798 5793 3581 0 477 4870 2537 5607 208 3363 3016 5574 151 7745 3961 5115 2898 3217 509 2209 8389 5960 1710 6849 9594 9363 7212 9368 4307 4081 9025 3912 6567 3656 5974 3093 2235 8326 8934 8968 7990 3646 7179 944 1308 5926 2340 2504 6378 9207 3161 6009 2215 9899 2087 4098 9233 9351 2963 8154 9958 2527 8641 1323 2735 7533 4415 5868 3550 9157 7971
9961 7513 4803 4178 3034 5133 9355 4899 6444 7115 1586 5373 5827 469 6587 1188 3643 648 1334 588 3775 573 2439 1477 7264 9403 7386 9157 6189 7775 3994 3622 7781 0 4976 9516 553 1403 995 6406 9807 5487 3132 2774 1764 1200 5892 8792 4116 2156 9362 5128 8537 8772 4890 475 784 155 7630 8827 7887 3790 5871 6951 5404 801 5745 9880 2207 2787 7845 1415 5922 3852 2169 1635 515 8233 722 2843 7503 6706 8663 3899 32 2649 3653 29 9149 7092 8247 846 2127 7236 6780 2605 5707 9061 4500 8590
5240 4738 2842 1977 102 3494 5008 8082 2280 6528 2141 9564 4887 1995 9754 6081 2551 6151 9443 5442 7407 203 6321 7247 8991 348 5752 4712 3445 8768 9177 8209 5155 3874 0 9531 95 5164 4615 6942 3455 2636 9233 4534 8287 6063 7624 8907 5092 4744 7195 862 5653 5148 842 8541 3271 5589 1767 6059 5121 4832 5816 7601 9659 5502 989 1718 4700 3291 3759 9851 2075 1314 7947 427 3274 4972 6728 5969 6360 7189 9245 5899 1562 6901 9594 3826 1161 2340 9784 3364 5996 1359 8070 321 3723 4685 2645 6941
4752 2049 8120 7144 5362 2065 1096 295 7134 7805 5134 395 1116 9809 670 4247 6813 7099 8575 9162 1330 9216 3723 2840 7044 8911 4729 7944 1352 5814 2504 5142 6558 5388 4341 0 7788 5743 4882 4638 9293 3784 4067 7877 8454 673 8618 7010 9663 4403 677 9882 2925 4973 5723 4198 6237 9020 724 6810 8106 977 7976 6823 3677 7333 6589 7344 2469 2186 9224 2851 8773 1856 405 8380 3373 4221 4271 5056 1502 8659 5818 1742 8694 5650 8911 3999 5543 9342 8307 6345 2343 7323 5758 6837 4804 7213 5194 4535
737 5310 6915 8008 9561 3116 9074 9549 1931 8872 5218 676 203 6876 7205 6668 1955 8458 1180 4128 9002 7053 2693 8903 4162 7200 4696 3519 9318 6913 3781 9247 1514 4677 5717 4257 0 7749 6 7633 2892 1643 4781 8685 414 2560 9611 5726 7453 6332 4573 7542 8770 8920 8636 5744 3813 1169 9239 2725 9735 5969 381 3512 4874 1856 9333 7233 6963 8717 1815 3036 4575 4886 3040 9639 2823 7697 7179 8016 4698 9821 8401 3322 2189 7056 9630 3105 5517 6056 7120 7365 6651 9799 3624 5425 1056 4695 7489 3349
9706 1287 6677 190 1677 6026 2215 5164 8285 2532 7469 7704 6672 7915 3841 4434 8699 5611 4135 1906 9436 4574 7878 7428 5665 2751 3458 2778 1968 6424 9516 1623 5420 2604 1650 9943 2200 0 752 9761 6136 6703 7415 9715 5809 9380 8475 5938 1452 9274 4231 9749 8114 7583 5832 6521 2117 5216 2541 1150 2739 8486 4799 6175 9576 5626 8050 446 3081 9248 2377 3936 3237 2698 9107 9676 9990 7905 6257 5411 5502 9422 6788 8576 820 8355 6058 9387 5479 2366 3210 1490 96 253 8215 8551 4486 7831 5017 8260
964 211 2898 1363 917 9022 8174 7614 2992 9786 436 7103 9172 4777 8668 3574 6592 8525 178 8232 2391 467 6010 8069 6323 6467 2857 7407 78 7428 1286 401 9443 6757 3492 235 346 8621 0 1393 9453 8080 154 2649 7504 6601 8970 6016 657 4687 3595 8072 433 4884 1309 559 4524 5731 1356 5155 5269 6337 9178 5248 4107 5382 5919 1153 2042 1976 5600 6994 2330 2544 3346 1441 4750 3655 8744 7285 5351 8336 656 8898 4586 5254 3829 7707 223 3145 5925 5344 911 2168 9273 4338 2473 7600 4603 247
7911 2104 7258 5244 7805 8300 807 5564 899 5129 5043 723 2351 7346 1360 3821 3190 9744 9188 3708 1785 3511 1484 1733 9602 2530 6174 4757 5972 8876 6359 8512 4790 9461 6074 9506 1100 1869 2544 0 5581 5842 2705 8048 1210 6431 2720 3939 27 5400 4338 4001 9729 2562 5218 8047 7204 3052 4088 6974 8500 491 1899 9047 7748 7727 1549 2132 7792 1456 2537 8416 3697 3921 3535 9211 4835 292 7017 3078 9856 8859 3551 1555 2184 5627 2898 4565 9102 660 7606 9805 1246 9832 9054 6139 54 9666 9645 8298
8031 2203 393 1376 3989 9158 867 6317 4374 2660 4428 1555 8605 6780 2383 7909 1653 560 2644 3885 4261 7960 9147 3956 1042 1299 5441 9114 5829 8299 4520 4507 9373 5321 2138 4292 2790 7514 7470 5006 0 1434 8927 5900 6985 15 7879 6914 4119 7658 5034 4150 9060 8954 8342 9096 2032 6527 7350 2889 6414 4767 2440 2297 203 30 6337 1026 8241 9778 7155 447 1705 5 999 5259 3036 1321 7164 8311 5147 2118 6789 8845 1756 1064 199 1425 7858 2566 7666 5730 9524 1428 1682 2955 9093 8439 4711 3893
5555 6997 2361 5948 7132 1909 8783 8743 1002 9434 9223 9550 5961 7086 6488 8130 4605 246 2913 8102 9622 6190 7809 2004 6645 7729 1317 1432 3513 2573 7986 3771 6543 1186 2093 8948 5212 6362 8650 935 6175 0 8807 8536 7101 9254 8826 4580 8253 3429 8195 7063 4010 6625 5090 658 2082 4690 228 8367 3398 1181 6880 1561 8452 8477 3679 4133 6716 2534 7724 267 7923 775 9420 9935 3814 2766 8030 464 4269 4204 845 2748 1976 2954 9520 393 4679 1023 2096 5202 1012 5230 764 8341 8674 9242 3628 8328
7103 9795 8968 9015 7377 5445 7205 1628 9806 6332 8209 6942 9043 8322 4473 9056 8132 996 794 762 213 7032 479 864 6628 8151 9868 7905 2767 1026 7643 3926 3888 5981 1088 4033 7847 4998 9647 8255 7642 4413 0 3542 6965 3476 9262 5069 7389 451 4387 8013 2811 9365 9288 2951 1099 9150 4362 6569 8599 9174 8853 6971 7931 8332 227 6430 7804 637 6703 385 4090 5708 3634 2356 2661 8532 4140 4483 9710 2072 7456 773 2349 2734 4822 1367 5728 5379 5574 1483 6883 5905 3222 4226 7554 3379 6408 7113
1689 1757 8539 1638 4460 9666 7958 2621 5363 4229 8392 6296 9065 5886 2392 9239 493 9160 6173 4118 7280 5620 9706 832 9244 1461 8890 9659 17 3019 5256 3155 2649 5810 8979 3557 6061 8491 1293 5712 4729 8948 3735 0 7606 651 8456 3558 5350 5581 4252 8516 1594 8099 586 2814 1326 1095 6730 5145 1359 8833 2936 3306 7702 5011 6113 4813 4249 9155 877 2359 1757 3741 9293 2473 2389 7376 1539 401 4402 7051 3729 7265 4153 375 6822 8459 7902 551 221 9460 8791 4382 7022 1056 7591 9405 2604 1385
8256 4590 3319 6847 2216 2973 2663 523 8434 1101 5733 1859 9090 8022 6391 2248 1817 620 1062 5057 1090 5699 2482 5655 4124 8789 8258 394 4249 3424 1192 5937 6507 9367 7845 8431 5601 7426 7071 7199 6860 5613 9912 9596 0 3340 4084 9920 7171 7624 6466 7976 8253 3325 2890 6512 8934 951 9967 7843 9921 6982 3804 3991 7259 5233 6658 3721 8310 145 4101 1115 3022 7714 622 9471 5987 3053 6000 6874 9468 5969 398 321 3042 212 1539 4448 4447 1177 3709 7424 4830 6694 4514 3559 9198 8051 3084 4843
2951 1555 1330 9838 5792 1537 1010 7540 8402 4474 4209 5082 5875 7610 1123 2141 9375 827 1966 3062 5882 8891 7337 8692 6745 9479 8027 5508 6100 1843 8311 7961 6406 6199 3374 4063 6657 341 5842 3617 9419 7287 5863 3865 6729 0 7134 3669 7272 9358 4461 8603 3654 3226 7018 5010 2363 9163 6157 942 3078 8744 5822 4749 4716 4563 7889 2788 3012 9005 4921 2885 5792 3628 1108 2386 1461 6018 7487 239 1242 5849 8552 2140 9937 8656 1872 2993 9716 5968 3106 3977 7167 4882 2465 3094 6387 8743 5950 562
221 8032 8597 6496 4193 9093 949 8109 4534 261 2669 2421 4324 5561 7199 7515 7121 8897 8921 2712 1127 2722 8171 5479 6108 3544 9076 3771 1514 3286 2783 8778 1729 82 4029 1493 7436 8803 7779 8755 2508 5023 6197 2280 3435 7973 0 9412 7232 1896 3396 9261 36 7309 4940 3872 6634 2794 3604 4340 5111 3439 7123 8669 5881 7548 4367 6141 9205 5259 2093 2434 2654 826 9685 197 1907 5249 4000 3473 8484 9180 7534 2695 7657 700 7855 9242 856 1733 5030 8405 1659 5393 5881 1037 4526 5662 4351 6621
5121 200 3144 7036 3919 1973 5783 3547 5398 2889 1819 6160 9453 1203 6376 4398 6793 9972 5531 9388 6928 7478 3959 6709 9824 2567 7927 6495 9555 4544 6282 5945 9278 5345 9954 7585 7217 7785 381 383 2238 8593 3101 8181 7080 1795 4169 0 9828 1328 9016 9101 1889 6802 5405 2241 8665 1511 8267 5266 1654 1835 4106 673 4828 4054 6098 506 4481 4545 9910 4726 8391 2493 6233 8319 832 945 6229 2740 2413 6833 6797 5067 4231 2665 9486 8242 3567 1577 2278 1992 9141 4568 2441 6140 9184 2889 7786 7058
6040 2133 851 6843 6057 5870 467 1383 3823 4600 2207 4293 8575 6414 1745 7433 7801 9056 5738 3940 9712 8449 9157 4720 6747 892 2193 4793 5637 7565 9083 7528 265 9830 7351 9554 6394 4321 9285 7633 2574 2844 9828 2595 6264 7188 5779 8727 0 3072 357 287 832 3652 2994 7626 8421 5234 6617 6828 5428 9037 678 2884 7719 2322 3866 9704 4035 4756 7256 8504 6449 8137 8084 4818 1801 6068 8765 5210 258 619 9521 5494 6127 436 4091 2813 156 8610 1407 5717 7705 8245 5652 6712 8162 9802 1924 764
6147 5333 9512 7717 8207 3286 4659 6134 375 6995 5286 9046 9067 9166 8602 4248 6922 6606 6490 1351 7713 707 8701 39 8271 578 8696 1632 2828 6985 259 5577 8702 9100 1808 6320 5815 9620 6967 7545 9816 7963 5624 676 148 6391 7311 3631 1924 0 2805 100 4291 9051 5141 3299 5864 1099 5159 6280 8834 4900 1026 4093 2071 7407 3963 6491 4045 8588 5963 1471 8282 3615 871 4157 2912 6707 4496 7811 9218 1425 5070 3686 3044 3314 430 1169 5935 7241 9903 5619 9107 3910 708 243 4843 4749 173 8428
5530 4846 1828 6394 2666 7071 154 6667 8697 8913 3232 5126 2005 8852 3889 7090 7354 2743 1789 1561 9107 8107 5217 3713 1399 7126 7808 8440 2707 8449 5559 438 9519 5542 4135 4633 1219 1790 7510 2032 5079 9893 8744 3718 8717 7218 4138 1314 1515 2133 0 8675 1793 1546 1364 7530 7711 7715 979 1242 1799 6733 7001 7543 1298 1032 8859 846 2987 1392 2778 1606 5718 8742 1129 693 733 6465 3643 8675 7857 7721 3363 8000 8812 2816 260 948 9043 144 8050 6408 9554 1629 5184 3890 2698 5439 3877 6464
9196 2297 8150 8148 6857 5343 4131 1355 1004 6699 9132 581 5628 2437 7094 9498 5267 2293 4189 4650 3879 179 6137 6596 2231 2457 8200 1241 8047 1468 7387 1051 7052 1468 2573 1523 4065 4065 7845 1706 6229 7435 4544 858 2524 9431 8820 2750 1657 4271 248 0 1681 5891 4185 9820 6779 9746 5594 4167 9040 9345 3906 7761 3237 324 724 7901 7330 3037 8489 8572 4191 356 3303 9528 8292 7641 3253 3752 7518 1839 7361 5435 8724 5705 9562 2048 2829 9734 3160 8798 5216 8649 5323 4522 7067 8617 5621 1001
1434 9237 2481 6652 471 9087 2186 8978 2919 7209 5709 7590 9352 2469 5962 7381 4986 4180 5335 983 6541 9105 7449 7738 5856 7526 3778 9925 3218 6842 2504 3639 8328 5144 5489 6614 5062 3200 3348 9825 1309 1181 8161 4986 2920 1556 144 6647 1128 7475 4108 2101 0 644 8318 9871 3214 3409 9972 9324 3419 1392 2036 3873 8159 6011 3207 747 9866 246 4118 268 6135 8362 6152 4476 8797 9686 7557 3414 9368 8661 2655 7502 7846 2662 7527 9180 4749 4575 2912 2853 9992 9358 2378 636 5186 3809 9028 506
3248 8776 868 4443 5127 8066 7643 7705 1848 5382 5364 1228 7428 107 6765 5164 3699 5378 9713 7120 4976 848 4239 9479 9505 8179 540 1711 5509 5082 3980 2262 2929 373 9374 6924 4168 369 1769 7244 8876 6033 4291 9452 9062 3561 1379 3782 9068 4630 1007 6997 3915 0 6869 6599 2317 2405 5703 1663 5855 9878 9921 6334 4613 673 8603 2208 2600 4832 3219 6971 8457 3575 4111 5877 8806 7216 9017 2355 2014 1312 8726 9413 1378 306 2453 3250 4548 6463 1548 5457 3890 2934 2614 9350 6193 7780 9960 1731
2231 1298 7943 9274 4151 8356 665 5044 7456 232 2383 1238 1456 3768 5477 7319 3388 6397 7989 3891 7531 3139 4841 3211 4673 9268 2055 9920 2000 2076 2781 7579 1858 7914 2456 556 3173 1919 5931 7392 2512 2786 5355 8978 6878 4505 7383 6046 1597 7769 3676 679 2237 6204 0 553 8923 911 3304 9183 4272 9317 3020 4716 841 609 7953 6298 9265 7323 2 6882 462 3277 2370 7133 6315 9726 7334 9053 5195 7396 925 3929 3416 2494 4805 2824 4657 8080 3094 2713 5257 8816 4538 4698 584 147 1729 226
7775 2807 6060 2521 5704 8102 5710 1378 8862 1362 1466 4698 1891 9291 3306 6472 4449 9913 5763 5946 4446 7253 3820 5095 6524 6273 638 507 6657 6101 2401 5625 8407 9233 1327 2679 4145 5313 6743 1198 6332 4563 465 7938 8059 2590 5468 534 6277 4264 1927 1834 4719 7939 5816 0 7944 2676 402 5719 6683 9253 1642 4223 7848 1457 9651 3361 5319 9402 459 2086 5162 4312 8437 2907 3949 74 2880 7493 4170 6423 5016 385 2603 7505 4585 9241 4649 7337 1042 9457 3331 4193 3362 3487 1389 6187 7846 3409
2117 2086 263 158 1079 9475 5245 1348 1497 8735 3038 3925 8947 9893 7018 7857 6548 5783 2073 4275 9426 7843 7719 1932 6724 4057 2599 9179 1733 9285 1270 1485 1059 4431 4325 2365 4807 5786 753 3780 2737 3182 8673 5676 8647 2879 258 2004 3304 6277 8510 8855 6535 3606 7157 6458 0 9612 5928 9556 9821 8975 9054 2653 2924 5691 2209 6998 3176 5298 4799 3312 1683 4480 4526 5552 7437 4637 5964 6790 5630 346 5042 7131 8448 8719 2145 9738 3087 836 8188 2730 8327 2058 8327 9546 8885 5544 3241 4056
1094 8059 8191 5957 3002 7336 5660 8132 7974 731 270 2285 6146 6886 5734 9283 415 1490 8620 7449 3665 960 6316 7330 4562 6278 7055 543 738 5522 8814 4173 8928 6788 2370 2286 4988 6724 7634 4074 7132 615 4635 7711 5309 6481 5124 6006 5438 1761 6001 9679 1432 6735 9814 8915 3381 0 4282 2294 3259 562 4164 4894 5620 6803 6152 7303 906 9837 6409 5000 6609 8481 3870 7034 305 901 7286 6952 5073 3025 7192 9359 1819 2898 834 6784 1792 6278 7032 3088 8942 867 4199 8172 8045 6881 3247 9808
9289 7240 6174 7423 6872 3283 4065 478 4724 1869 554 5030 8328 2308 6419 5168 9885 5844 7031 1544 8702 8242 8419 2008 3706 8448 8198 9041 2047 6392 3290 6894 6188 8403 4961 762 2371 2241 1316 6462 4284 2508 9365 3200 8439 3835 1295 6336 5514 6556 187 3042 781 284 2651 6561 3260 1193 0 3484 9201 3838 3126 1890 3096 6077 326 5463 2462 8847 3459 6489 2343 9545 8779 9744 2766 9136 8208 8005 9383 3552 4680 6706 7747 3210 5290 2128 5192 488 2954 185 916 1263 5227 464 529 9167 2796 8331
5973 6830 4304 8359 7675 8942 5750 3602 656 5108 7253 326 9264 8093 9906 386 4228 1849 1658 2617 1328 2554 1910 8205 9294 3394 5117 2843 4056 8688 9813 8148 356 4311 6045 8355 6584 8186 7320 6035 379 839 6116 8462 5270 1986 4516 5274 9434 9105 3357 4749 9711 800 1650 7739 4434 833 4298 0 2617 7690 8083 7951 1796 4485 9247 7858 7990 8583 7385 5580 7194 6281 7192 7618 3181 4399 4560 2572 4799 3706 5247 9196 8609 194 3984 1953 2147 5785 2627 5475 6615 7955 6003 7180 1692 7173 9139 8524
4149 4024 1553 4784 4648 2473 6645 9924 9391 2160 2027 685 3118 5690 4406 9693 8785 4659 624 4648 8853 3579 3328 611 9227 3242 2803 4960 7209 409 2235 2226 5368 9320 6322 4120 6824 6902 4055 8268 2672 556 3279 1613 7671 4772 5874 3646 9109 121 4638 1523 5776 3092 7657 862 2208 5128 8149 5744 0 9289 9391 5817 4921 3001 9735 1885 391 8952 9855 3823 5024 782 445 1991 9051 6617 879 8081 7591 6846 8844 3074 8534 6216 1746 4587 2126 1273 2748 5771 7350 2597 2628 6502 9476 7644 2459 7169
1295 1176 1351 8058 3373 2445 7409 9439 7260 6411 3680 2117 2317 5614 3338 9939 7729 2707 7010 3603 2243 8972 951 4219 3147 8479 2918 7666 8785 5262 6654 125 986 5567 4467 2110 5880 2252 7744 27 9192 590 3597 4048 126 5267 3708 9076 9234 7414 5164 500 7294 6163 2089 1215 7676 2270 3463 8993 3235 0 2344 5153 6635 7880 3057 3603 9886 7982 5929 109 7089 2269 6137 4453 2079 1964 6717 394 7319 3504 4647 6718 7069 9041 406 1345 494 2664 6441 6140 9836 3933 1279 6249 8784 1536 6383 3593
2417 3421 9962 282 994 628 9396 4169 7350 9672 792 6419 9226 6812 7838 5862 9735 5006 3620 6678 6900 6434 7501 2485 9401 3115 4187 8469 1708 4641 2597 2099 7034 5666 1361 9322 1236 4392 6391 2934 7923 3061 4360 8947 4682 8958 9807 3705 2431 5347 8183 4967 8408 6781 9473 6890 3988 3878 9727 4253 517 5332 0 2646 9435 8787 417 1011 5640 8455 6712 1857 2632 1127 1610 5337 5445 3768 1736 1507 4591 2827 6833 1150 5538 9150 5816 3984 9514 4988 9089 3346 2398 7753 9157 2702 9962 2988 683 2066
8497 8908 5068 7198 8447 969 182 8620 9693 8741 6500 7737 328 1424 5720 8174 1915 1095 7894 7080 3096 6456 3299 4431 9278 617 5820 2158 3936 2768 7704 3418 847 7202 9341 9334 9954 3954 7453 4944 4189 6646 1091 2600 7946 2713 4667 9019 8122 6034 2654 5572 4 160 747 4336 5605 7124 5604 178 1653 6308 8575 0 4483 6167 3119 264 4617 69 2975 305 2444 2248 1741 3219 3691 1868 34 2624 6402 2356 4966 9108 3566 6174 964 6075 8658 6861 1980 2162 8879 3834 4221 1514 2729 1949 7990 3213
8280 6232 1766 6151 4895 8522 8037 2822 7703 6526 2262 5955 4791 6697 1981 2300 7079 3983 8681 3699 8856 4210 7002 220 286 260 3834 4317 4307 6625 8208 9775 109 4267 9875 2037 789 3057 5650 6090 6885 854 9696 4583 3071 5738 1546 1280 9580 4599 5800 233 7821 8454 3422 3736 9524 3828 549 1317 447 8699 5446 9826 0 5509 892 8426 8029 6512 477 6198 227 4768 3568 6338 9413 827 6503 9208 9745 9715 1962 1342 2809 3920 6974 1032 7342 5769 5899 3454 2042 6878 123 9557 1493 9391 9974 3471
5157 721 9824 3133 5659 8763 946 9530 4971 9906 5971 3321 5449 548 249 8680 3821 4288 2280 3424 1427 2567 180 3511 9704 1291 5397 1587 976 9459 8598 6719 4105 3611 2575 5636 2282 935 183 6569 3792 9696 5197 6475 2924 8539 2626 2039 169 7382 5248 4849 9146 9570 2906 2473 1686 9682 5489 6289 6982 7884 336 7986 7272 0 2547 7182 1307 4708 3826 7750 4488 5955 1322 3794 8931 125 3551 2789 7100 1062 4272 3989 8693 2119 9861 4980 6160 7666 7771 4665 5738 6974 5716 7727 5296 8794 5979 8327
3200 9205 996 357 8226 5800 8259 394 2470 1440 210 2250 687 2794 6053 8410 6369 4601 8449 3036 8132 4032 6423 8518 759 6 5724 3876 8203 6419 5757 1586 7270 6999 4952 4812 9454 5028 3101 3775 3888 3092 5465 7076 1744 217 9975 3765 290 7939 8967 4495 2523 8028 3485 1149 9332 9364 6837 1081 2417 5361 4503 9878 64 844 0 4078 2813 6031 194 2893 4716 3770 1371 7355 4659 5371 4708 8969 6960 7070 7470 9233 9246 9699 333 4058 5207 4065 966 2483 4131 1249 7172 8831 3066 7102 327 5733
9999 5061 5679 6093 2313 2950 8566 7149 8381 6283 344 5220 7457 3087 1552 144 6574 4246 5064 5333 8335 5701 5759 1509 3138 1953 2527 672 5886 4161 5387 8339 4758 8414 4605 7652 4786 5415 9710 3514 5712 2371 3805 2250 2192 601 6182 3224 7123 6285 8885 1511 2871 88 5947 6875 2844 9487 1150 9457 1696 3036 165 6068 6506 8090 5551 0 6170 8949 9664 7433 4980 453 1974 2068 3911 7761 6622 2468 8650 3095 7762 6845 2258 1426 7419 2789 8374 6488 3249 5134 183 5821 4460 2848 9490 80 4737 3489
3638 3297 8775 2724 7927 4878 4875 3666 8704 9681 7313 2855 1276 2678 9866 9598 2083 3731 5033 6513 7650 1816 8734 6464 4541 7140 1260 9999 1752 2557 8336 7848 3481 2210 6815 9103 4688 4846 4423 592 7115 3192 3297 1403 6066 4665 3596 4948 7995 8008 9572 7524 1900 9534 8840 3818 680 658 1571 1542 6332 7657 2391 9844 6705 3869 4947 6377 0 2964 4028 4504 6505 9908 5185 7993 149 6373 4722 8786 6791 554 2541 4930 2666 1746 323 219 2380 2651 2919 8363 4726 798 2822 8171 3393 2296 6904 8923
2204 3497 7674 7349 3410 1502 5120 5061 2374 8159 5320 5082 5419 4538 6898 715 9174 799 1235 2851 2603 737 8865 2052 4902 960 145 5676 7328 6840 7233 9237 6303 8688 6810 5965 4403 4481 3298 9914 9899 7063 8957 7641 2301 1771 97 1817 2340 9756 4618 7989 1648 1264 2786 7450 1013 9154 7366 6955 8561 2506 771 711 240 434 223 9092 537 0 6639 2356 3902 5445 8322 1073 7306 1076 2103 1942 278 4633 2165 6000 4053 6852 7528 7581 5870 923 3415 2690 1710 9789 4025 1794 1407 9512 3213 9182
2685 5926 3481 8740 4782 6358 3413 6873 4545 4726 9542 3323 2751 2284 267 3049 6256 4829 148 7328 5136 5116 3212 5545 2757 1904 1230 8145 6253 2787 9251 3069 6807 5890 4012 4134 4313 4959 8790 6943 8651 7495 3436 3243 4738 2041 6719 4463 4499 7226 4449 1308 7756 7311 5934 4278 2105 5463 2007 6548 9656 2852 7654 8229 1827 5502 6366 4986 7994 9740 0 449 9090 11 438 1576 2838 2621 462 2625 4443 4659 1499 9751 2617 3694 6105 3476 2767 9030 2345 3021 3272 8910 9247 9392 3609 514 9889 8277
4854 1919 3854 5313 405 9889 1562 6546 1653 93 8323 762 1872 2265 3494 6242 5403 1334 4537 8487 7914 3457 6747 4162 5060 6946 6907 9288 2762 730 7103 4937 8029 5395 3203 1155 5101 4803 3414 7254 2410 3780 9077 6449 4946 569 7747 2252 4430 4552 7898 4852 7262 4188 2402 1080 3063 2463 2553 1070 7493 7069 1182 5883 6104 1247 3696 5123 2076 1584 9470 0 724 7739 8214 8284 846 7628 499 5704 1462 4279 294 7740 7606 2808 2312 4699 2833 1227 9997 33 385 6522 8283 3835 2840 9349 1505 1615
6337 3394 1014 8725 9446 3639 7122 2080 7531 6203 4647 7253 9413 4195 6268 4984 6567 6878 8002 3487 2742 8732 7109 1345 4732 7791 4017 7987 3466 1804 7875 7372 6501 1388 7113 8752 9884 7083 2718 7721 6385 8560 5911 6297 1682 4648 2155 6619 1590 1386 6330 4670 1022 9265 9224 7971 2685 9144 6979 7300 2968 7731 4622 1435 9463 1584 5262 8849 8106 8872 7552 3877 0 9863 2790 1093 1390 1987 2571 5151 5939 518 7687 1648 924 4574 881 517 6721 792 738 8631 2547 7461 9726 5522 5690 9276 2218 7490
9946 9249 3788 1965 3565 544 1277 9849 4544 5279 1110 6443 3020 1050 3273 9051 7361 244 8118 3671 8146 997 5226 8664 4547 333 3712 7255 6329 2587 7596 333 3242 7111 585 9009 8477 2997 6068 6660 4071 2721 1243 2788 1421 9503 8617 8189 4191 8290 4587 1604 4237 8022 154 8050 2573 1346 631 4261 2712 4131 6880 2289 2021 6043 8760 3315 8180 6856 8697 1084 6 0 5531 4486 8115 5236 1783 8555 8246 6573 1655 118 5025 9778 9972 9317 6965 6997 5676 301 6564 5769 4826 5844 7768 1454 3082 5861
9001 2539 897 4512 1472 2579 3896 3535 7790 6014 2560 3973 9703 80 6673 2976 1048 4869 2150 2086 2575 2171 5548 186 2903 1350 7512 9089 136 1255 2936 6279 5810 5673 2632 15 6416 6617 1315 6170 918 7048 83 5881 9043 5998 1305 8653 8240 3245 1294 5263 6488 1288 4028 2755 5343 3425 6291 5155 4356 3907 365 2307 1358 1441 2699 9900 8472 1287 9807 5350 671 206 0 1084 1036 3772 6288 1284 472 6360 610 7785 1125 6864 3589 6199 7997 160 1450 4232 4308 5171 3127 9520 6274 3708 1917 6551
7297 8385 5314 3644 699 6988 6250 3460 6141 7945 7284 6805 9568 5394 2631 7487 9119 2088 125 9163 8741 6243 7120 7833 5555 9457 7907 1548 3938 5411 5901 9097 3695 5260 6018 3841 7023 2669 6633 1894 3232 8761 9044 5627 2265 1582 8353 5216 6328 1013 3252 3206 6976 2781 2172 6594 9936 3434 5557 4995 6014 6056 2295 9122 5552 7204 1231 9480 8765 787 6507 7851 1764 2534 2763 0 9171 671 5845 7480 4211 8260 2251 9119 420 3730 555 5754 2740 2313 954 3841 1867 1420 1954 8625 4416 874 1646 4512
1279 2830 3956 7170 5739 9356 431 7732 6457 9669 7999 9088 9031 3445 6960 5059 5255 6219 1923 1087 7814 8515 2914 5062 2886 9191 206 8428 7928 8474 3982 3363 1521 7463 9063 5229 5362 6695 9383 4048 9843 3860 7623 3968 7754 4034 5841 3225 8516 7622 373 9424 2859 4118 8596 3005 2026 5538 5131 5185 2015 6873 7385 7096 557 4252 3861 5571 4527 5256 5478 2694 545 1180 3598 1683 0 1996 9435 4809 4659 6928 9082 4958 6581 1343 6721 7108 1447 8599 5659 9944 893 4144 8169 9713 456 8841 7719 9874
3407 2837 5962 6288 2036 6830 1143 950 250 8409 2635 1288 4512 5843 3031 1169 577 8415 1705 2741 5593 6204 8364 5890 8624 5588 9848 3411 2675 3654 8176 9648 8099 806 5300 7818 8990 714 483 140 4549 7746 809 9596 7843 2913 5964 5770 9236 947 1024 9167 7011 43 5398 9845 6462 1597 4703 6282 6810 5669 5972 7212 391 6982 3819 1468 2568 3623 1965 6633 9245 2750 9164 3788 2007 0 7479 2555 2539 3142 7873 7827 6465 1380 350 155 9442 4197 7418 5834 4180 5179 1549 5210 9143 3125 142 7906
6028 6831 3626 6836 7970 7036 4460 1309 5350 3220 7284 9064 7982 9363 7899 3654 5363 1646 3951 9756 3869 5185 198 3972 8390 4176 4247 5338 8909 4941 9943 2597 9276 4285 6474 6737 6037 6248 6490 9814 4133 8185 2358 3413 8291 5434 5690 2979 8836 9578 7893 839 8723 7552 9511 6175 1629 8669 3842 2172 8707 6083 8488 5750 1413 999 904 6889 12 1025 1413 9169 8238 8006 6662 1366 4700 3092 0 2985 7506 2540 6206 318 9726 9746 1350 208 2339 8387 3530 280 7561 1573 2561 3118 5111 4780 504 7581
7969 5676 8584 8030 6359 4045 4566 5557 6320 739 3412 2714 6126 4655 6877 6387 2847 2904 6472 3261 5982 1849 8846 5084 4975 5036 314 6325 920 5664 4012 7344 8154 4294 4307 8407 6283 8717 5744 2322 8692 7217 9803 402 2104 7509 1433 5875 1744 7401 918 7942 735 8414 7156 5201 1655 3332 7688 5569 3063 8810 7651 874 9226 5178 9464 2304 9066 4699 881 2246 9773 5731 7724 3660 7292 674 4248 0 909 8363 2674 8358 9862 9845 5435 4819 6407 8647 9409 7278 7869 2330 9876 1951 3883 3699 4998 1766
1714 6911 5178 4361 6108 9013 4890 1271 6801 5110 7477 4745 6184 2516 4247 6931 8869 55 797 6156 4017 6760 1940 2046 2861 3397 7367 8967 3502 9740 6416 9110 5140 2075 8380 5949 8997 7341 608 5441 4271 811 4244 7155 6327 3738 90 5282 9279 5859 5181 5179 1229 7113 8916 3036 4168 4837 5245 4785 8827 8029 2407 3672 1221 7241 2871 76 696 2312 9407 7907 9223 6813 3792 4472 1453 9379 3507 4455 0 2646 3834 2998 1938 7300 5531 5011 5465 3326 9767 8673 1681 4405 4715 1904 6343 68 1507 3527
4122 6164 7527 7284 7549 8893 1250 8382 4243 7291 8434 7704 1112 420 4305 4461 8944 9111 8152 8290 9793 2673 8217 5568 5178 3565 4890 2808 7226 1089 7339 2063 5366 629 6656 7604 2592 6225 2565 4160 9630 3683 9760 2416 5358 9236 1310 5419 3627 547 6902 4857 5293 1946 4818 1932 4309 3783 5712 7774 4762 8392 7550 9249 9828 9395 8816 7012 3951 5531 3519 3294 7298 6900 3788 858 6885 6074 9499 9375 8339 0 2222 672 4408 8770 4637 6502 1399 8961 994 3997 4787 1921 6539 920 1037 130 7674 2215
5454 5609 2982 7120 7372 5188 789 3517 1510 374 453 760 4855 7571 2568 8625 377 7843 9879 6912 6261 7870 9179 961 8783 6151 5326 203 2467 2267 3935 6868 9066 9179 475 8539 4544 2829 1058 5848 3660 2975 4730 5619 8950 7211 9872 2900 895 9960 3071 4302 2176 7915 8330 7389 4513 8238 9735 9079 5420 1106 6718 2169 8354 8569 551 6200 3417 2230 4691 8485 4675 2101 9197 9661 1530 4264 9327 6202 1144 3101 0 2311 8601 6715 9853 3943 5823 5936 9844 9745 8400 6845 563 4618 8508 5351 9487 5923
1426 9189 240 9294 6023 1967 598 7702 13 4459 6817 3567 4154 7535 569 631 5172 2720 3116 3975 2582 6850 2338 5922 5228 4382 8260 1084 2675 8549 8620 6457 1249 2334 7009 6871 199 6598 7604 5354 1737 6287 5435 3433 1368 4849 6605 4417 5005 5301 2043 9825 3659 52 8610 1127 3948 5665 9091 8565 7876 6953 8758 3180 5637 3525 3869 5936 5202 2427 8810 3645 2311 4582 5725 33 7309 835 5049 3425 8997 4519 4746 0 1320 3215 2559 6989 3314 6047 8975 4540 1130 720 7222 134 3489 573 3702 2238
920 3170 9511 2802 1863 9487 4331 8534 3707 3060 4527 1886 2006 6210 1796 767 6863 2464 9637 9515 969 6583 172 3844 2586 3028 9706 1003 6564 5988 1791 4969 5212 4851 6689 1998 9045 4527 54 6944 7180 5841 9957 6316 5448 7093 9363 1935 6001 8834 9141 6380 1516 7359 8987 4971 7779 4181 858 364 3684 1810 599 9640 5309 277 3724 4232 4698 9332 133 5651 9880 4875 7166 3767 3903 6372 8470 1850 8735 548 3309 9597 0 1880 4198 3698 4221 2875 7558 4408 720 4584 3226 1552 3950 4317 524 2941
5453 1323 899 2894 5001 6668 9795 185 944 136 8391 1341 8468 2065 3934 6889 1209 4403 8830 3605 2876 6396 6697 422 8826 1429 1432 7417 1962 7237 5591 4145 1027 937 2367 6547 8619 6391 7178 6405 8339 4790 9386 8733 1978 372 3923 7184 8518 624 4335 4125 7839 1883 100 103 7313 4787 1014 44 4211 3873 3453 7877 2304 3073 2889 8210 9007 2501 9561 86 1924 3813 3708 8535 4427 9805 9836 2325 7243 7571 3584 4807 5840 0 6401 6013 2072 5503 6099 4859 2849 9037 2179 8491 8479 1881 6673 8508
3594 8036 5252 8218 4110 9707 3430 9613 3965 8014 7605 4098 1043 4428 6140 2036 9044 1651 4608 9234 6710 4353 1169 8734 7055 2392 1698 2352 2064 6018 4413 9731 5889 7995 5721 6033 519 9414 3590 4856 4754 4697 853 289 5212 2383 7280 7991 4644 7783 9396 4428 5886 3420 5254 4420 4138 6860 3824 793 7130 5328 7561 7328 3717 7168 5944 6423 6017 8273 2606 7339 6437 5342 9262 3181 1683 6591 1294 3752 6270 5781 5193 2090 1148 6151 0 784 4858 3239 1193 1783 2032 5533 9449 4882 1319 380 4055 2035
3098 2031 6935 7941 6106 7759 3995 9724 4623 8918 6974 6026 8665 9923 4459 4693 681 5302 4972 8415 4931 8831 5462 6649 5805 5745 7819 6685 4075 7443 232 7149 1830 4531 6592 1921 506 6581 8791 2082 8034 5159 9115 4239 3884 707 8282 2767 8984 6667 3764 3454 2278 9319 7328 9232 5302 1332 2992 1211 4982 1494 6074 8503 4208 4199 9416 1655 3813 8343 9309 618 7287 2570 2329 6751 1504 265 8519 7592 450 4090 9299 4194 1565 6946 32 0 5049 3143 8969 4695 5964 3693 3770 3875 5782 7238 1852 2490
239 4187 4765 6731 3039 2933 4197 8408 5285 7749 5446 8073 5615 3947 9329 3641 7225 3037 3428 6796 4136 3246 5851 4615 6489 6469 3833 3956 3978 6598 5706 3303 8061 9386 9863 8806 1647 1521 7388 4154 4452 2485 1490 7969 1662 3797 5803 7593 4919 9458 5265 9973 8324 3115 3297 9992 8527 8283 6298 8428 2577 432 2962 1962 837 8642 5080 9533 4962 7333 9821 4388 1857 8583 8906 9785 7288 5886 8547 999 685 4482 2404 9725 6067 9818 2868 4795 0 8386 7374 8878 8061 9544 6094 5615 9190 5205 2721 7342
5339 540 8392 1769 9531 772 8948 7870 5360 7093 5014 1103 8615 9933 3536 9387 5679 3944 3169 7597 472 868 7691 5464 4723 8349 7606 2165 2001 8364 5847 5794 6242 7362 228 1875 4633 256 522 2646 6651 8512 3249 1342 4782 5556 937 8785 7732 6605 4574 410 5860 2089 2085 3853 5655 5886 7487 1190 2388 6343 7088 9042 8017 1873 9130 5021 3795 9232 9461 337 722 7489 5304 7933 7032 3342 1591 7094 2083 8961 5489 992 6516 4739 4121 750 2678 0 4172 3048 1072 3957 4615 158 1230 1987 1999 8371
5524 4991 2003 2450 8240 68 6147 8748 9813 1126 8666 9122 7063 3850 8202 3520 2935 7621 7944 4287 7796 8000 1426 3791 7850 1538 3715 8731 698 8723 2968 5753 5208 7056 1316 5715 6494 9699 9352 9963 243 7923 1068 7968 5233 9384 4642 7539 6021 3479 8679 8723 1703 1631 1493 1242 8447 3970 7867 5695 370 9445 3228 8441 8800 4930 7596 1529 6661 4636 6061 467 864 1025 1358 9612 9429 7573 5657 1599 4974 1293 7877 389 2468 8698 5938 3839 256 764 0 7964 9125 9310 8701 9800 9974 4429 6756 8349
9855 8588 6878 8308 6893 8446 6480 9204 2841 6685 4544 9691 819 9524 3871 2638 3546 5523 5478 5835 9169 1548 2174 8294 8815 8746 6147 7370 1432 1475 2179 6442 4867 1272 3011 5331 3318 3638 4215 6285 1684 7874 513 1689 5043 1402 1444 6507 8363 2595 4011 4391 1898 194 9321 8618 573 3391 9397 1126 637 3018 4423 3126 6230 9864 9934 1891 1263 4630 4747 5230 1455 7893 7598 4897 574 4826 9688 1884 1862 1119 34 6673 7333 5030 1889 3518 7640 6242 6677 0 6369 2747 9475 1759 387 4883 5014 1363
6374 5999 6478 2128 1463 7919 5419 1817 506 7551 7988 6402 3565 6508 9145 4866 2507 9319 9586 5708 4532 1945 6803 3296 2182 1179 5278 5551 1172 4087 4124 8295 2809 5635 6600 5730 5776 9913 8589 9997 5225 9835 7741 9313 9042 3879 6441 4412 1948 5700 2297 3557 6427 9749 5560 3619 2875 5369 8514 9331 5733 7815 4491 3436 8113 9235 9716 6794 7860 6478 2727 5366 1550 4831 8107 5221 8880 7798 9178 1579 5724 8377 2062 5960 1398 1786 4685 1206 3414 8119 6052 8097 0 1459 6734 9254 4596 8245 7265 6916
8092 3414 6690 7651 6579 5537 3264 3660 4044 387 8319 3187 3232 6180 8031 1604 9053 2090 384 9186 7160 3218 5335 1378 9190 8098 6646 2945 1908 7731 4239 2398 5822 2859 2627 6828 5005 8396 1555 6366 7324 4036 676 9712 1469 8517 3960 930 6836 7971 3539 5335 6576 4874 8731 7353 6845 9348 6004 3519 9500 3058 7013 1379 5346 5885 553 3973 1005 5876 7198 471 1525 8933 630 4026 6275 9119 6966 8570 4650 1332 6795 4887 1147 6481 4422 1950 1733 1262 5721 963 4995 0 9010 3334 6186 2544 4017 6035
3304 3791 4911 2742 4041 1717 1067 9195 5569 6675 4776 6861 7119 7213 2699 3804 6864 9552 5511 1006 9431 8984 3439 2192 8919 264 4474 4369 4674 1436 3832 7901 4936 9981 2025 7445 1781 7254 9750 9785 265 5067 1328 7531 2195 4861 3338 2025 3260 1086 9988 8406 4600 4009 6569 5612 1342 6933 5350 1846 5881 2162 2088 6087 9630 1978 3303 1120 4589 4624 2285 4002 1763 6728 8305 3530 9483 1210 5802 1785 4609 8116 3290 143 2302 9365 4731 7673 6631 5965 3620 5182 3769 8745 0 5051 3454 3097 3734 9268
5797 4594 8204 5269 1346 7677 4079 1006 6755 5575 8734 609 7609 4344 3393 3071 8158 489 6407 7674 8930 4076 1471 5635 9328 1061 4112 5277 6053 8406 4541 2724 2104 6696 6719 4700 9973 9581 4043 7259 3398 1609 5313 4377 4027 7258 6601 1326 7858 4920 1227 6926 2541 2315 2089 358 3579 7821 8694 6318 8115 7274 5747 122 5298 9430 1264 8080 4061 8913 842 890 5531 1207 4468 9185 2103 1329 5894 7142 9632 5817 1012 6321 9935 2756 2815 209 6688 460 8870 6312 5761 9452 567 0 1376 2776 9397 9521
2668 2372 8859 3085 5548 5496 4470 2142 7477 5179 1387 5748 6294 7084 4967 9291 8742 8641 6617 3606 8629 5041 4865 1759 3926 1494 8198 9162 3390 3391 9926 330 6862 9354 45 7834 9397 1445 181 3827 8643 3116 6213 7595 5220 7335 3573 8953 2223 94 7611 4558 2893 2046 9286 4363 6792 6631 3144 359 2442 93 6624 1028 8097 1347 1665 957 9280 8590 5866 853 3929 8215 969 3874 4303 8107 4600 7125 9781 472 3091 5801 514 7360 4733 2090 7035 9942 2389 2266 7240 9837 1121 595 0 3728 1871 8944
2048 9693 3797 2997 4681 4698 7100 2297 4153 5661 3771 5319 1983 9972 5446 8551 3849 1912 5898 7314 4978 5811 6934 2918 3171 2512 4894 5795 3495 6170 6394 8418 510 4029 1013 8359 457 7593 6098 9316 432 8266 969 9783 8025 3343 3494 7450 7626 7754 9426 325 4097 619 7084 1091 8046 6070 58 2652 3026 5116 2522 7719 4926 3625 7903 5235 3700 4931 5922 4179 954 7225 1527 3759 1193 2166 3824 5340 577 3452 8403 3093 6532 8647 4189 4118 5420 3556 5162 7391 2048 1844 57 1461 2219 0 8069 3034
1859 3100 2041 4139 1551 2713 3094 822 1074 8363 8065 8815 5138 4265 5574 8837 4144 8045 8916 4325 3730 2105 5961 9311 5911 6558 1159 134 2358 9625 9085 7546 6340 4963 9593 4918 9325 1095 1135 1257 8932 1849 7242 4606 4687 6310 1300 2216 2234 4193 1263 3785 1718 8715 418 4310 7517 3247 8179 84 5245 603 2972 3454 557 4087 352 2053 7926 607 9549 7298 7875 7583 1434 4324 2294 8134 7289 6673 2637 466 6468 2916 248 9581 8568 2966 1002 5309 8325 6540 4094 7248 6428 6393 2597 4300 0 6711
3051 3390 8606 7096 9014 6346 1645 5287 5041 8509 4431 5115 7214 4538 5722 7782 798 2171 337 2084 3583 5392 5302 7426 835 8964 2147 8020 1184 1260 1469 1349 8403 2256 9870 5238 612 9577 7521 2240 9458 8707 3522 1179 7034 2733 5836 209 8505 7131 17 8902 7848 2336 7549 938 1688 5016 8745 6969 702 5937 1431 6257 6818 9512 9404 2469 2931 9668 3361 3761 4123 2966 4463 8567 8793 4553 1299 3450 5977 9007 82 7876 860 819 7858 9716 6875 5465 1753 3300 322 9830 2819 5835 9037 8326 2590 0
